91d
0 0
0 0
0 0
0 0
KR Market
KR Bond(%,bp) YTM 1D 1W 1M
CD91D 3.500 0.0 -1.0 -10.0
3.136 -1.2 -6.8 -18.0
 1.300 3.138
3.060 0.0 -3.8 -19.7
 3.220 3.248 AAA
3.000 0.6 -4.5 -20.7
 3.520 3.278 AAA
3.020 1.1 -5.4 -21.5
 3.275 3.200 AAA
3.057 0.2 -7.5 -25.0
 3.290 3.187 AAA
3.037 0.2 -5.0 -22.8
 3.220 3.248 AAA
KR Credit(%,bp) YTM 1D 1W 1M
 3.416 3.451 AA-
3.518 1.0 -1.2 -19.2
 2.500 3.196
3.457 0.5 -3.5 -21.0
 2.50 3.368 AAA
7.059 0.4 -8.2 -27.5
 3.185 3.346 AAA
KTB Futures(tick)
 1D 1W
KTBF 3Y -3 4
 (십억계약,%,년)
LKTBF 10Y -4 59
KR Stock(%) Index 1D 1W 1M
KOSPI 1.19 0.43 -1.20
KOSDAQ -0.08 -1.36 -5.19
FX Market(%) Price 1D 1W 1M
1376.5 -0.64 -0.53 -0.20
909.16 1.59 2.06 5.76
1D(bp) 1D(bp) 1D(bp)
1Y 3.255 1.75 1Y 3.11 -1
 11.9 2.95
2Y 3.070 1.50 2Y 2.865 -1.5
 1.0 1.50
3Y 2.980 1.00 3Y 2.795 -1.5
 -2.0 0.40
5Y 2.933 0.75 5Y 2.8 -1.5
 -8.7 -0.35
10Y 2.965 0.50 10Y 2.71 -1.5
 -9.2 0.30
US Bond Market
US Bond(%,bp) YTM 1D 1W 1M
UST2Y 4.34 -2.9 -9.2 -42.8
UST5Y 4 -3.5 -17.5 -43
UST10Y 4.099 -4.2 -18.8 -36.7
UST30Y 4.353 -4.3 -19.1 -27.4
KR Credit Market
 (계약수)
Bond Yield(%, bp) Yield 1D 1W 1M 3M 1Y
3.296 -0.4 -4.0 -18.3 -33.1 -50.8
3.193 0.6 -2.1 -19.8 -48.5 -82.1
3.200 1.3 -3.7 -20.0 -50.2 -85.4
3.304 0.0 -2.8 -17.6 -38.2 -53.6 Fund Flow (십억원)
3.254 0.6 -4.1 -20.2 -52.9 -89.7 YTD
3.276 0.9 -4.9 -21.4 -63.2 -97.7 35679.6
3.443 0.0 -4.0 -16.3 -34.0 -68.9 29904.9
3.424 1.0 -1.7 -19.1 -48.9 -103.2 14094
3.577 1.0 -5.5 -23.5 -62.9 -106.1 28665.1
3.495 0.0 -4.0 -16.6 -36.1 -82.2 -989
3.518 1.0 -1.2 -19.2 -53.1 -118.3 *는 T-2일 기준, 펀드는 설정액 및 ETF 제외 기준
3.700 1.0 -6.0 -24.3 -66.9 -114 **는 T-4일 기준
4.438 -0.5 -5.0 -16.6 -38.4 -64.8
4.579 0.5 -3.5 -21.8 -59.0 -93.1
 (십억원)
4.873 1.0 -5.5 -22.2 -61.7 -90.3
5.160 -0.5 -5.0 -16.6 -37.4 -62.3
 A0 88
5.372 0.5 -3.5 -21.8 -57.2 -89.1
 80
5.557 1.0 -5.5 -22.2 -61.2 -89.3
 AA- 70
5.727 -0.5 -5.0 -16.6 -37.9 -63.3
 AAA 60
6.002 0.5 -3.5 -21.3 -56.7 -86.6
 AA- 60
6.198 1.0 -5.5 -22.2 -61.2 -88.5
 AA+ 50
3.369 -1.3 -6.7 -18.3 -33.0 -61.6
 40
3.336 0.3 -4.1 -20.5 -48.9 -85.6
 30
3.351 0.5 -5.2 -19.7 -56.5 -99.8
 AAA 30
3.388 -1.2 -6.9 -18.1 -32.8 -69.3
 AA- 25
3.379 0.5 -3.5 -20.5 -48.6 -95.9
 20
3.418 1.0 -4.6 -21.9 -62.0 -109.4
 20
3.409 -1.2 -7.0 -18.1 -33.9 -71.2
 AA+ 20
3.414 0.4 -3.6 -21.1 -49.6 -96.1
 AA0 20
3.482 0.9 -4.7 -22.0 -62.4 -109.1
 AA0 20
3.438 -1.2 -6.8 -17.7 -34.4 -72.1
 14
3.457 0.5 -3.5 -21.0 -51.1 -98.2
 AA- 13
3.586 1.0 -4.7 -22.2 -62.8 -109.7
 10-55861311
1343
-4602
IRS(%) CRS(%) Spread(bp)
1318
-5125-244
-296957
6369
1500
9761500
15257
2500
2000
2000
2000
641
6000.000
5000
0
0
0
0
3.350
0.000
0.000
0.000
0
0
0
0
0
0
11355.3
117961.7 -298.2 -1257.4 317.81M
206737.1 -221.7 1820.8 7201.1
1D 1W
166488.1 191.2 925.2
2026-07-06 - 7.28-11186.3
69586.4 -126.2 137.2 -17321645257.9 -5926.5 -11191.3
- 3.19
2026-01-16 3.564 3.572029-06-11 - 4.37
2027-07-30 - 3.42
- 3.99
2027-07-30 - 3.082025-02-20 3.337 3.42
2029-12-20 - 5.8
- 4.01
2025-01-27 3.343 3.414.66 4.83
2025-04-11 - 4.98
4.161 4.242024-12-20 3.726 3.37
1954-07-17 4.777 4.752025-02-07 3.39 3.43
2027-01-18 3.313 3.34▪
▪
▪
2770.69
803.15105.69
116.59
2024-11-082028-06-202031-06-102029-07-31
MMF*
0
0
1 Aug. 2024
24-10-03 3.46 368 0.2            
 25-03-10 3.15 -100 0.6          
26-03-10 3.08 110 1.6            
 29-06-10 3.04 -100 4.9          
28-09-10 3.04 80 4.1            
 25-02-10 3.43 -50 0.5          
26-02-13 3.18 50 1.5            
 34-07-18 3.17 -20 10.0       
27-07-31 3.22 50 3.0            
 25-01-25 3.44 -20 0.5          
658 1.2            -290 2.7          
25-03-10 3.16 100 0.6            
 34-06-10 3.06 -48 9.9          
29-07-31 3.29 100 5.0            
 29-03-10 3.02 -25 4.6          
33-12-10 3.08 70 9.4            
 27-12-10 3.02 -20 3.4          
27-07-31 3.22 60 3.0            
 26-12-10 3.04 -12 2.4          
26-07-31 3.28 50 2.0            
 30-12-10 3.08 -10 6.4          
380 3.9            -114 6.5          
25-07-31 3.52 130 1.0            
 54-03-10 2.95 -39 29.6       
24-10-03 3.46 80 0.2            
 34-06-10 3.06 -37 9.9          
27-06-10 3.00 40 2.9            
 33-12-10 3.08 -31 9.4          
25-07-30 3.56 40 1.0            
 24-10-10 3.49 -30 0.2          
26-12-10 3.04 32 2.4            
 26-11-09 3.17 -20 2.3          
322 1.2            -158 11.9       
26-03-10 3.07 101 1.6            
 25-06-10 3.16 -250 0.9          
25-12-10 3.09 99 1.4            
 25-03-10 3.18 -100 0.6          
28-12-10 3.05 90 4.4            
 29-06-10 3.04 -90.0 4.9          
34-06-10 3.06 84 9.9            
 31-06-10 3.06 -84.8 6.9          
54-03-10 2.94 75 29.6          
 27-03-10 3.04 -57.0 2.6          
448 8.3            -582 2.5          
