30y
0 0
0 0
0 0
0 0
KR Market
KR Bond(%,bp) YTM 1D 1W 1M
CD91D 3.600 0.0 0.0 -1.0
3.316 -0.8 -2.9 -7.5
 3.470 3.450
3.257 1.2 0.2 -19.6
 -3.391 AAA
3.207 3.0 1.5 -24.5
 3.660 3.480 AAA
3.235 4.0 2.3 -26.7
 3.544 3.566 AA+
3.307 4.7 4.5 -27.3
 3.544 3.566 AA+
3.265 2.2 2.5 -24.0
 3.545 3.573 AA+
KR Credit(%,bp) YTM 1D 1W 1M
 3.546 3.573 AA+
3.710 3.0 0.7 -28.4
 3.579 3.621 AA+
3.667 3.2 1.0 -20.7
 3.42 3.541 AAA
7.334 3.0 0.2 -25.4
 3.440 3.548 AAA
KTB Futures(tick)
 1D 1W
KTBF 3Y -9 -5
 (십억계약,%,년)
LKTBF 10Y -46 -42
KR Stock(%) Index 1D 1W 1M
KOSPI 0.23 1.43 6.36
KOSDAQ 0.80 0.67 0.85
FX Market(%) Price 1D 1W 1M
1379.3 0.19 -0.70 -0.38
859.65 0.45 -1.11 -2.37
1D(bp) 1D(bp) 1D(bp)
1Y 3.420 1.25 1Y 3.32 1
 10.4 2.05
2Y 3.285 2.75 2Y 3.095 2
 2.8 1.55
3Y 3.225 3.50 3Y 3.07 2
 1.8 0.50
5Y 3.185 4.00 5Y 3.045 2
 -5.0 0.00
10Y 3.195 4.50 10Y 2.965 2
 -11.2 -0.20
US Bond Market
US Bond(%,bp) YTM 1D 1W 1M
UST2Y 4.768 0.4 3.4 -11.5
UST5Y 4.43 4.7 16.8 -8.2
UST10Y 4.466 6.5 22.9 -3.7
UST30Y 4.627 6.5 26 -2.4
KR Credit Market
 (계약수)
Bond Yield(%, bp) Yield 1D 1W 1M 3M 1Y
3.479 -1.6 -3.8 -11.2 -5.8 -36.2
3.391 2.8 1.3 -21.9 -11.7 -66.2
3.400 4.0 2.4 -24.1 -12.9 -65.6
3.480 -1.1 -3.5 -14.6 -8.1 -42.6 Fund Flow (십억원)
3.456 2.6 1.0 -25.0 -18.1 -73.8 YTD
3.490 4.0 1.6 -31.4 -28.1 -76.5 16364
3.606 -1.0 -2.9 -13.1 -7.4 -50.6 17768.4
3.615 3.3 1.7 -25.3 -20.9 -79.3 13552.6
3.812 4.0 1.8 -30.2 -29.6 -82.5 33152.5
3.661 -1.0 -2.2 -13.4 -13.0 -57.4 261.8
3.710 3.0 0.7 -28.4 -30.4 -87.6 *는 T-2일 기준, 펀드는 설정액 및 ETF 제외 기준
3.943 4.0 1.3 -31.5 -35.6 -91**는 T-4일 기준
4.604 -1.0 -2.5 -14.7 -13.5 -46.7
4.797 3.0 1.2 -29.4 -27.7 -71
 (십억원)
5.095 4.0 1.8 -30.7 -25.7 -67.4
5.326 -1.0 -2.5 -14.2 -12.5 -45.2
 AAA 80
5.590 3.0 1.2 -28.6 -24.9 -67.5
 AAA 60
5.779 4.0 1.8 -30.7 -25.2 -67
 AAA 60
5.893 -1.0 -3.0 -14.7 -13.0 -46.7
 AAA 50
6.215 3.0 1.2 -28.6 -24.9 -66
 AAA 40
6.420 4.0 1.8 -30.7 -25.2 -66.6
 AAA 40
3.552 -0.8 -3.5 -11.9 -9.8 -43.5
 AA0 30
3.541 3.5 1.6 -21.8 -19.5 -69.5
 AA0 30
3.548 4.2 1.7 -28.3 -24.5 -82.4
 AAA 30
3.569 -1.1 -4.1 -12.5 -10.7 -51.2
 AAA 30
3.584 3.2 1.2 -20.7 -21.2 -77.2
 AAA 30
3.637 4.0 1.6 -30.6 -31.9 -87.9
 AA- 20
3.590 -1.1 -4.1 -13.4 -12.2 -53
 20
3.625 3.2 1.2 -20.6 -21.5 -77
 20
3.702 4.0 1.3 -31.0 -31.8 -88.1
 AAA 20
3.615 -1.1 -4.5 -13.6 -13.4 -54.3
 AAA 20
3.667 3.2 1.0 -20.7 -22.9 -79.5
 AA- 19
3.808 4.0 0.8 -31.2 -32.0 -87.7
 A- 13▪
▪
▪
2804.31
847.15105.11
114.16
2026-06-042025-09-192025-01-192026-01-16
MMF*
0
0
5.091 5.552025-06-16 3.508 3.5
1999-12-31 4.239 4.212028-06-20 - 4.02
2025-07-02 3.505 3.513.827 3.75
2030-07-26 - 3.342026-06-19 3.453 3.47
2024-08-07 3.51 3.563.647 3.63
2026-04-30 3.447 3.472024-11-11 3.548 3.6
2026-01-17 3.522 3.553.457 3.48
2024-10-24 3.55 3.592026-05-09 3.446 3.47
2024-07-19 3.574 3.56
2024-07-19 3.544 3.5318924
70837.2 249.3 -124.4 -2194.51649745.3 5798.7 4550.2
1126.9
117420.3 187.9 1002.9 4784.51M
187421.5 -7122.6 -11109.7 -16052.7
1D 1W
154351.6 380.0 112.7
0
0
0
0
0
0
0.000
35000
0
0
0
0
3.210
0.000
0.000
0.000
800
100300
5400
1900
1000
200
1600
1000
300
8472-7503
-16858
1386
IRS(%) CRS(%) Spread(bp)
5804
917054
387826
-1349
2 July. 2024
24-10-01 3.50 270 0.3            
 26-06-19 3.36 -50 2.0          
25-07-01 3.63 120 1.0            
 26-01-02 3.27 -50 1.5          
29-06-30 3.35 130 5.0            
 24-10-24 3.53 -40 0.3          
34-06-10 3.32 70 9.9            
 25-11-10 3.39 -30 1.4          
28-03-10 3.25 60 3.7            
 25-03-10 3.31 -30 0.7          
650 2.7            -200 1.2          
54-03-10 3.23 763 29.7          
 26-06-10 3.27 -50 1.9          
25-03-10 3.31 120 0.7            
 53-03-10 3.22 -40 28.7       
34-06-10 3.32 116 9.9            
 72-09-10 3.20 -30 48.2       
33-12-10 3.35 110 9.4            
 53-09-10 3.24 -20 29.2       
26-03-10 3.27 66 1.7            
 32-03-10 4.61 -20 7.7          
1,175 21.3          -160 21.4       
25-07-01 3.63 260 1.0            
 25-06-10 3.30 -100 0.9          
25-07-01 3.69 110 1.0            
 25-06-21 3.44 -50 1.0          
54-03-10 3.21 67 29.7          
 33-12-10 3.33 -40 9.4          
25-06-28 3.65 60 1.0            
 25-12-22 3.78 -30 1.5          
24-10-01 3.51 60 0.3            
 26-12-10 3.24 -21 2.4          
557 4.4            -241 2.6          
54-03-10 3.21 486 29.7          
 25-06-10 3.31 -64 0.9          
27-06-10 3.21 100 2.9            
 25-03-10 3.30 -52 0.7          
34-06-10 3.29 54 9.9            
 24-12-10 3.14 -50.0 0.4          
28-06-10 3.27 49 3.9            
 26-03-10 3.25 -2.9 1.7          
26-12-10 3.29 38 2.4            
 28-09-10 3.27 -2.2 4.2          
727 21.4          -172 0.8          
