5y
91d
0 0
0 0
0 0
KR Market
KR Bond(%,bp) YTM 1D 1W 1M
CD91D 3.410 1.0 2.0 -12.0
2.838 0.5 -0.7 -1.5
 3.010 3.058
2.935 5.4 3.8 5.7
 3.170 3.155 AAA
2.932 5.2 2.7 11.2
 3.100 3.224 AAA
3.015 6.5 5.0 12.5
 3.210 3.287 AAA
3.127 6.7 7.0 13.0
 3.240 3.254 AAA
3.030 4.2 5.2 11.7
 3.693 - BBB
KR Credit(%,bp) YTM 1D 1W 1M
 3.775 3.769 A+
3.510 5.5 3.1 8.5
 4.898 - -
3.503 5.2 2.7 9.5
 - - BBB+
6.921 5.2 0.4 7.2
 3.393 - A-
KTB Futures(tick)
 1D 1W
KTBF 3Y -16 -2
 (십억계약,%,년)
LKTBF 10Y -60 0
KR Stock(%) Index 1D 1W 1M
KOSPI 1.13 0.29 -1.41
KOSDAQ 1.80 -2.56 -4.39
FX Market(%) Price 1D 1W 1M
1385 -0.27 0.71 5.04
903.68 -1.12 -1.73 -1.30
1D(bp) 1D(bp) 1D(bp)
1Y 3.113 3.500 1Y 2.825 5
 27.5 3.0
2Y 3.000 5.000 2Y 2.71 5.5
 6.5 -0.4
3Y 2.965 5.250 3Y 2.695 5.5
 3.3 0.0
5Y 2.960 5.750 5Y 2.7 5.5
 -5.5 -0.7
10Y 3.003 6.000 10Y 2.76 5.5
 -12.5 -0.7
US Bond Market
US Bond(%,bp) YTM 1D 1W 1M
UST2Y 4.1 3.7 11.0 58.3
UST5Y 4.1 5.3 13.1 61.4
UST10Y 4.3 4.2 8.6 53.2
UST30Y 4.5 3.0 3.1 42.6
KR Credit Market
 (계약수)
Bond Yield(%, bp) Yield 1D 1W 1M 3M 1Y
3.171 0.3 -0.8 -3.4 -12.9 -92.3
3.182 5.2 2.4 9.0 -0.5 -137.1
3.255 6.4 4.2 10.1 6.8 -134.8
3.211 1.1 2.2 -0.3 -9.3 -93.4 Fund Flow (십억원)
3.224 5.2 3.0 10.4 -2.4 -137.4 YTD
3.318 6.4 4.6 10.9 5.1 -142.1 26051.7
3.311 1.0 1.8 0.0 -13.2 -99.3 38834.7
3.414 5.5 3.3 9.3 0.0 -158.1 16820.7
3.640 6.5 5.0 12.0 7.3 -156.8 81378.5
3.390 1.0 1.3 -1.0 -10.5 -109.2 -9576.6
3.510 5.5 3.1 8.5 0.2 -174.2 *는 T-2일 기준, 펀드는 설정액 및 ETF 제외 기준
3.748 6.5 5.0 11.5 5.8 -166.7 **는 T-4일 기준
4.140 1.0 0.0 -2.3 -30.3 -114.1
4.440 5.2 2.2 7.1 -13.4 -158.2
 (십억원)
4.878 6.5 5.0 11.5 1.5 -146.3
4.857 1.0 -0.5 -2.8 -30.8 -111.6
 AA- 220
5.233 5.2 2.2 7.1 -13.4 -154.2
 AA- 120
5.562 6.5 5.0 11.5 1.5 -144.8
 AAA 120
5.429 1.0 0.0 -2.3 -30.3 -110.6 LS130-2 A+ 110
5.863 5.2 2.2 7.1 -13.4 -151.2
 AAA 100
6.203 6.5 5.0 11.5 1.5 -144
 AAA 100
3.215 0.7 -0.7 -2.2 -16.7 -102.6
 A0 100
3.349 4.8 1.7 8.6 1.6 -130
 AAA 60
3.431 6.5 4.8 12.0 8.5 -138.2
 AA- 60
3.242 1.2 0.0 -1.5 -15.8 -107.3
 - 59
3.424 5.2 2.7 9.7 5.0 -137
 AA- 50
3.506 6.5 5.0 11.6 9.8 -147.7 SK290-2 AA+ 50
3.264 1.2 0.0 -1.6 -15.7 -109.4
 - 47
3.455 5.2 2.7 9.5 4.5 -137.9
 A- 40
3.567 6.5 5.0 11.2 9.4 -148.1
 AAA 40
3.293 1.1 0.0 -1.6 -15.7 -110.2
 AA0 30
3.503 5.2 2.7 9.5 5.1 -139.6
 30
3.669 6.5 5.0 11.0 9.3 -148.8
 AAA 30▪
▪
▪
2612.43
740.48105.84
116.00
2027-04-232024-11-282027-11-102027-10-22
MMF*
0
0
3.375 3.322027-02-15 3.431 3.47
2027-10-22 - 3.692027-10-22 - 3.39
2026-10-23 3.159 3.223.419 3.33
2029-09-10 - 6.062025-06-26 - 4
2026-10-08 3.257 3.313.215 3.27
2025-02-25 3.628 3.712025-10-28 3.166 3.16
2026-02-23 3.441 3.483.469 3.53
2025-05-28 3.261 3.292025-09-02 3.513 3.54
2025-07-09 3.282 3.27
2027-01-29 3.65 3.725394.1
60998.8 -20.6 -440.8 -903.71697971.3 1005.2 7395.1
3192.9
120688.4 257.6 -61.4 2639.41M
197109.2 -1700.1 -2007.3 9542.4
1D 1W
175417.9 1206.8 2882
0
0
0
0
0.000
12000
8000
0
0
0
2.995
3.010
0.000
0.000
300
24300
8000
5500
5000
1500
2700
240
400
14247-7337
-9479
2592
IRS(%) CRS(%) Spread(bp)
3526
-4962-44
496758
-1101
29 Oct. 2024
25-01-27 3.04 569 0.2            
 26-07-02 2.98 -80 1.7          
27-09-10 2.98 140 2.9            
 24-12-10 2.97 -50 0.1          
29-10-31 3.18 77 5.0            
 26-04-21 3.19 -30 1.5          
27-06-10 2.98 60 2.6            
 25-07-09 3.27 -30 0.7          
32-06-10 3.14 47 7.6            
 25-04-02 2.94 -20 0.4          
893 1.6            -210 1.0          
34-06-10 3.11 104 9.6            
 27-06-10 2.93 -29 2.6          
26-07-02 2.98 80 1.7            
 30-12-10 3.04 -20 6.1          
26-03-10 2.95 50 1.4            
 33-12-10 3.12 -10 9.1          
26-03-10 2.96 40 1.4            
 25-12-08 3.40 -10 1.1          
26-06-10 2.98 36 1.6            
 25-12-10 2.93 -10 1.1          
310 4.2            -79 3.9          
29-10-28 3.24 170 5.0            
 28-12-20 3.71 -70 4.1          
25-11-24 4.89 40 1.1            
 27-01-29 3.70 -50 2.3          
26-04-24 4.25 40 1.5            
 28-06-20 3.72 -30 3.6          
29-09-10 3.00 39 4.9            
 25-03-12 3.40 -30 0.4          
54-09-10 2.97 35 29.9          
 54-03-10 2.98 -26 29.4       
324 6.7            -206 6.2          
25-08-28 3.19 500 0.8            
 25-09-09 2.85 -50 0.9          
25-01-27 3.01 381 0.2            
 25-09-03 2.87 -20 0.8          
27-09-10 2.96 150 2.9            
 25-07-02 2.90 -20.0 0.7          
27-06-10 2.92 81 2.6            
 29-12-10 3.09 -4.6 5.1          
26-03-10 2.95 71 1.4            
 54-03-10 3.10 -10.0 29.4       
1,183 1.1            -105 3.7          
