0 0
0 0
0 0
0 0
0 0
KR Market
KR Bond(%,bp) YTM 1D 1W 1M
CD91D 3.280 0.0 -1.0 -16.0
2.704 0.2 1.2 -15.2
 2.860 2.957 AAA
2.692 2.0 0.7 -28.8
 2.820 - 0
2.622 2.2 1.1 -33.4
 2.920 2.907 AAA
2.634 1.9 -1.8 -38.6
 2.900 2.997 AAA
2.744 0.9 -1.6 -39.3
 3.050 3.131 AAA
2.645 -0.9 -6.3 -39.5
 2.696 2.836 AAA
KR Credit(%,bp) YTM 1D 1W 1M
 2.840 2.855 AAA
3.254 2.5 1.2 -30.1
 3.050 3.008 AAA
3.216 2.1 1.4 -30.3
 5.400 - A
6.580 2.2 0.9 -34.3
 3.352 3.240 AA-
KTB Futures(tick)
 1D 1W
KTBF 3Y -8.0 -3.0
 (십억계약,%,년)
LKTBF 10Y -13.0 23.0
KR Stock(%) Index 1D 1W 1M
KOSPI -0.56 -1.13 -5.28
KOSDAQ -1.43 -2.49 -11.03
FX Market(%) Price 1D 1W 1M
1,419.2 0.29 1.76 1.65
945.3 -0.01 1.68 3.99
1D(bp) 1D(bp) 1D(bp)
1Y 2.815 0.5 1Y 2.605 -1.5
 11.1 0.3
2Y 2.658 2.0 2Y 2.425 -0.5
 -3.5 0.0
3Y 2.595 2.3 3Y 2.395 -0.5
 -2.7 0.1
5Y 2.573 2.0 5Y 2.370 0
 -6.2 0.1
10Y 2.603 1.8 10Y 2.400 0
 -14.2 0.8
US Bond Market
US Bond(%,bp) YTM 1D 1W 1M
UST2Y 4.108 -4.0 -5.7 -16.0
UST5Y 4.036 -4.1 -2.3 -24.0
UST10Y 4.156 -2.4 -2.2 -28.0
UST30Y 4.339 0.3 -2.9 -27.5
KR Credit Market
 (계약수)
Bond Yield(%, bp) Yield 1D 1W 1M 3M 1Y
3.009 0.1 -0.9 -19.7 -27.2 -86.7
2.889 2.2 0.6 -31.7 -26.2 -94.6
2.912 1.9 -1.8 -35.0 -24.3 -92.5
3.000 0.3 -3.8 -25.1 -30.4 -91.1 Fund Flow (십억원)
2.915 2.2 1.1 -33.3 -26.4 -104.1 YTD
2.949 2.0 -1.7 -37.7 -26.2 -112.3 28,330
3.206 0.0 0.0 -15.6 -22.7 -82.8 42,252
3.162 2.5 1.2 -29.7 -27.7 -107.5 18,342
3.271 2.0 -1.7 -37.2 -27.9 -116.2 95,431
3.279 0.0 0.0 -16.2 -24.1 -92.8 -10,548
3.254 2.5 1.2 -30.1 -29.9 -120.8 *는 T-2일 기준, 펀드는 설정액 및 ETF 제외 기준
3.379 2.0 -1.7 -37.2 -28.9 -126.1 **는 T-4일 기준
3.972 0.0 0.5 -19.3 -32.6 -109.9
4.129 2.5 1.7 -33.6 -36.3 -121.8
 (십억원)
4.499 2.0 -1.7 -38.2 -29.4 -109.9
4.689 0.0 0.5 -19.3 -33.1 -107.4
 AA- 100
4.922 2.5 1.7 -33.6 -36.3 -117.8
 AA- 60
5.183 2.0 -1.7 -38.2 -29.4 -108.4
 AA- 60
5.261 0.0 0.5 -19.3 -32.6 -106.4
 AA+ 60
5.562 2.5 1.7 -33.1 -35.3 -113.8
 - 60
5.824 2.0 -1.7 -38.2 -29.4 -107.6
 AA0 51
3.134 0.1 1.0 -12.1 -15.8 -85.5
 AA0 50
3.058 2.4 1.1 -30.7 -23.7 -93
 AA+ 50
3.055 2.0 -1.4 -37.2 -25.5 -102.3
 AA- 40
3.155 0.3 1.0 -12.6 -17.2 -90.2
 AAA 40
3.141 2.1 1.5 -29.9 -22.7 -95.8
 AA0 40
3.150 1.9 -1.0 -35.7 -24.7 -110
 - 40
3.179 0.3 1.0 -12.6 -16.9 -91.7
 - 40
3.168 2.1 1.4 -30.3 -23.8 -97.2
 - 40
3.209 1.8 -1.0 -35.9 -25.2 -110.3
 - 30
3.209 0.4 1.0 -12.5 -16.8 -92.6
 AAA 30
3.216 2.1 1.4 -30.3 -23.6 -98.9
 AA- 30
3.312 1.9 -1.0 -35.9 -25.4 -111.2
 AA- 30▪
▪
▪
2,428.2
661.3106.8
119.6
2025-04-282026-10-272025-09-192029-01-29
MMF*
0
0
4.013 3.932025-01-13 3.288 3.55
2026-02-03 3.146 3.152028-11-03 - 3.69
2032-06-10 - 4.1- 4.34
2028-12-20 - 3.822027-10-29 2.935 2.97
2026-01-23 3.153 3.153.268 3.26
2026-03-10 3.104 3.132032-03-31 4.302 4.31
2026-02-13 3.047 3.093.002 3.01
2026-11-27 - 4.32025-04-25 3.29 3.38
2029-07-09 3.075 3.08
2025-04-25 3.426 3.4911,559
60,027 0 386 -7601,712,024 0 3,544
1,823
122,210 167 1,491 2,2301M
199,388 -2,922 762 -1,228
1D 1W
178,835 206 1,295
0
0
0
0
0
0
0
0
0.000
0
0
0
0
0
0.000
0.000
0.000
0.000
1,200
1,2001,400
2,200
2,100
2,000
1,700
1,500
1,000
1,000
-323-1,087
-10,791
-2,239
IRS(%) CRS(%) Spread(bp)
760
9,968315
431,165
-717
9 Dec. 2024
27-12-06 2.82 110 3.0            
 25-03-10 2.94 -50 0.3          
26-12-06 2.84 100 2.0            
 26-01-19 2.96 -30 1.1          
25-12-06 2.94 100 1.0            
 25-10-23 3.07 -30 0.9          
26-10-02 2.69 70 1.8            
 44-09-10 2.65 -22 19.8       
25-12-06 3.05 60 1.0            
 29-09-10 2.62 -21 4.8          
440 1.9            -153 4.0          
54-12-06 2.70 80 30.0          
 30-06-10 2.76 -30 5.5          
25-03-10 2.93 50 0.3            
 54-09-10 2.56 -22 29.8       
27-12-06 3.14 30 3.0            
 44-12-10 2.70 -20 20.0       
53-03-10 2.52 50 28.3          
 29-09-10 2.64 -15 4.8          
27-11-28 2.93 20 3.0            
 72-09-10 2.49 -10 47.8       
230 17.3          -97 18.2       
27-02-05 3.67 70 2.2            
 54-09-10 2.56 -40 29.8       
24-12-22 3.16 50 0.0            
 25-05-21 3.25 -40 0.4          
27-05-06 3.33 50 2.4            
 26-12-10 2.67 -31 2.0          
27-06-10 2.62 46 2.5            
 29-03-10 2.68 -30 4.3          
27-11-05 3.14 40 2.9            
 27-03-03 2.69 -30 2.2          
256 2.0            -171 8.6          
25-06-10 2.80 62 0.5            
 30-12-10 2.80 -95 6.0          
29-12-10 2.71 40 5.0            
 35-09-10 2.77 -73 10.8       
26-10-02 2.69 40 1.8            
 32-12-10 2.78 -56 8.0          
26-09-10 2.65 38 1.8            
 26-03-10 2.71 -50 1.3          
27-06-10 2.62 35 2.5            
 27-03-10 2.67 -50 2.3          
214 2.1            -324 6.1          
