5y
91d
20y
0 0
0 0
KR Market
KR Bond(%,bp) YTM 1D 1W 1M
CD91D 3.600 0.0 0.0 -2.0
3.342 -0.2 0.0 -2.5
 3.540 3.446 AAA
3.280 1.0 2.4 -12.5
 6.424 - A0
3.212 0.4 1.7 -17.5
 3.400 3.375 AAA
3.236 1.1 1.6 -17.9
 3.460 3.437 AAA
3.295 2.0 2.5 -18.2
 3.500 3.510 AAA
3.272 2.9 3.7 -15.5
 3.334 3.390 AAA
KR Credit(%,bp) YTM 1D 1W 1M
 7.800 - BBB+
3.718 0.0 0.4 -22.3
 3.430 3.516 AAA
3.669 0.1 0.3 -14.7
 3.48 3.514 AA+
7.341 0.4 0.3 -19.4
 3.407 3.585 AA+
KTB Futures(tick)
 1D 1W
KTBF 3Y -5 -18
 (십억계약,%,년)
LKTBF 10Y -25 -54
KR Stock(%) Index 1D 1W 1M
KOSPI -0.29 -0.84 2.25
KOSDAQ -0.41 -2.20 -1.45
FX Market(%) Price 1D 1W 1M
1385.8 -0.21 0.08 2.01
863.05 -0.63 -1.29 -0.30
1D(bp) 1D(bp) 1D(bp)
1Y 3.430 1.50 1Y 3.315 0.5
 8.8 1.70
2Y 3.288 1.75 2Y 3.095 2.5
 0.8 0.75
3Y 3.220 1.75 3Y 3.07 2
 0.8 1.35
5Y 3.178 2.00 5Y 3.05 1
 -5.9 0.90
10Y 3.183 2.25 10Y 2.97 0.5
 -11.3 0.25
US Bond Market
US Bond(%,bp) YTM 1D 1W 1M
UST2Y 4.722 -3.6 -2.8 -26.5
UST5Y 4.304 -4.6 2.2 -29.7
UST10Y 4.291 -4.3 2.5 -26.4
UST30Y 4.429 -3.6 3 -24
KR Credit Market
 (계약수)
Bond Yield(%, bp) Yield 1D 1W 1M 3M 1Y
3.514 0.2 -0.4 -5.5 -3.8 -28.7
3.398 0.4 1.9 -15.2 -12.0 -57.1
3.405 1.5 2.4 -14.7 -11.5 -57
3.511 0.1 -0.4 -10.2 -7.0 -35.9 Fund Flow (십억원)
3.465 0.4 1.6 -18.5 -17.1 -64.3 YTD
3.493 1.0 0.8 -23.5 -26.5 -68.6 25400.1
3.636 0.3 0.1 -9.1 -5.4 -42.6 17618.6
3.615 0.2 0.9 -20.0 -21.4 -69.6 13097.7
3.814 1.2 0.7 -22.8 -29.7 -73.8 27353.8
3.686 0.3 0.8 -9.9 -12.0 -49.7 12.5
3.718 0.0 0.4 -22.3 -30.6 -77.1 *는 T-2일 기준, 펀드는 설정액 및 ETF 제외 기준
3.950 1.2 0.4 -24.1 -35.2 -81.8 **는 T-4일 기준
4.629 0.0 0.0 -11.2 -12.5 -41.2
4.802 0.2 -0.4 -23.6 -27.7 -60.8
 (십억원)
5.097 1.2 0.7 -23.3 -24.8 -58.7
5.351 0.0 0.0 -10.7 -11.5 -38.7
 AA- 147
5.595 0.2 0.4 -22.8 -24.9 -57.3
 AA- 110
5.781 1.2 0.7 -23.3 -24.3 -58.3
 AA- 60
5.918 -0.5 -0.5 -11.2 -12.0 -40.2
 AA- 50
6.220 0.2 0.4 -22.8 -24.9 -55.8
 45
6.422 1.2 0.7 -23.3 -24.3 -57.9
 AA0 40
3.578 -0.4 -0.9 -6.9 -8.2 -37.1
 AA- 40
3.543 0.4 1.3 -15.7 -19.4 -60.1
 35
3.549 1.0 0.3 -20.1 -23.6 -73.8 GS21-1 AA0 30
3.599 -0.5 -0.8 -7.3 -8.4 -44.4
 AA- 30
3.586 0.1 0.5 -14.3 -22.1 -67.9
 AAA 30
3.638 0.7 0.2 -22.4 -30.9 -79.3
 AA0 30
3.619 -0.6 -0.9 -8.3 -10.3 -46.3
 AA0 30
3.626 0.0 0.4 -14.3 -22.4 -68.1
 AA- 30
3.703 0.6 -0.1 -22.8 -30.9 -79.5
 AA- 30
3.644 -0.9 -1.3 -8.5 -11.5 -47.8
 AA+ 30
3.669 0.1 0.3 -14.7 -23.7 -70.2
 AA0 30
3.810 0.7 -0.5 -22.9 -31.0 -79 LSELECTRIC184-1 AA- 3025233-2092
-21239
-2587
IRS(%) CRS(%) Spread(bp)
4502
-74106
197-283
-2358
1700
15001700
20000
5000
2800
2700
2200
1500
15000.000
23000
5900
7000
0
0
3.200
3.470
3.220
0.000
 0
0
981.6
116965.4 749.5 891.1 3689.91M
196457.6 738.6 -7572.8 -14640.4
1D 1W
154201.8 -269.2 -240.2
4.69 4.888465.8
70587.9 -152.6 20.3 1147.31643946.6 -1684.4 3281.8
3.843 3.78
2024-09-27 - 5.992027-06-25 3.581 3.6
2027-02-25 3.949 3.91
- 4.25
2024-10-29 3.63 3.662025-01-26 3.547 3.56
2029-01-24 3.584 3.55
3.764 3.67
2027-02-26 3.852 3.832025-01-27 3.608 3.58
2034-06-02 3.615 3.62
3.571 3.592027-06-27 - 3.41
2027-01-22 3.667 3.682026-06-26 3.564 3.58
2025-02-25 3.812 3.75▪
▪
▪
2784.06
838.65105.09
114.30
2025-01-262025-01-302026-06-272025-07-28
MMF*
0
0
28 June. 2024
25-09-27 3.46 170 1.3            
 25-03-10 3.35 -100 0.7          
29-06-27 3.33 130 5.0            
 25-04-19 3.53 -50 0.8          
26-03-27 3.40 100 1.7            
 25-04-02 3.37 -30 0.8          
27-06-10 3.24 80 3.0            
 28-01-31 3.34 -30 3.6          
27-03-10 3.25 70 2.7            
 26-07-08 3.40 -20 2.0          
550 2.7            -230 1.2          
26-03-27 3.40 150 1.7            
 99-12-31 4.88 -50 7,980.8   
54-03-10 3.22 134 29.7          
 26-04-02 3.29 -40 1.8          
25-03-10 3.36 100 0.7            
 28-06-10 3.29 -30 4.0          
34-06-10 3.31 73 10.0          
 28-11-19 3.45 -30 4.4          
33-12-10 3.34 52 9.5            
 29-03-10 3.25 -22 4.7          
509 10.9          -172 2,322.5  
25-03-27 3.52 150 0.7            
 26-12-10 3.26 -39 2.5          
54-03-10 3.22 113 29.7          
 28-03-10 3.27 -35 3.7          
27-06-27 3.48 90 3.0            
 33-12-10 3.33 -27 9.5          
27-06-10 3.21 57 3.0            
 24-12-30 3.61 -20 0.5          
29-03-10 3.25 53 4.7            
 26-05-29 3.72 -20 1.9          
463 9.0            -141 3.8          
27-03-10 3.25 101 2.7            
 25-03-10 3.37 -100 0.7          
34-06-10 3.30 60 10.0          
 27-06-10 3.24 -92 3.0          
27-03-03 3.30 60 2.7            
 24-12-10 3.08 -70.0 0.5          
26-03-10 3.28 50 1.7            
 52-03-10 3.17 -10.0 27.7       
33-06-10 3.33 40 9.0            
 25-06-10 3.34 -2.3 1.0          
311 4.7            -274 2.4          
