10y
91d
0 0
0 0
0 0
KR Market
KR Bond(%,bp) YTM 1D 1W 1M
CD91D 3.600 0.0 0.0 0.0
3.334 0.0 -4.1 -2.0
 3.430 3.559 AAA
3.275 0.0 -10.1 -12.5
 3.430 3.525 AAA
3.207 -0.1 -12.5 -16.8
 3.400 3.510 AAA
3.230 0.0 -13.0 -18.0
 3.470 3.505 AAA
3.277 0.2 -13.9 -17.8
 3.402 3.433 AAA
3.235 -1.2 -11.2 -16.2
 3.440 3.438 AAA
KR Credit(%,bp) YTM 1D 1W 1M
 3.360 3.407 AAA
3.731 -0.5 -14.3 -20.3
 6.000 4.072 AAA
3.664 -0.2 -10.8 -15.4
 3.57 3.496 AAA
7.348 -0.3 -13.2 -21.5
 3.773 3.740 AA-
KTB Futures(tick)
 1D 1W
KTBF 3Y 10 39
 (십억계약,%,년)
LKTBF 10Y 6 99
KR Stock(%) Index 1D 1W 1M
KOSPI 0.72 2.17 1.44
KOSDAQ 0.00 -1.08 0.45
FX Market(%) Price 1D 1W 1M
1381.1 -0.01 0.20 1.93
873.12 -0.36 -0.30 0.50
1D(bp) 1D(bp) 1D(bp)
1Y 3.440 -0.25 1Y 3.33 3
 10.6 -0.25
2Y 3.300 0.00 2Y 3.095 0.5
 2.5 0.00
3Y 3.220 -0.25 3Y 3.075 0
 1.3 -0.15
5Y 3.168 -0.25 5Y 3.05 -0.5
 -6.3 -0.25
10Y 3.173 -0.75 10Y 2.89 -0.5
 -10.5 -0.95
US Bond Market
US Bond(%,bp) YTM 1D 1W 1M
UST2Y 4.725 -4.9 -12 -11
UST5Y 4.251 -5.9 -17.4 -20
UST10Y 4.227 -5.8 -18 -19.8
UST30Y 4.357 -5 -18.2 -20.5
KR Credit Market
 (계약수)
Bond Yield(%, bp) Yield 1D 1W 1M 3M 1Y
3.520 0.1 -4.1 -3.9 -6.1 -27.1
3.390 0.0 -11.4 -15.8 -21.3 -59.8
3.386 0.1 -11.4 -16.6 -22.4 -61
3.526 -0.9 -5.7 -8.6 -9.9 -33.9 Fund Flow (십억원)
3.466 -0.1 -12.5 -18.2 -24.7 -65.8 YTD
3.500 -0.5 -14.8 -23.9 -37.7 -70.3 31889.8
3.640 0.0 -6.5 -8.0 -9.0 -40.2 17027.8
3.623 -0.2 -13.5 -18.0 -31.4 -70.8 10860.6
3.822 0.0 -14.2 -22.6 -37.7 -77.7 15423.1
3.683 -0.5 -7.0 -10.5 -17.3 -46.5 1832.2
3.731 -0.5 -14.3 -20.3 -41.6 -78.5 *는 T-2일 기준, 펀드는 설정액 및 ETF 제외 기준
3.961 0.0 -14.2 -25.0 -42.9 -85.4 **는 T-4일 기준
4.639 -0.5 -7.0 -10.0 -14.5 -39.7
4.823 -0.5 -13.8 -21.6 -33.6 -61.2
 (십억원)
5.105 0.0 -14.2 -23.5 -31.3 -61.6
5.361 -0.5 -7.0 -9.0 -13.0 -38.2
 AA- 144
5.608 -0.5 -13.8 -21.1 -31.6 -60
 AA- 80
5.789 0.0 -14.2 -23.0 -30.8 -61.7
 AA0 70
5.933 -0.5 -7.0 -9.0 -13.0 -39.2
 AAA 60
6.233 -0.5 -13.8 -21.1 -31.6 -58
 AA- 60
6.430 0.0 -14.2 -23.0 -30.8 -60.8
 49
3.582 0.3 -6.5 -5.8 -8.7 -35.8
 41
3.534 -0.3 -13.1 -15.1 -27.4 -63.4
 AAA 40
3.552 -0.4 -12.6 -20.4 -31.2 -75.8
 AAA 40
3.602 -0.6 -5.9 -5.9 -10.4 -43.4
 AA0 30
3.579 -0.2 -10.9 -14.6 -31.3 -70.8
 AA- 30
3.644 -0.4 -13.7 -22.7 -38.7 -81.2
 AA- 30
3.623 -0.6 -6.1 -6.6 -12.5 -45.2
 AA- 30
3.620 -0.2 -10.6 -14.5 -31.4 -70.8
 AA+ 30
3.712 -0.5 -13.8 -22.7 -38.4 -80.3 POSCO313-2 AA+ 30
3.652 -0.6 -6.1 -6.7 -13.6 -46.2
 AA- 30
3.664 -0.2 -10.8 -15.4 -32.9 -72.4
 AA- 30
3.823 -0.5 -13.9 -22.4 -38.1 -80 DL263-2 AA- 2071728-11494
-40314
17442
IRS(%) CRS(%) Spread(bp)
-5664
-137945
217-114
-3283
1100
10001196
3200
2500
2500
2000
1300
900
8000.000
27000
6200
0
0
0
3.275
3.470
0.000
0.000
0
0
0
0
1455.7
114728.3 -177.0 -220.1 18641M
202947.3 -322.3 -1926.2 -5181.8
1D 1W
153611 34.1 905.1
2099-12-31 3.118 3.062322.7
72407.6 0 -449.6 1975.81632015.9 0 -7441.9
3.45 3.47
2029-01-25 4.035 3.992026-11-27 3.577 3.57
2027-06-12 3.502 3.5
3.44 3.47
2028-05-22 3.497 3.472025-08-18 - 4.25
2025-08-18 - 4.25
3.612 3.59
2026-04-23 3.669 3.642025-10-27 3.536 3.53
2027-04-23 3.742 3.69
3.773 3.782026-04-27 3.623 3.6
2027-03-15 3.624 3.612025-10-13 3.492 3.49
2026-01-12 3.485 3.48▪
▪
▪
2763.92
858.95105.12
114.49
2024-10-042026-07-172026-06-042027-03-25
MMF*
0
0
19 June. 2024
25-05-18 3.51 160 0.9            
 28-06-10 3.24 -509 4.0          
25-03-18 3.52 120 0.7            
 28-03-10 3.24 -300 3.7          
26-06-18 3.44 110 2.0            
 25-07-11 3.49 -130 1.1          
29-06-18 3.40 110 5.0            
 25-12-10 3.30 -120 1.5          
26-06-18 3.36 90 2.0            
 25-01-02 3.34 -70 0.5          
590 2.0            -1,129 3.1          
25-12-10 3.31 130 1.5            
 33-12-10 3.28 -110 9.5          
29-06-18 3.47 118 5.0            
 33-06-10 3.29 -70 9.0          
25-03-18 3.52 50 0.7            
 54-03-10 3.17 -65 29.7       
34-06-10 3.27 35 10.0          
 53-09-10 3.18 -21 29.2       
25-09-10 3.34 31 1.2            
 29-12-10 3.26 -20 5.5          
363 3.3            -286 15.1       
24-06-27 3.60 200 0.0            
 33-12-10 3.30 -85 9.5          
54-03-10 3.15 103 29.7          
 25-02-14 3.79 -50 0.7          
27-06-10 3.24 86 3.0            
 26-12-10 3.23 -35 2.5          
25-03-18 3.52 70 0.7            
 24-11-27 3.60 -30 0.4          
27-03-03 3.28 50 2.7            
 25-06-07 3.52 -30 1.0          
509 6.9            -230 4.2          
28-06-10 3.24 509 4.0            
 33-12-10 3.28 -25 9.5          
28-03-10 3.24 270 3.7            
 24-09-10 3.44 -26 0.2          
27-09-10 3.23 150 3.2            
 31-12-10 3.29 -20 7.5          
54-03-10 3.16 108 29.7          
 24-09-10 3.43 -10.0 0.2          
32-12-10 3.32 20 8.5            
 52-03-10 3.45 -10.0 27.7       
1,057 6.5            -91 7.4          
