3Y
91d
2Y
0 0
0 0
KR Market
KR Bond(%,bp) YTM 1D 1W 1M
CD91D 3.510 0.0 0.0 4.0
2.905 -2.7 -11.2 -14.2
 3.370 3.353 AA+
2.957 -0.1 -7.8 -3.3
 3.382 3.364 AA+
2.875 -2.0 -10.5 -6.5
 4.571 6.917 BBB+
2.908 -5.2 -14.3 -4.9
 4.100 6.303 BBB+
3.007 -2.3 -11.3 -0.5
 3.377 3.356 AA+
2.924 -12.1 -21.1 -7.6
 4.200 - -
KR Credit(%,bp) YTM 1D 1W 1M
 - - -
3.538 -2.5 -10.5 3.7
 - - -
3.447 -2.0 -9.8 2.9
 - - -
6.919 -2.0 -11.3 -7.5
 - - -
KTB Futures(tick)
 1D 1W
KTBF 3Y 1 8
 (십억계약,%,년)
LKTBF 10Y 23 34
KR Stock(%) Index 1D 1W 1M
KOSPI -0.49 -5.30 -2.51
KOSDAQ -1.16 -7.12 -7.62
FX Market(%) Price 1D 1W 1M
1343.7 0.29 0.17 -1.53
938.1 0.27 1.68 1.15
1D(bp) 1D(bp) 1D(bp)
1Y 3.158 0.00 1Y 2.83 0
 25.3 2.70
2Y 2.930 -1.00 2Y 2.65 -0.5
 -2.7 -0.90
3Y 2.850 -0.75 3Y 2.625 -1.5
 -2.5 1.25
5Y 2.805 -1.25 5Y 2.625 -4.5
 -10.3 3.95
10Y 2.838 -1.25 10Y 2.58 -4.5
 -17.0 1.05
US Bond Market
US Bond(%,bp) YTM 1D 1W 1M
UST2Y 3.598 -7.3 -26.9 -45.9
UST5Y 3.424 -6.5 -21.6 -37.4
UST10Y 3.645 -5.6 -18.8 -29.7
UST30Y 3.964 -3.8 -16.2 -25.7
KR Credit Market
 (계약수)
Bond Yield(%, bp) Yield 1D 1W 1M 3M 1Y
3.233 -2.9 -9.4 -0.5 -32.0 -65.2
3.140 -2.4 -9.8 0.1 -32.4 -105.8
3.162 -2.2 -11.0 1.0 -29.3 -106.9
3.269 -1.9 -9.5 -1.1 -30.6 -70.3 Fund Flow (십억원)
3.173 -2.0 -10.5 -3.0 -38.1 -116 YTD
3.221 -1.9 -10.7 -0.2 -38.2 -121.4 18785.9
3.403 -1.5 -7.7 0.5 -29.7 -74.9 35252.1
3.424 -2.5 -10.5 3.7 -29.7 -124.2 9904.1
3.565 -1.5 -10.7 3.6 -35.4 -129.3 53703.6
3.490 -1.5 -7.7 3.5 -25.8 -84.2 -5873.8
3.538 -2.5 -10.5 3.7 -29.9 -138.3 *는 T-2일 기준, 펀드는 설정액 및 ETF 제외 기준
3.683 -1.5 -10.7 3.1 -37.5 -138.2 **는 T-4일 기준
4.258 -1.5 -10.2 -12.5 -44.6 -87.8
4.482 -2.5 -11.0 -7.0 -44.2 -123.8
 (십억원)
4.808 -1.5 -10.7 -1.2 -39.4 -119.8
4.980 -1.5 -10.2 -12.5 -44.6 -84.8
 AA+ 60
5.275 -2.5 -11.0 -7.0 -43.4 -119.8
 AA+ 50
5.492 -1.5 -10.7 -1.2 -39.4 -118.3
 AA+ 50
5.547 -1.5 -10.2 -12.5 -45.1 -84.3
 - 45
5.905 -2.5 -11.0 -7.0 -42.9 -116.8
 AA- 40
6.133 -1.5 -10.7 -1.2 -39.4 -117.5
 AA+ 40
3.266 -1.7 -7.2 -1.9 -36.8 -78
 A+ 40
3.288 -2.0 -9.0 -0.5 -33.8 -107.1
 AA+ 30
3.315 -2.4 -10.5 1.6 -32.0 -120.3
 - 30
3.294 -2.2 -7.6 -0.8 -36.2 -84.4
 A+ 25
3.363 -2.0 -9.9 2.5 -29.1 -115.6
 A+ 20
3.402 -2.4 -10.5 3.6 -32.9 -128.8
 AA- 20
3.315 -2.2 -7.6 -0.8 -36.3 -86.7
 AAA 20
3.401 -2.0 -9.8 2.6 -29.1 -115.5
 AA- 20
3.466 -2.4 -10.6 3.6 -33.4 -128.7 E139-2 A+ 20
3.344 -2.2 -7.6 -0.8 -36.3 -87.4 SBS14-1 AA0 20
3.447 -2.0 -9.8 2.9 -29.2 -117.2
 A+ 15
3.571 -2.4 -10.5 3.7 -34.1 -129.1
 151203611208
-5309
2081
IRS(%) CRS(%) Spread(bp)
-13562
-5411-513
-602638
-977
100
100236
900
900
870
630
600
100
1000.000
16000
8000
8000
0
0
2.875
3.150
2.935
0.000
 0
0
3067.5
113771.8 -550.3 -4782.5 -1464.61M
189843.4 -4392.3 -5914.6 -9466.9
1D 1W
171835.3 177.3 987.6
2025-03-07 3.54 3.5414080.5
64701.6 0 0 -5350.51670296.4 0 0
- 4.17
2026-06-27 3.805 3.732026-09-10 - 3.31
2027-09-10 - 3.33
3.248 3.27
2027-09-10 - 4.022027-02-05 3.466 3.44
2026-10-23 3.47 3.46
3.433 3.42
2025-07-09 3.279 3.292027-09-10 - 3.63
2025-06-05 3.287 4.54
- 4.372026-08-28 3.411 3.46
2026-09-10 - 3.552025-04-11 3.581 3.61
2027-01-29 3.569 3.56▪
▪
▪
2523.43
706.20105.89
116.82
2028-12-202026-01-182027-03-052028-07-06
MMF*
0
0
11 Sep. 2024
5
 5
(
)2409
 1A-06 25-09-06 3.30 400 1.0            
 01750 -2806 (18-5) 28-06-10 0.72 -21 3.8          
01125 -2509 (20-6) 25-09-10 2.95 270 1.0            
 02250 -2506 (15-2) 25-06-10 3.02 -20 0.7          
03250 -5403 (24-2) 54-03-10 2.94 102 29.5          
 (
)2309
 2A-12 25-09-12 3.30 -10 1.0          
03500 -3406 (24-5) 34-06-10 3.01 100 9.8            
 01500 -3012 (20-9) 30-12-10 3.00 -2 6.3          
03250 -2603 (24-3) 26-03-10 3.02 100 1.5            
 01875 -5103 (21-2) 51-03-10 2.96 0 26.5       
973 5.0            -53 2.4          
/
 5
 /
 5
1420 27-09-10 3.25 180 3.0            
 03670 -2507 -02 25-07-02 2.89 -300 0.8          
03340 -2601 -02 26-01-02 3.00 100 1.3            
 02000 -6809 (18-8) 68-09-10 2.87 -40 44.0       
1421 29-09-10 3.28 101 5.0            
 03250 -5403 (24-2) 54-03-10 2.94 -26 29.5       
2230 -3 30-09-10 3.45 55 6.0            
 846 28-05-27 3.27 -20 3.7          
04250 -2512 (22-13) 25-12-10 3.01 50 1.2            
 01750 -2609 (21-7) 26-09-10 2.96 -20 2.0          
486 3.2            -406 7.1          
5
 5
1419 26-09-10 3.25 160 2.0            
 04020 -2510 -02 25-10-02 2.98 -61 1.1          
47-09
 1.5
-10 26-03-10 3.28 110 1.5            
 03250 -2903 (24-1) 29-03-10 2.95 -60 4.5          
03500 -3406 (24-5) 34-06-10 3.01 69 9.8            
 03250 -5403 (24-2) 54-03-10 2.94 -52 29.5       
415-1 27-10-08 3.37 70 3.1            
 27-09-
 1.5-
-21 25-03-21 3.44 -50 0.5          
28-09-
-1-A(
 ) 25-09-09 3.60 60 1.0            
 03875 -2612 (23-10) 26-12-10 2.91 -44 2.2          
469 3.0            -267 7.5          
5
 5
03250 -5403 (24-2) 54-03-10 2.93 100 29.5          
 02250 -2506 (15-2) 25-06-10 3.01 -40 0.7          
03625 -2509 (23-8) 25-09-10 2.91 100 1.0            
 03125 -5209 (22-9) 52-09-10 3.42 -30 28.0       
02875 -2609 (24-9) 26-09-10 2.95 100 2.0            
 03250 -2803 (23-1) 28-03-10 2.96 -8.6 3.5          
03125 -2709 (22-8) 27-09-10 2.92 81 3.0            
 01630 -7209 (22-12) 72-09-10 3.10 -30.0 48.0       
MBS 2024 -18(1-1)(
)25-09-10 3.24 80 1.0            
 01375 -3006 (20-4) 30-06-10 2.99 -7.4 5.8          
461 7.8            -116 20.6       
