0 0
0 0
0 0
0 0
0 0
KR Market
KR Bond(%,bp) YTM 1D 1W 1M
CD91D 3.500 -1.0 -2.0 -10.0
3.168 -1.4 -6.2 -17.6
 3.320 3.314 AAA
3.080 0.5 -4.3 -19.0
 3.200 3.290 AAA
3.017 -0.3 -5.5 -19.1
 3.159 3.220 AAA
3.040 -1.2 -5.5 -18.5
 3.190 3.176 AAA
3.104 -1.8 -4.8 -17.1
 5.600 3.761 A+
3.082 -0.3 -2.3 -16.1
 3.270 3.255 AAA
KR Credit(%,bp) YTM 1D 1W 1M
 3.411 3.410 AA+
3.505 0.0 -4.5 -21.3
 3.875 4.606 A+
3.472 0.2 -5.0 -19.6
 5.75 -
7.081 -0.8 -9.4 -25.6
 3.432 3.519 AA-
KTB Futures(tick)
 1D 1W
KTBF 3Y 1 16
 (십억계약,%,년)
LKTBF 10Y 18 53
KR Stock(%) Index 1D 1W 1M
KOSPI 0.78 -2.27 -2.15
KOSDAQ 0.03 -3.76 -5.29
FX Market(%) Price 1D 1W 1M
1385.8 0.03 -0.06 -0.21
897.06 -1.02 1.49 3.29
1D(bp) 1D(bp) 1D(bp)
1Y 3.255 -0.50 1Y 3.125 0.5
 8.7 0.90
2Y 3.073 0.25 2Y 2.89 0
 -0.8 -0.25
3Y 3.000 0.00 3Y 2.825 0
 -1.7 0.30
5Y 2.963 -1.50 5Y 2.83 0.5
 -7.8 -0.30
10Y 3.000 -2.00 10Y 2.745 1
 -10.4 -0.20
US Bond Market
US Bond(%,bp) YTM 1D 1W 1M
UST2Y 4.385 -5.4 -13 -37.3
UST5Y 4.078 -5.9 -9.3 -27.2
UST10Y 4.195 -4.8 -4.6 -13.9
UST30Y 4.453 -3.2 0.4 -1.2
KR Credit Market
 (계약수)
Bond Yield(%, bp) Yield 1D 1W 1M 3M 1Y
3.310 -0.5 -5.1 -20.2 -30.9 -48
3.198 0.6 -2.6 -19.6 -48.8 -75.7
3.211 -0.9 -4.4 -17.9 -50.6 -75.9
3.308 -0.6 -3.3 -20.2 -37.0 -51.9 Fund Flow (십억원)
3.269 -0.2 -5.3 -19.2 -51.9 -82.2 YTD
3.292 -1.1 -5.5 -19.1 -64.0 -87.1 33516.1
3.463 0.0 -4.0 -17.0 -30.5 -64.9 29097.9
3.416 0.0 -4.2 -19.7 -50.7 -97.2 13438.1
3.597 -1.2 -5.5 -20.5 -62.9 -95.8 33608.2
3.515 0.0 -4.3 -16.8 -32.6 -77.7 -638.5
3.505 0.0 -4.5 -21.3 -55.9 -111.8 *는 T-2일 기준, 펀드는 설정액 및 ETF 제외 기준
3.720 -1.2 -6.0 -21.8 -66.9 -102.5 **는 T-4일 기준
4.468 0.0 -5.0 -16.1 -34.4 -59.3
4.586 -0.3 -5.5 -21.4 -59.3 -85.6
 (십억원)
4.893 -1.2 -5.5 -19.2 -61.7 -79.3
5.190 0.0 -5.0 -16.1 -33.4 -56.8
 130
5.379 -0.3 -5.5 -21.4 -57.5 -81.6
 AA- 120
5.577 -1.2 -5.5 -19.2 -61.2 -78.4
 AA0 80
5.757 0.0 -5.0 -16.6 -33.9 -57.8
 AA0 80
6.009 -0.3 -5.5 -20.9 -57.0 -79.1
 AA- 70
6.218 -1.2 -5.5 -19.2 -61.2 -77.5
 A+ 60
3.402 -1.3 -5.8 -18.0 -30.0 -56.7
 AA0 60
3.352 -0.1 -5.5 -18.7 -48.7 -77.3
 AA0 40
3.371 -1.1 -5.0 -16.8 -57.1 -89
 AA- 40
3.422 -1.2 -6.2 -18.2 -29.3 -64.1
 AA0 40
3.394 0.2 -5.0 -19.1 -48.7 -87.7
 AAA 40
3.434 -1.1 -5.1 -19.7 -63.0 -98.8
 A+ 38
3.444 -1.2 -6.2 -18.1 -30.4 -66
 A+ 30
3.430 0.2 -5.0 -19.6 -49.4 -88
 AAA 30
3.499 -1.0 -5.1 -19.8 -62.9 -98.4 POSCO311-1 AA+ 30
3.472 -1.2 -6.2 -18.1 -31.1 -66.6
 A+ 29
3.472 0.2 -5.0 -19.6 -50.9 -90
 27
3.602 -1.1 -5.3 -20.1 -63.4 -99.1
 AA0 20▪
▪
▪
2731.90
797.56105.66
116.18
2025-01-252026-01-262025-07-142025-01-30
MMF*
0
0
3.437 3.482026-07-24 - 5.79
2025-03-18 - 9.52031-07-26 3.381 3.4
2024-09-13 3.358 3.4- 5.48
2026-02-04 3.663 3.72028-04-13 3.302 3.34
2028-10-19 3.6 3.73.416 3.44
2026-10-14 3.345 3.372026-03-06 4.051 4.18
2025-05-09 3.499 3.53.602 3.6
2026-02-23 3.352 3.422027-07-23 3.434 3.48
2025-09-16 3.396 3.4
2025-04-25 - 3.886254.4
69936.9 487.7 1766 -6511650201 -6248.2 159
11709.5
117305.8 -1636.4 -2426.7 73.41M
204573.6 -841.0 -5825.5 10029.5
1D 1W
165681.1 160.2 7350.9
0
0
0
0
0
0
0
0
0.000
0
0
0
0
0
0.000
0.000
0.000
0.000
900
800900
1800
1600
1600
1400
1200
770
700
111791332
-19703
24
IRS(%) CRS(%) Spread(bp)
-2589
8008-231
-434625
171
29 Jul. 2024
26-07-26 3.19 120 2.0            
 26-12-10 3.06 -90 2.4          
29-07-26 3.16 120 5.0            
 26-03-10 3.11 -50 1.6          
25-12-10 3.13 60 1.4            
 27-03-03 3.10 -20 2.6          
25-05-03 3.37 50 0.8            
 24-09-10 3.39 -20 0.1          
29-07-26 3.33 40 5.0            
 27-03-10 3.06 -20 2.6          
390 3.0            -200 2.0          
33-12-10 3.13 125 9.4            
 26-06-10 3.08 -20 1.9          
54-03-10 3.00 82 29.6          
 26-11-03 3.19 -10 2.3          
26-01-26 3.27 60 1.5            
 26-11-17 3.21 -10 2.3          
34-06-10 3.11 56 9.9            
 26-02-03 3.75 -10 1.5          
27-07-26 3.88 50 3.0            
 25-09-04 3.52 -10 1.1          
372 11.8          -60 1.8          
25-06-10 3.16 80 0.9            
 26-12-10 3.05 -73 2.4          
25-07-26 3.32 80 1.0            
 52-09-10 3.01 -50 28.1       
25-07-25 3.43 60 1.0            
 27-02-04 3.88 -50 2.5          
25-07-26 3.31 60 1.0            
 33-12-10 3.12 -47 9.4          
49-03-10 3.02 53 24.6          
 25-12-01 3.27 -20 1.3          
333 4.7            -240 9.1          
26-12-10 3.05 100 2.4            
 30-12-10 2.13 -20 6.4          
25-06-10 3.17 100 0.9            
 54-03-10 3.01 -10 29.6       
27-03-10 3.05 100 2.6            
 53-09-10 3.66 -10.0 29.1       
29-03-10 3.04 66 4.6            
 25-09-10 3.14 -0.8 1.1          
34-06-10 3.13 51 9.9            
 42-09-10 3.09 -0.4 18.1       
417 3.3            -41 17.5       
