5y
91d
0 0
0 0
0 0
KR Market
KR Bond(%,bp) YTM 1D 1W 1M
CD91D 2.850 -3.0 -11.0 -18.0
2.610 -0.5 0.6 -4.5
 2.830 2.774 -
2.640 -0.8 -5.0 2.0
 3.130 3.080 AA-
2.600 -1.0 -4.2 4.0
 6.500 3.812 A-
2.705 -1.2 -5.0 0.5
 3.399 3.325 AA-
2.795 -2.7 -8.5 -6.6
 4.700 3.497 AAA
2.744 0.4 -4.1 -5.6
 2.845 3.007 AAA
KR Credit(%,bp) YTM 1D 1W 1M
 2.925 3.080 AAA
3.141 -1.5 -6.2 -2.8
 2.815 2.896 AAA
3.182 -1.0 -3.2 2.6
 3.151 3.182 AA-
6.513 -1.0 -5.3 -0.2
 4.300 - -
KTB Futures(tick)
 1D 1W
KTBF 3Y 6.0 13.0
 (십억계약,%,년)
LKTBF 10Y 28.0 75.0
KR Stock(%) Index 1D 1W 1M
KOSPI -0.57 0.13 3.69
KOSDAQ -0.50 -0.55 5.58
FX Market(%) Price 1D 1W 1M
1,430.4 0.21 -0.92 -0.06
959.1 0.27 1.17 4.02
1D(bp) 1D(bp) 1D(bp)
1Y 2.680 -1.2 1Y 2.600 -3.5
 7.0 -0.7
2Y 2.610 -1.5 2Y 2.570 -2.5
 -3.0 -0.7
3Y 2.600 -1.5 3Y 2.585 -2
 0.0 -0.5
5Y 2.625 -1.8 5Y 2.640 -1
 -8.0 -0.6
10Y 2.683 -1.8 10Y 2.545 -1.5
 -11.3 1.0
US Bond Market
US Bond(%,bp) YTM 1D 1W 1M
UST2Y 4.104 -7.3 -21.2 -17.4
UST5Y 4.145 -9.1 -26.2 -28.6
UST10Y 4.308 -9.4 -24.4 -31.6
UST30Y 4.575 -8.2 -19.4 -27.3
KR Credit Market
 (계약수)
Bond Yield(%, bp) Yield 1D 1W 1M 3M 1Y
2.780 -0.9 -0.8 -3.3 -41.3 -87.7
2.836 -1.0 -4.6 2.5 -18.2 -76.6
2.906 -1.0 -5.2 -4.1 -14.4 -70.4
2.822 -1.3 -3.6 -4.0 -39.6 -87.2 Fund Flow (십억원)
2.882 -1.0 -4.2 2.7 -15.6 -84.6 YTD
2.966 -1.2 -5.2 -3.4 -13.0 -89.4 41,131
2.934 -1.0 -1.0 -8.4 -40.7 -80.3 49,190
3.056 -1.5 -6.2 -2.3 -20.9 -84.6 31,212
3.296 -1.7 -5.7 -2.7 -11.0 -86.8 93,247
2.989 -1.0 -1.5 -9.5 -42.5 -89.4 -11,461
3.141 -1.5 -6.2 -2.8 -21.6 -98.6 *는 T-2일 기준, 펀드는 설정액 및 ETF 제외 기준
3.401 -1.7 -6.0 -3.0 -11.3 -96**는 T-4일 기준
3.672 -1.0 -2.0 -10.7 -44.0 -116.7
4.033 -1.5 -6.2 -2.5 -20.4 -109.5
 (십억원)
4.529 -1.7 -6.0 -2.7 -11.5 -84.6
4.389 -1.0 -2.0 -10.7 -44.0 -115.2
 AAA 250
4.831 -1.5 -6.2 -2.0 -19.9 -105.5
 AA- 110
5.213 -1.7 -6.0 -2.7 -11.5 -83.6
 AA- 90
4.961 -1.0 -2.0 -10.7 -44.0 -115.2
 - 80
5.471 -1.5 -6.2 -2.0 -19.9 -104
 AAA 70
5.854 -1.7 -6.0 -2.7 -11.5 -83.6 SK310-1 AA+ 60
2.896 -0.8 0.4 -8.2 -34.2 -83.5
 A+ 60
3.007 -1.1 -4.1 1.6 -16.0 -76.6
 AA- 60
3.080 -1.5 -5.3 -0.4 -11.3 -76
 - 50
2.939 -0.8 1.3 -7.7 -31.6 -86
 AA0 50
3.107 -1.0 -3.3 2.5 -13.6 -78.3
 AAA 50
3.158 -1.5 -6.0 -1.2 -12.2 -86.3
 A- 43
2.968 -0.8 1.3 -7.7 -31.1 -87.3
 AA- 40
3.134 -1.0 -3.2 2.6 -13.6 -79.8
 AA- 40
3.221 -1.4 -5.9 -1.2 -11.8 -86.4
 AAA 40
2.999 -0.8 1.3 -7.7 -31.0 -88.2
 AAA 40
3.182 -1.0 -3.2 2.6 -13.5 -80.9
 AA0 30
3.325 -1.5 -5.9 -1.2 -11.7 -86.8
 AA- 3011,401-1,512
2,360
16,432
IRS(%) CRS(%) Spread(bp)
-9,694
-5,878-1,382
-837-2,807
-4,749
700
600700
20,000
1,300
1,200
1,050
1,000
600
3700.000
14,000
5,000
0
0
0
2.685
2.690
0.000
0.000
0
0
0
0
7,908
135,080 -1,176 199 3,3441M
212,188 -4,355 -4,459 16,624
1D 1W
185,773 382 2,603
2028-02-25 - 2.9307,159
59,115 444 272 -1,4731,709,840 -2,242 7,592
- 3.920
2028-02-24 2.926 2.9202027-01-15 3.035 3.010
2027-02-19 3.340 3.450
3.103 3.050
2026-12-24 - 4.8702026-02-27 2.923 2.930
2028-02-25 - 3.400
4.614 4.680
2027-01-11 3.058 3.0302028-02-25 - 3.020
2027-02-25 - 2.900
3.271 3.2302029-08-27 2.960 2.940
2025-09-24 3.250 3.1002027-03-15 3.170 3.140
2030-02-18 2.980 2.950▪
▪
▪
2,630.3
769.4106.8
118.8
2099-12-312027-02-182027-06-252028-02-25
MMF*
0
0
26Feb. 2025
25-04-30 2.83 300 0.2            
 26-10-02 2.66 -85 1.6          
30-02-25 2.90 100 5.0            
 34-12-10 2.80 -73 9.8          
30-12-10 2.81 80 5.8            
 34-06-10 2.81 -60 9.3          
55-03-10 2.64 67 30.1          
 25-08-20 2.85 -60 0.5          
25-12-10 2.62 50 0.8            
 29-03-10 2.71 -44 4.0          
597 5.1            -322 5.0          
54-09-10 2.64 130 29.6          
 29-09-10 2.70 -84 4.5          
28-02-25 3.92 60 3.0            
 34-12-10 2.79 -59 9.8          
26-12-24 4.87 50 1.8            
 30-06-10 2.78 -51 5.3          
25-09-10 2.63 10 0.5            
 34-06-10 2.82 -35 9.3          
27-07-29 3.00 10 2.4            
 28-06-10 2.70 -30 3.3          
260 16.0          -259 6.4          
25-04-30 2.83 338 0.2            
 27-06-10 2.62 -69 2.3          
55-03-10 2.63 80 30.1          
 26-01-23 2.78 -40 0.9          
28-02-25 2.93 80 3.0            
 34-06-10 2.81 -22 9.3          
26-12-10 2.64 43 1.8            
 44-09-10 2.72 -20 19.6       
26-08-25 2.81 40 1.5            
 26-10-02 3.11 -20 1.6          
581 4.9            -171 4.8          
25-04-30 2.84 1,147 0.2            
 28-06-10 2.69 -120 3.3          
54-09-10 2.63 155 29.6          
 29-12-10 2.77 -120 4.8          
30-12-10 2.80 125 5.8            
 31-06-10 2.83 -30 6.3          
26-09-10 2.64 40 1.5            
 72-09-10 3.11 -20 47.6       
34-12-10 2.79 35 9.8            
 33-12-10 2.85 -2 8.8          
1,502 3.9            -292 7.3          
