10y
10y
91d
2y
0 0
KR Market
KR Bond(%,bp) YTM 1D 1W 1M
CD91D 3.400 0.0 1.0 -13.0
2.841 -0.9 -2.6 -2.4
 3.120 3.247 AAA
2.880 -4.0 -2.0 -3.5
 3.100 3.223 AAA
2.890 -4.2 -0.8 3.0
 3.248 3.249 AAA
2.953 -5.4 0.0 4.3
 3.050 3.216 AAA
3.070 -5.7 3.3 3.8
 3.195 3.227 AAA
2.995 -2.8 5.3 4.7
 3.251 3.297 AAA
KR Credit(%,bp) YTM 1D 1W 1M
 3.168 3.180 AAA
3.465 -4.2 -0.6 -0.3
 3.102 3.180 AAA
3.459 -4.2 -0.9 2.0
 3.108 3.127 AAA
6.899 -4.2 -1.2 0.9
 3.202 3.180 AAA
KTB Futures(tick)
 1D 1W
KTBF 3Y 12 5
 (십억계약,%,년)
LKTBF 10Y 45 -5
KR Stock(%) Index 1D 1W 1M
KOSPI -0.72 -1.08 -1.92
KOSDAQ -1.42 -3.98 -4.27
FX Market(%) Price 1D 1W 1M
1380.2 -0.14 0.85 3.39
910.13 0.58 -0.67 -1.30
1D(bp) 1D(bp) 1D(bp)
1Y 3.080 -3.500 1Y 2.74 -4
 23.9 -2.6
2Y 2.948 -4.750 2Y 2.66 -3
 6.7 -0.8
3Y 2.910 -4.500 3Y 2.645 -4.5
 2.0 -0.3
5Y 2.908 -5.250 5Y 2.65 -4
 -4.5 0.2
10Y 2.953 -5.500 10Y 2.71 -5.5
 -11.8 0.2
US Bond Market
US Bond(%,bp) YTM 1D 1W 1M
UST2Y 4.1 -0.1 10.7 54.1
UST5Y 4.0 -2.3 13.4 56.6
UST10Y 4.2 -3.4 12.1 48.4
UST30Y 4.5 -4.5 8.5 39.0
KR Credit Market
 (계약수)
Bond Yield(%, bp) Yield 1D 1W 1M 3M 1Y
3.174 -0.9 -2.8 -4.3 -13.6 -90.3
3.138 -4.2 -2.0 0.8 -6.0 -136.6
3.196 -5.3 -0.8 2.3 -1.5 -138.9
3.200 -0.1 -0.2 -3.5 -10.8 -93 Fund Flow (십억원)
3.181 -4.0 -0.7 2.2 -8.8 -138.4 YTD
3.257 -5.3 -0.3 2.8 -3.5 -146.9 28890.4
3.306 0.0 -0.2 -2.2 -15.7 -97.3 36063.4
3.369 -4.2 -0.4 0.5 -4.7 -156.9 17488.3
3.577 -5.5 -0.3 3.2 -2.0 -160.1 76994.2
3.385 -0.5 -0.7 -3.5 -13.0 -107.2 -9795.4
3.465 -4.2 -0.6 -0.3 -4.0 -173 *는 T-2일 기준, 펀드는 설정액 및 ETF 제외 기준
3.685 -5.5 -0.5 2.7 -3.5 -170 **는 T-4일 기준
4.140 -0.5 -1.5 -4.8 -32.8 -112.1
4.401 -4.2 -1.4 -1.6 -18.5 -156.9
 (십억원)
4.815 -5.5 -0.5 2.7 -7.8 -150.1
4.857 -1.0 -2.0 -5.3 -33.3 -109.6
 AAA 230
5.194 -4.2 -1.4 -1.6 -18.5 -152.9
 AA+ 101
5.499 -5.5 -0.5 2.7 -7.8 -148.6
 AAA 100
5.429 -0.5 -1.5 -4.8 -32.8 -108.6
 A+ 80
5.824 -4.2 -1.4 -1.6 -18.5 -149.9
 AA0 70
6.140 -5.5 -0.5 2.7 -7.8 -147.8
 AA- 50
3.220 -1.2 -2.6 -3.4 -18.2 -99.9
 AAA 50
3.314 -4.4 -0.9 2.5 -3.8 -130
 AA- 50
3.369 -5.6 0.0 4.0 -0.2 -143.1
 AA0 50
3.235 -1.2 -2.7 -4.1 -18.7 -106
 A+ 43
3.380 -4.2 -0.9 2.5 -1.4 -137.7
 AA0 40
3.444 -5.2 0.2 4.2 1.0 -152.7
 - 40
3.257 -1.2 -2.8 -4.1 -18.7 -108.1
 A0 30
3.411 -4.2 -0.9 2.0 -1.9 -138.6
 A+ 30
3.505 -5.2 0.2 3.9 0.6 -153
 AA0 30
3.287 -1.1 -2.7 -4.0 -18.5 -108.8
 AAA 30
3.459 -4.2 -0.9 2.0 -1.3 -140.3
 - 30
3.607 -5.3 0.1 3.7 0.5 -153.8
 AA- 2511841-3341
-6394
10920
IRS(%) CRS(%) Spread(bp)
-6391
-50906
478-1456
-855
1600
14001000
4000
1000
600
2300
1000
1000
7000.000
9000
6000
8000
28200
0
3.050
3.020
2.930
2.970
0
337.6
121356 603.6 326.9 3876.31M
199947.9 960.3 1882.4 8930.3
1D 1W
172646.6 -127.0 132
2027-10-22 - 3.3120947
60780 -1115.8 -321 -6511693587 -3625 12780.2
- 3.54
2026-03-09 3.395 3.372025-09-28 3.308 3.28
2026-10-23 - 3.26
3.421 3.41
2025-10-02 3.493 3.452026-05-22 3.58 3.54
2029-10-24 - 3.37
- 4.07
2025-05-08 3.661 3.642027-10-22 3.723 3.72
2027-01-30 3.555 3.48
3.994 42025-05-28 3.268 3.27
2028-07-06 - 3.942026-10-23 3.491 3.49
2025-02-14 3.559 3.57▪
▪
▪
2581.03
734.59105.98
116.44
2099-12-312028-06-202025-09-022027-10-22
MMF*
0
25 Oct. 2024
25-09-10 2.84 150 0.9            
 27-03-10 2.93 -40 2.4          
29-10-25 3.27 140 5.0            
 24-11-27 3.32 -30 0.1          
26-06-10 2.95 140 1.6            
 24-11-29 3.32 -30 0.1          
27-10-24 3.10 130 3.0            
 24-11-30 3.33 -30 0.1          
26-10-02 2.88 110 1.9            
 26-07-18 3.19 -30 1.7          
670 2.5            -160 1.0          
54-10-23 3.05 170 30.0          
 25-09-10 2.84 -150 0.9          
28-10-24 3.40 70 4.0            
 28-03-10 3.00 -90 3.4          
34-10-24 3.25 65 10.0          
 34-06-10 3.08 -67 9.6          
27-10-22 3.31 50 3.0            
 27-12-10 2.95 -60 3.1          
27-10-22 3.17 50 3.0            
 25-03-10 2.90 -50 0.4          
405 15.6          -417 3.1          
27-04-24 3.21 160 2.5            
 25-12-10 2.97 -89 1.1          
25-10-24 3.48 90 1.0            
 26-12-10 2.92 -75 2.1          
26-04-24 3.21 80 1.5            
 27-06-10 2.89 -66 2.6          
27-10-22 3.31 70 3.0            
 26-03-10 2.96 -50 1.4          
24-12-05 3.28 50 0.1            
 29-03-10 2.99 -34 4.4          
450 1.8            -314 2.1          
25-07-24 3.20 250 0.7            
 26-09-10 2.90 -50 1.9          
25-10-24 3.14 200 1.0            
 25-03-10 2.87 -30 0.4          
25-09-10 2.85 150 0.9            
 53-09-10 2.99 -20.0 28.9       
26-06-10 2.95 148 1.6            
 51-03-10 2.50 -21.3 26.4       
25-09-09 2.86 100 0.9            
 24-12-10 2.94 -10.0 0.1          
848 1.0            -131 9.5          
