10y
91d
0 0
0 0
0 0
KR Market
KR Bond(%,bp) YTM 1D 1W 1M
CD91D 3.510 0.0 2.0 -1.0
3.022 0.0 -0.8 -20.8
 3.150 3.130 AAA
3.003 1.3 3.2 -12.0
 3.140 3.267
2.943 2.1 2.8 -12.9
 3.220 3.191 AAA
2.960 2.1 3.0 -13.5
 3.370 3.316 AAA
3.000 1.5 2.5 -15.2
 3.110 3.093 AAA
2.995 2.8 3.3 -11.0
 3.185 -
KR Credit(%,bp) YTM 1D 1W 1M
 3.270 3.244 AAA
3.563 2.5 7.2 1.3
 3.111 3.159 AAA
3.462 2.6 5.8 -6.0
 3.09 3.085
6.997 2.1 2.8 -17.8
 3.540 3.289 AAA
KTB Futures(tick)
 1D 1W
KTBF 3Y -8 -20
 (십억계약,%,년)
LKTBF 10Y -16 -56
KR Stock(%) Index 1D 1W 1M
KOSPI 0.83 2.87 -3.54
KOSDAQ 1.28 2.95 -4.98
FX Market(%) Price 1D 1W 1M
1333.2 -0.06 -2.71 -3.86
910.18 -0.34 -1.56 2.98
1D(bp) 1D(bp) 1D(bp)
1Y 3.223 1.50 1Y 2.91 5
 20.1 1.50
2Y 3.025 2.50 2Y 2.775 4.5
 2.2 1.20
3Y 2.930 2.25 3Y 2.73 4.5
 -1.3 0.15
5Y 2.880 2.25 5Y 2.725 4.5
 -8.0 0.15
10Y 2.898 2.00 10Y 2.635 4.5
 -10.3 0.50
US Bond Market
US Bond(%,bp) YTM 1D 1W 1M
UST2Y 3.988 -8.2 5.4 -52.7
UST5Y 3.69 -6.9 1.7 -48.1
UST10Y 3.809 -6.4 -3.6 -43.2
UST30Y 4.062 -6.2 -9.8 -38.7
KR Credit Market
 (계약수)
Bond Yield(%, bp) Yield 1D 1W 1M 3M 1Y
3.266 0.2 2.3 -9.5 -31.4 -55.2
3.176 1.7 4.9 -4.8 -40.8 -94.5
3.175 2.0 3.6 -8.0 -41.2 -101.3
3.325 0.9 3.9 -1.6 -29.9 -56.3 Fund Flow (십억원)
3.229 1.8 4.0 -9.3 -45.5 -102.2 YTD
3.236 2.1 3.3 -11.1 -53.5 -117 26036.6
3.438 0.5 3.5 -6.5 -29.7 -68.7 32690.7
3.449 2.5 7.2 -0.9 -39.4 -114.2 12590.2
3.562 2.3 5.0 -9.0 -51.6 -124.8 41664
3.505 0.5 4.5 -5.3 -29.3 -79.7 -4011.4
3.563 2.5 7.2 1.3 -40.8 -127.8 *는 T-2일 기준, 펀드는 설정액 및 ETF 제외 기준
3.685 2.3 5.0 -9.5 -54.6 -133.2 **는 T-4일 기준
4.383 0.5 1.0 -13.5 -37.1 -71.3
4.569 2.5 4.2 -7.2 -50.7 -107.6
 (십억원)
4.823 2.3 3.0 -12.5 -54.7 -113.5
5.105 0.5 1.0 -13.5 -36.1 -68.3
 AA- 90
5.362 2.5 4.2 -7.2 -49.4 -103.6
 AA0 60
5.507 2.3 3.0 -12.5 -54.2 -112 E134-2 A+ 50
5.672 0.5 1.0 -13.5 -36.6 -69.3
 AA0 50
5.992 2.5 4.2 -7.2 -48.9 -101.1
 AA0 50
6.148 2.3 3.0 -12.5 -54.2 -111.2
 AAA 50
3.310 1.4 2.9 -15.0 -34.8 -69.1
 A0 40
3.315 2.3 4.4 -9.2 -41.0 -98.9
 AA0 40
3.324 2.3 4.7 -9.7 -46.2 -117.8
 AAA 40
3.330 1.5 3.1 -15.4 -35.1 -76.2
 AA0 40
3.379 2.6 5.5 -6.5 -38.0 -107.8
 AAA 40
3.403 2.6 5.4 -8.2 -49.5 -126.6
 40
3.351 1.5 3.1 -15.5 -36.1 -78.4
 40
3.416 2.6 5.4 -6.4 -38.5 -107.6
 40
3.467 2.6 5.3 -8.3 -50.0 -126.3
 32
3.380 1.5 3.1 -15.4 -36.1 -79.2
 AAA 30
3.462 2.6 5.8 -6.0 -38.9 -109.2
 26
3.571 2.6 5.4 -8.4 -50.4 -126.9
 AA0 20-97814836
8630
-3771
IRS(%) CRS(%) Spread(bp)
-1633
-2239623
955-631
3020
1700
15001761
5500
5000
2500
2300
2200
800
7000.000
20000
5000
0
0
0
2.980
3.140
0.000
0.000
0
0
0
0
11467.4
116457.9 1011.2 2927.2 -3858.11M
197094.1 krka. -8091.5 -14378
1D 1W
169273.9 270.3 1170.7
2027-02-07 3.458 3.497715
66564 -219.8 -3344.4 -1511.81658256.8 2822.5 1941.8
3.452 3.5
2027-01-15 3.454 3.482026-07-24 3.364 3.41
2024-09-10 3.404 3.75
3.531 3.55
2024-10-28 3.358 3.532025-06-15 3.265 3.3
2025-01-30 3.651 3.72
- 5.46
2028-06-20 - 4.032029-01-22 3.256 3.28
2026-07-06 3.209 3.28
3.261 3.32024-11-28 3.368 3.52
2028-05-12 - 3.42025-07-18 - 4.28
2026-02-20 - 4.68▪
▪
▪
2696.63
787.44105.87
117.13
2026-02-132028-04-212025-02-142025-01-24
MMF*
0
0
21  Aug. 2024
27-02-20 3.15 410 2.5            
 26-03-03 3.05 -100 1.5          
27-08-20 3.11 180 3.0            
 26-12-10 2.96 -70 2.3          
26-08-20 3.22 170 2.0            
 33-12-10 3.01 -50 9.3          
27-08-20 3.11 150 3.0            
 54-03-10 2.87 -45 29.6       
26-12-10 2.98 100 2.3            
 26-06-10 2.99 -29 1.8          
1,010 2.6            -294 7.4          
54-03-10 2.90 85 29.6          
 26-12-10 2.99 -61 2.3          
26-03-03 3.06 70 1.5            
 24-11-08 3.50 -30 0.2          
34-06-10 3.00 57 9.8            
 31-12-10 3.01 -30 7.3          
25-12-10 3.06 50 1.3            
 33-06-10 3.02 -20 8.8          
27-06-10 2.94 45 2.8            
 24-09-10 3.27 -20 0.1          
306 11.0          -161 3.4          
27-06-10 2.94 73 2.8            
 25-06-10 3.05 -50 0.8          
24-09-15 3.54 70 0.1            
 26-06-10 3.01 -43 1.8          
25-08-20 3.54 70 1.0            
 25-03-01 3.44 -30 0.5          
26-02-20 3.27 60 1.5            
 26-12-10 2.96 -27 2.3          
34-06-10 2.99 51 9.8            
 25-10-02 3.05 -22 1.1          
324 2.7            -172 1.3          
26-12-10 2.97 160 2.3            
 53-03-10 2.90 -10 28.6       
26-03-10 3.04 100 1.6            
 25-03-10 3.12 -10 0.6          
25-06-10 3.03 100 0.8            
 28-03-10 2.96 -2.5 3.6          
25-06-10 3.03 80 0.8            
 52-03-10 2.92 -0.5 27.6       
31-12-10 3.02 70 7.3            
 51-03-10 2.88 -0.1 26.6       
510 2.3            -23 13.4       
