30y
91d
2y
0 0
0 0
KR Market
KR Bond(%,bp) YTM 1D 1W 1M
CD91D 3.480 1.0 -2.0 -9.0
3.070 0.3 -6.6 -11.0
 4.500 -
2.985 -1.4 -7.5 -15.7
 4.900 - A
2.931 -0.9 -6.9 -18.9
 3.430 3.392 AAA
2.950 -0.5 -7.0 -19.2
 3.423 3.382 AAA
3.002 0.5 -5.5 -20.8
 3.410 3.372 AAA
2.989 -0.6 -4.8 -19.1
 3.384 3.342 AAA
KR Credit(%,bp) YTM 1D 1W 1M
 3.371 3.318 AAA
3.478 -0.5 -4.0 -14.2
 3.363 3.301 AAA
3.402 -0.7 -5.5 -17.2
 3.38 3.305 AAA
6.985 -1.2 -7.4 -25.1
 3.392 3.310 AAA
KTB Futures(tick)
 1D 1W
KTBF 3Y 3 17
 (십억계약,%,년)
LKTBF 10Y -2 14
KR Stock(%) Index 1D 1W 1M
KOSPI 1.83 -7.30 -10.13
KOSDAQ 2.14 -6.80 -12.89
FX Market(%) Price 1D 1W 1M
1376.8 0.09 0.02 -0.47
931.89 -2.16 2.61 8.50
1D(bp) 1D(bp) 1D(bp)
1Y 3.155 -1.25 1Y 2.81 4.5
 8.5 -1.55
2Y 2.980 -1.25 2Y 2.71 1.5
 -0.5 0.15
3Y 2.908 -0.25 3Y 2.66 3
 -2.3 0.65
5Y 2.875 0.00 5Y 2.655 2
 -7.5 0.50
10Y 2.910 0.00 10Y 2.565 2
 -9.2 -0.50
US Bond Market
US Bond(%,bp) YTM 1D 1W 1M
UST2Y 3.964 -1.5 -29.6 -66.7
UST5Y 3.764 3 -15.1 -47.8
UST10Y 3.945 5.1 -8.7 -33.7
UST30Y 4.248 6.7 -5.8 -21.9
KR Credit Market
 (계약수)
Bond Yield(%, bp) Yield 1D 1W 1M 3M 1Y
3.247 0.3 -4.9 -8.6 -34.0 -53.8
3.133 -1.2 -6.0 -16.3 -48.4 -86.4
3.143 -0.4 -5.7 -16.0 -49.1 -87.4
3.281 1.1 -2.3 -3.4 -36.3 -55.2 Fund Flow (십억원)
3.194 -0.7 -6.0 -17.6 -52.6 -93.8 YTD
3.216 -0.2 -6.0 -17.8 -61.3 -100.7 34996.3
3.408 0.0 -3.5 -8.3 -34.0 -70.7 31817.4
3.374 -0.5 -5.0 -15.4 -48.6 -107.7 8971.1
3.517 -0.5 -6.0 -20.0 -61.9 -109.9 33812.3
3.460 0.0 -3.5 -8.6 -35.8 -85.2 -849
3.478 -0.5 -4.0 -14.2 -52.3 -122 *는 T-2일 기준, 펀드는 설정액 및 ETF 제외 기준
3.640 -0.5 -6.0 -20.8 -65.9 -118.3 **는 T-4일 기준
4.398 0.0 -4.0 -8.8 -37.6 -67.8
4.539 -0.5 -4.0 -16.3 -57.2 -96.1
 (십억원)
4.813 -0.5 -6.0 -18.7 -60.7 -94.6
5.120 0.0 -4.0 -8.8 -36.6 -64.3
 264
5.332 -0.5 -4.0 -16.3 -55.9 -92.1
 AAA 30
5.497 -0.5 -6.0 -18.7 -60.2 -93.1
 AA0 30
5.687 0.0 -4.0 -8.8 -37.1 -65.3
 A 30
5.962 -0.5 -4.0 -15.8 -55.4 -89.6
 AA0 30
6.138 -0.5 -6.0 -18.7 -60.2 -92.3
 A+ 30
3.306 0.5 -6.3 -11.7 -35.6 -66.3
 AA0 30
3.282 -0.1 -5.4 -16.2 -47.7 -89.5
 AA0 22
3.287 -0.3 -6.4 -16.6 -55.1 -103.2
 A0 20
3.327 0.1 -6.1 -11.8 -35.7 -73.8
 A+ 20
3.324 -0.7 -5.5 -16.7 -47.9 -100.1 KT&G3-2 AAA 20
3.354 -0.5 -6.4 -18.6 -61.1 -113.2
 AAA 20
3.348 0.2 -6.1 -11.9 -36.4 -75.7
 AAA 20
3.359 -0.8 -5.5 -17.3 -48.5 -100.3
 AA0 20
3.419 -0.5 -6.3 -18.7 -61.3 -112.8
 AA- 20
3.377 0.1 -6.1 -11.6 -36.8 -77
 AA- 20
3.402 -0.7 -5.5 -17.2 -49.8 -102.1
 AA- 20
3.522 -0.5 -6.4 -18.8 -61.8 -113.5
 AA- 20▪
▪
▪
2568.41
748.54105.94
117.16
2024-09-132027-01-152024-10-072028-09-07
MMF*
0
0
3.702 3.592024-10-02 3.452 3.43
2028-04-17 3.531 3.52026-01-18 3.437 3.45
2026-02-13 3.41 3.393.229 3.22
2029-05-28 3.184 3.182025-10-17 3.47 3.44
2027-04-23 3.215 3.253.348 3.35
2027-02-23 4.112 4.082025-04-21 3.658 3.66
2026-01-19 3.347 3.35- 4.9
2027-01-22 3.294 3.292026-05-12 3.265 3.29
2025-05-26 3.459 3.45
2027-04-07 - 4.52246.2
69726.4 0 140 -2173.71650405.1 0 5147.2
11869.4
112838.8 498.2 -5122.9 -7734.91M
206053.8 -2283.3 -683.3 1766.3
1D 1W
168400.6 -59.9 1912.5
0
0
 0.000
18000
5400
21000
0
0
2.805
3.260
2.980
0.000
140
140140
1340
300
150
150
150
140
130
11345-1213
-8913
1482
IRS(%) CRS(%) Spread(bp)
2960
-239182
282-2226
-731
8 Aug. 2024
26-07-02 2.98 650 1.9            
 25-06-10 3.10 -79 0.8          
24-10-10 3.37 200 0.2            
 27-06-10 2.95 -53 2.8          
27-08-08 3.19 130 3.0            
 28-12-10 2.98 -50 4.3          
26-12-10 2.97 80 2.3            
 26-06-10 3.01 -30 1.8          
25-07-02 3.06 80 0.9            
 24-09-10 3.28 -24 0.1          
1,140 1.7            -236 2.1          
25-01-02 3.21 200 0.4            
 25-07-02 3.07 -80 0.9          
34-06-10 3.01 109 9.8            
 25-10-02 3.07 -30 1.2          
43-09-10 3.00 19 19.1          
 33-12-10 3.01 -20 9.3          
53-03-10 2.94 20 28.6          
 26-12-10 3.06 -20 2.3          
25-04-07 3.38 14 0.7            
 29-12-10 3.05 -20 5.3          
362 5.8            -170 2.6          
27-06-10 2.94 84 2.8            
 25-06-10 3.11 -53 0.8          
25-10-02 3.07 40 1.2            
 26-12-10 2.96 -37 2.3          
26-07-02 3.01 30 1.9            
 34-06-10 3.00 -31 9.8          
24-10-22 3.49 20 0.2            
 33-12-10 3.02 -30 9.3          
24-11-30 3.39 20 0.3            
 33-06-10 3.02 -30 8.8          
194 1.8            -181 5.4          
24-10-10 3.38 580 0.2            
 26-02-26 3.22 -120 1.6          
25-10-02 3.07 210 1.2            
 25-01-02 3.27 -100 0.4          
25-06-10 3.09 200 0.8            
 25-01-18 3.42 -100.0 0.4          
25-09-10 3.09 100 1.1            
 28-12-10 2.98 -50.0 4.3          
25-03-10 3.13 60 0.6            
 24-09-10 3.30 -13.4 0.1          
1,150 0.6            -383 1.3          
