5Y
91d
20Y
0 0
0 0
KR Market
KR Bond(%,bp) YTM 1D 1W 1M
CD91D 3.400 1.0 2.0 -4.0
2.701 1.7 2.0 -12.2
 3.218 - AA
2.765 3.1 5.0 -11.6
 -3.039 AAA
2.624 1.5 0.6 -19.3
 3.361 3.402 AA-
2.800 4.3 6.8 -7.7
 3.233 3.362 AA-
2.884 3.9 9.4 -9.6
 3.227 - AA
2.827 5.9 9.1 -8.3
 4.708 - A
KR Credit(%,bp) YTM 1D 1W 1M
 3.203 3.247 AA+
3.366 1.5 1.5 -5.1
 3.228 3.371 AA-
3.305 1.9 2.1 -8.1
 3.247 3.402 AA-
6.651 1.9 1.3 -12.5
 3.210 3.258 AA+
KTB Futures(tick)
 1D 1W
KTBF 3Y -13.0 -46.0
 (십억계약,%,년)
LKTBF 10Y -50.0 -181.0
KR Stock(%) Index 1D 1W 1M
KOSPI -0.06 -0.66 -2.43
KOSDAQ 0.13 -2.07 0.46
FX Market(%) Price 1D 1W 1M
1,456.4 0.30 1.22 3.89
928.3 0.26 -0.48 1.88
1D(bp) 1D(bp) 1D(bp)
1Y 2.868 2.0 1Y 2.720 3
 16.7 0.3
2Y 2.758 3.7 2Y 2.620 4
 -0.8 0.6
3Y 2.718 4.3 3Y 2.610 4
 9.3 2.7
5Y 2.728 4.7 5Y 2.580 4
 -7.2 0.5
10Y 2.773 4.7 10Y 2.605 4
 -11.2 0.9
US Bond Market
US Bond(%,bp) YTM 1D 1W 1M
UST2Y 4.349 0.5 10.0 -3.0
UST5Y 4.445 1.0 18.1 14.8
UST10Y 4.591 0.2 19.1 18.6
UST30Y 4.764 -1.2 17.3 17.5
KR Credit Market
 (계약수)
Bond Yield(%, bp) Yield 1D 1W 1M 3M 1Y
3.039 1.3 2.8 -16.5 -16.0 -69.2
2.958 1.9 1.4 -12.8 -12.5 -64
3.094 4.1 6.6 -3.5 -4.4 -47.8
3.053 1.6 4.3 -17.9 -16.5 -70.3 Fund Flow (십억원)
2.988 1.5 1.2 -11.8 -12.3 -72 YTD
3.124 4.0 6.6 -5.9 -7.0 -66.9 7,380
3.268 2.0 4.0 -7.3 -4.3 -62.6 38,251
3.274 1.5 1.5 -5.1 -4.2 -69.8 20,319
3.458 4.3 7.5 -4.2 -5.2 -65.2 99,309
3.346 2.0 4.5 -6.8 -5.7 -70.9 -9,069
3.366 1.5 1.5 -5.1 -5.4 -80.6 *는 T-2일 기준, 펀드는 설정액 및 ETF 제외 기준
3.566 4.3 7.5 -4.2 -5.7 -75.1 **는 T-4일 기준
4.019 2.0 3.5 -10.3 -14.9 -89.7
4.228 1.5 1.0 -8.1 -14.1 -86.4
 (십억원)
4.681 4.3 7.5 -5.7 -7.2 -60.9
4.736 2.0 3.5 -10.3 -15.4 -87.7
 AA+ 90
5.021 1.5 1.0 -8.1 -14.1 -82.9
 AA- 50
5.365 4.3 7.5 -5.7 -7.2 -59.9
 40
5.308 2.0 3.5 -10.3 -14.9 -86.7
 AA+ 30
5.661 1.5 1.0 -7.6 -13.1 -78.9
 AA- 30
6.006 4.3 7.5 -5.7 -7.2 -59.1
 AA+ 30
3.144 1.5 2.3 -10.6 -9.3 -71.1
 AA- 30
3.144 2.4 2.1 -9.6 -10.4 -61.4
 AAA 30
3.234 4.1 7.3 -5.4 -6.3 -56.2
 AA- 30
3.183 1.8 3.3 -8.3 -7.6 -74.2
 AA0 30
3.229 1.9 2.0 -8.4 -8.1 -63
 AAA 30
3.333 4.2 7.5 -3.5 -3.8 -63.7
 30
3.210 1.8 3.5 -8.2 -7.1 -75.6
 30
3.255 1.9 1.9 -8.4 -9.1 -64.4 KT196-1 AAA 20
3.393 4.1 7.4 -3.4 -4.2 -64
 AAA 20
3.240 1.9 3.5 -8.1 -7.1 -76.6
 A+ 10
3.305 1.9 2.1 -8.1 -8.9 -65.9
 10
3.498 4.2 7.7 -3.2 -4.2 -64.6
 AAA 10▪
▪
▪
2,440.5
680.1106.6
117.0
2026-09-242029-06-112028-02-202026-04-23
MMF*
0
0
- 3.162025-04-25 3.463 3.65
2025-12-23 - 52025-01-27 3.241 3.89
2029-02-26 3.077 3.11- 3.82
2028-12-20 - 4.12025-03-05 3.374 3.38
2025-01-17 3.309 4.043.053 3.15
2025-03-03 3.46 3.472027-03-05 3.07 3.11
2027-04-08 3.492 3.473.184 3.21
2026-06-27 3.558 3.62025-01-17 3.538 4.02
2025-06-24 - 3.9
2025-02-07 3.405 3.8410,226
61,506 214 295 3,0551,715,901 1,733 171
-2,127
124,187 1,349 -541 2,9691M
178,437 -4,922 -11,739 -19,589
1D 1W
174,834 -230 -4,144
0
0
 0.000
1,000
4,000
1,000
0
0
2.680
2.960
2.750
0.000
400
300400
1,200
800
700
600
600
300
300
-27,9386,184
41,783
-3,475
IRS(%) CRS(%) Spread(bp)
-1,485
-12,675-361
300-1,158
-309
26 Dec. 2024
29-12-31 3.00 128 5.0            
 27-06-10 2.72 -40 2.5          
26-10-02 2.75 80 1.8            
 25-03-11 3.47 -30 0.2          
29-03-10 2.86 60 4.2            
 26-06-10 2.79 -20 1.5          
34-06-10 3.01 50 9.5            
 25-04-26 3.36 -20 0.3          
28-09-10 2.83 50 3.7            
 25-05-21 3.30 -20 0.4          
368 4.6            -130 1.1          
34-06-10 3.01 129 9.5            
 31-12-10 3.11 -50 7.0          
29-09-10 2.79 41 4.7            
 25-02-07 3.84 -30 0.1          
54-09-10 2.74 34 29.7          
 29-03-10 2.86 -20 4.2          
26-10-07 3.23 30 1.8            
 32-06-10 3.03 -19 7.5          
29-11-30 3.00 25 4.9            
 42-12-10 2.89 -20 18.0       
259 10.0          -139 6.7          
26-08-29 2.94 80 1.7            
 26-12-10 2.77 -40 2.0          
28-12-22 3.24 50 4.0            
 43-09-10 2.86 -30 18.7       
25-12-16 3.09 40 1.0            
 27-06-10 2.70 -30 2.5          
25-03-12 3.62 30 0.2            
 27-06-10 2.72 -29 2.5          
27-12-10 2.62 30 3.0            
 29-03-10 2.86 -28 4.2          
230 2.0            -157 5.8          
26-10-02 2.76 70 1.8            
 25-12-10 2.70 -81 1.0          
33-06-10 3.03 40 8.5            
 25-12-10 2.69 -58 1.0          
28-06-10 2.83 40 3.5            
 54-03-10 2.76 -15 29.2       
54-09-10 2.76 35 29.7          
 34-06-10 2.98 -13 9.5          
27-03-10 2.78 20 2.2            
 72-09-10 2.71 -9 47.7       
205 8.2            -176 6.4          
