5y
91d
0 0
0 0
0 0
KR Market
KR Bond(%,bp) YTM 1D 1W 1M
CD91D 2.850 1.0 -9.0 -18.0
2.631 0.5 1.7 -2.4
 2.720 2.836 AAA
2.642 0.2 -3.4 2.2
 2.820 2.809 AAA
2.592 -0.3 -3.5 3.2
 3.197 3.499 A+
2.680 0.0 -6.8 -2.0
 3.264 3.174 AA-
2.750 -0.3 -13.5 -11.1
 2.859 2.808 AAA
2.690 -0.5 -9.0 -11.0 CJ ENM26-2
 3.261 3.174 AA-
KR Credit(%,bp) YTM 1D 1W 1M
 3.012 - AA
3.126 -0.5 -5.7 -4.3
 3.634 3.969 A+
3.174 -0.1 -3.3 1.8
 2.868 2.881 AAA
6.507 -0.1 -3.2 -0.8
 2.789 2.846 AAA
KTB Futures(tick)
 1D 1W
KTBF 3Y -1.0 11.0
 (십억계약,%,년)
LKTBF 10Y -2.0 100.0
KR Stock(%) Index 1D 1W 1M
KOSPI -0.73 -1.22 3.35
KOSDAQ -0.07 0.34 5.78
FX Market(%) Price 1D 1W 1M
1,443.0 0.69 0.35 0.82
963.9 0.38 0.84 4.54
1D(bp) 1D(bp) 1D(bp)
1Y 2.648 -3.3 1Y 2.595 -0.5
 1.7 -3.8
2Y 2.583 -2.0 2Y 2.525 -2
 -5.9 -2.2
3Y 2.568 -1.8 3Y 2.540 -2
 -2.5 -1.5
5Y 2.578 -1.2 5Y 2.580 -2
 -10.3 -1.2
10Y 2.633 -0.8 10Y 2.485 -2
 -11.8 -0.5
US Bond Market
US Bond(%,bp) YTM 1D 1W 1M
UST2Y 4.092 1.8 -18.2 -10.5
UST5Y 4.107 1.6 -24.0 -22.8
UST10Y 4.277 1.9 -22.9 -25.8
UST30Y 4.531 2.0 -21.8 -24.6
KR Credit Market
 (계약수)
Bond Yield(%, bp) Yield 1D 1W 1M 3M 1Y
2.801 0.9 0.7 -1.2 -21.7 -86.1
2.830 -0.1 -4.0 1.9 -5.3 -79.5
2.876 -0.5 -7.2 -7.1 -5.4 -77
2.844 0.8 -1.2 -1.8 -19.4 -86 Fund Flow (십억원)
2.873 -0.3 -3.6 1.8 -3.1 -88.2 YTD
2.941 0.0 -6.9 -5.9 -2.5 -94.9 41,153
2.949 0.5 0.0 -6.9 -25.7 -80.3 50,090
3.043 -0.3 -5.5 -3.6 -10.7 -87.6 30,525
3.274 0.0 -7.4 -4.9 -1.4 -92.5 92,043
3.004 0.5 0.0 -8.0 -27.5 -88.9 -10,536
3.126 -0.5 -5.7 -4.3 -11.6 -101.8 *는 T-2일 기준, 펀드는 설정액 및 ETF 제외 기준
3.377 -0.2 -7.6 -5.4 -1.9 -101.9 **는 T-4일 기준
3.684 0.2 -0.8 -9.5 -28.3 -116
4.018 -0.5 -5.7 -4.0 -9.4 -113.5
 (십억원)
4.505 -0.2 -7.6 -5.1 -1.1 -90.5
4.401 0.2 -0.8 -9.5 -28.3 -115
 AA+ 150
4.816 -0.5 -5.7 -3.5 -8.9 -109.5
 AAA 120
5.189 -0.2 -7.6 -5.1 -1.1 -89.5
 AA 100
4.973 0.2 -0.8 -9.5 -28.3 -115
 AAA 90
5.458 -0.3 -5.5 -3.3 -8.7 -107.8
 AA0 90
5.832 0.0 -7.4 -4.9 -0.9 -89.3
 - 80
2.911 0.7 0.6 -6.7 -21.3 -83
 A+ 74
2.995 -0.2 -4.0 0.4 -5.2 -79.7
 - 70
3.058 0.3 -6.6 -2.6 -1.1 -81 KT200-1 AAA 60
2.952 0.3 0.9 -6.4 -19.3 -84.8
 AA+ 60
3.097 -0.2 -3.6 1.5 -2.9 -80.6
 AA- 50
3.135 0.3 -6.9 -3.5 -2.5 -91.2
 AA+ 50
2.981 0.3 0.9 -6.4 -18.8 -86.1
 AA0 50
3.126 -0.2 -3.4 1.8 -2.8 -81.9
 AAA 40
3.197 0.3 -6.9 -3.6 -2.2 -91.4
 AA0 40
3.012 0.3 0.9 -6.4 -18.7 -87
 AA- 40
3.174 -0.1 -3.3 1.8 -2.8 -83
 AAA 40
3.302 0.4 -6.9 -3.5 -2.0 -91.7 SK312-3 AA+ 40▪
▪
▪
2,621.8
770.9106.8
119.3
2029-08-292025-04-042028-02-272028-02-26
MMF*
0
0
3.092 3.0902030-02-27 - 3.380
2029-10-08 2.984 3.0102036-03-04 3.050 3.070
2026-05-08 3.010 3.0103.003 3.020
2027-11-04 3.234 3.1702026-04-27 2.850 2.880
2026-02-04 2.907 2.900- 3.400
2026-02-27 2.796 2.8402028-12-20 - 3.740
2030-02-27 - 3.6202.833 2.850
2030-02-25 3.048 3.0702030-02-26 2.902 2.940
2028-02-25 - 3.010
2026-02-19 2.860 2.860-5,488
60,040 85 1,670 -2321,708,636 136 1,115
#N/A
134,393 -4 -2,055 #N/A1M
212,211 1,396 -5,324 #N/A
1D 1W
186,673 348 2,043
0
0
0
0
0.000
14,000
5,000
0
0
0
2.685
2.690
0.000
0.000
1,300
1,1801,400
4,000
2,500
1,820
1,800
1,700
1,000
1,000
18,834-1,360
-5,380
5,080
IRS(%) CRS(%) Spread(bp)
90
-4,822-1,609
-1,751-1,745
-5,940
28 Feb. 2025
29-02-27 2.79 90 4.0            
 26-09-10 2.66 -38 1.5          
30-02-28 2.85 57 5.0            
 26-07-02 2.67 -30 1.3          
30-02-27 2.87 50 5.0            
 26-02-19 2.85 -30 1.0          
25-09-19 2.86 50 0.6            
 29-03-10 2.71 -27 4.0          
26-10-02 2.66 40 1.6            
 30-03-10 2.65 -24 5.0          
287 3.4            -149 2.4          
25-04-24 2.73 100 0.2            
 33-12-10 2.89 -150 8.8          
34-12-10 2.75 80 9.8            
 34-06-10 2.77 -60 9.3          
54-09-10 2.58 50 29.6          
 54-03-10 2.60 -51 29.0       
26-07-02 2.67 50 1.3            
 47-03-10 2.69 -50 22.0       
27-08-27 4.67 45 2.5            
 27-03-10 2.67 -30 2.0          
325 7.6            -341 13.2       
26-08-27 2.82 110 1.5            
 25-04-24 2.74 -130 0.2          
26-02-27 2.79 80 1.0            
 54-09-10 2.59 -71 29.6       
55-03-10 2.58 69 30.0          
 25-03-21 3.02 -60 0.1          
27-08-27 2.98 60 2.5            
 26-02-11 2.86 -50 1.0          
25-08-12 2.91 60 0.5            
 27-12-10 2.59 -48 2.8          
379 6.6            -359 6.4          
54-09-10 2.58 142 29.6          
 28-06-10 2.69 -90 3.3          
44-09-10 2.68 29 19.5          
 31-12-10 2.81 -40 6.8          
30-12-10 2.77 25 5.8            
 33-12-10 2.79 -31 8.8          
32-12-10 2.80 18 7.8            
 27-06-10 2.66 -33 2.3          
26-09-10 2.67 1 1.5            
 30-12-10 2.77 -20 5.8          
215 23.5          -214 4.8          
