2Y
91d
30y
1y
0 0
KR Market
KR Bond(%,bp) YTM 1D 1W 1M
CD91D 3.000 -4.0 -26.0 -30.0
2.625 -1.2 -3.2 -6.8
 2.640 2.637
2.580 -2.4 -6.0 -7.7
 2.730 2.746 AAA
2.496 -0.4 -0.5 -2.0
 2.780 2.786 AAA
2.635 -1.2 -4.0 5.3
 2.802 2.853 AAA
2.794 0.9 5.2 15.4
 2.800 2.796 AAA
2.710 -1.4 -5.9 14.3
 3.103 3.082 AA+
KR Credit(%,bp) YTM 1D 1W 1M
 2.880 3.022 AAA
3.206 -1.0 -3.5 -1.6
 3.157 3.213 AA-
3.165 -0.7 -2.0 -1.0
 3.224 3.216 AA-
6.503 -1.1 -2.4 -3.7
 3.090 - AA
KTB Futures(tick)
 1D 1W
KTBF 3Y 7.0 7.0
 (십억계약,%,년)
LKTBF 10Y 10.0 -2.0
KR Stock(%) Index 1D 1W 1M
KOSPI 0.03 5.13 4.30
KOSDAQ 0.54 5.37 9.36
FX Market(%) Price 1D 1W 1M
1,460.5 0.38 -0.42 2.35
923.6 0.09 -1.58 -2.31
1D(bp) 1D(bp) 1D(bp)
1Y 2.668 -2.5 1Y 2.620 -2.5
 4.3 -1.3
2Y 2.578 -3.0 2Y 2.525 -2
 -0.2 -0.6
3Y 2.570 -1.8 3Y 2.535 -1
 7.4 -1.4
5Y 2.610 -1.0 5Y 2.585 -1
 -2.5 0.2
10Y 2.688 -0.5 10Y 2.595 -1
 -10.7 -1.4
US Bond Market
US Bond(%,bp) YTM 1D 1W 1M
UST2Y 4.264 -2.3 2.0 11.7
UST5Y 4.461 -0.2 9.0 36.2
UST10Y 4.690 -0.2 12.8 46.2
UST30Y 4.938 0.4 15.8 51.8
KR Credit Market
 (계약수)
Bond Yield(%, bp) Yield 1D 1W 1M 3M 1Y
2.832 -4.1 -12.7 -17.5 -38.6 -77.8
2.791 -0.5 -2.9 -4.7 -42.3 -84.3
2.905 -1.2 -5.5 3.4 -34.8 -71.9
2.845 -2.7 -11.4 -14.8 -37.6 -76.7 Fund Flow (십억원)
2.827 -0.8 -2.2 -4.1 -41.3 -91 YTD
2.957 -1.4 -4.2 5.5 -34.9 -88.6 31,285
3.078 -2.5 -11.5 -12.8 -24.5 -74.1 36,638
3.114 -1.0 -3.5 -1.6 -31.1 -91.6 24,350
3.288 -1.7 -4.5 6.0 -33.2 -88 108,990
3.156 -2.5 -11.5 -12.3 -25.6 -82.4 -10,696
3.206 -1.0 -3.5 -1.6 -31.8 -104.1 *는 T-2일 기준, 펀드는 설정액 및 ETF 제외 기준
3.396 -1.7 -4.5 6.0 -33.4 -97.4 **는 T-4일 기준
3.849 -1.5 -9.5 -12.3 -32.6 -100.7
4.073 -0.5 -3.0 -2.4 -39.5 -107.9
 (십억원)
4.516 -1.2 -4.0 6.0 -34.4 -82.7
4.566 -1.5 -9.5 -12.3 -33.1 -98.7
 AAA 160
4.866 -0.5 -3.0 -2.4 -39.5 -104.4
 AA+ 80
5.200 -1.2 -4.0 6.0 -34.4 -81.7
 AA- 80
5.138 -1.5 -9.5 -12.3 -32.6 -97.7
 - 60
5.506 -0.5 -3.0 -2.4 -38.5 -100.4
 AA- 60
5.841 -1.2 -4.0 6.0 -34.4 -80.9
 A+ 60
3.006 -1.6 -6.6 -11.6 -24.5 -75.8
 AA0 50
3.002 -1.2 -2.3 -1.1 -36.5 -79.3
 AAA 50
3.060 -1.3 -4.6 5.1 -34.4 -77.8
 AAA 50
3.040 -1.7 -7.4 -10.6 -23.8 -79.4
 AA0 50
3.090 -0.8 -2.1 -1.0 -34.7 -81.6
 AA- 40
3.159 -1.4 -4.4 5.3 -32.5 -85.5
 AA+ 40
3.068 -1.7 -7.3 -10.4 -23.2 -80.7
 AA+ 40
3.117 -0.8 -2.1 -1.1 -35.0 -82.9
 AAA 40
3.219 -1.5 -4.4 5.4 -32.6 -85.8
 AAA 40
3.097 -1.7 -7.4 -10.4 -23.3 -81.8
 AAA 40
3.165 -0.7 -2.0 -1.0 -35.0 -84.6
 AAA 40
3.324 -1.4 -4.4 5.6 -32.3 -86.4
 - 40▪
▪
▪
2,521.9
723.5107.0
118.0
2028-06-202025-05-272032-01-172029-12-21
MMF*
0
- 4.6002028-06-08 2.936 2.920
2029-08-21 2.978 2.9602028-07-06 2.947 2.930
2027-03-29 2.899 2.9003.184 3.200
2026-04-27 2.912 2.9002025-07-25 3.427 3.290
2025-02-07 3.399 3.2703.091 3.120
2025-04-29 3.202 3.1302026-01-30 3.142 3.080
2025-05-09 3.313 3.200- 3.950
2025-10-02 3.333 3.4102026-03-03 2.931 2.880
2025-01-17 3.219 3.240
2026-01-09 2.880 2.8806,214
59,879 0 0 -2,2911,725,583 0 0
-5,472
128,218 481 2,444 6,0941M
202,343 954 35,383 8,789
1D 1W
173,221 358 4,074
0
 0.000
14,000
12,000
40,000
8,000
0
2.670
2.830
2.705
2.640
1,000
1,0001,500
8,000
7,000
3,000
2,000
2,000
1,000
1,000
13,182-7,276
-24,196
502
IRS(%) CRS(%) Spread(bp)
8,245
15,581387
1,524-1,925
-5,890
10 Jan. 2025
27-01-09 2.73 400 2.0            
 28-03-10 2.63 -280 3.2          
28-01-09 2.80 80 3.0            
 30-12-10 2.81 -80 5.9          
34-06-10 2.89 69 9.4            
 25-06-10 2.75 -70 0.4          
26-04-09 2.78 70 1.2            
 25-01-14 3.11 -70 0.0          
29-03-10 2.67 50 4.2            
 28-09-10 2.65 -40 3.7          
669 3.0            -540 2.8          
33-12-10 2.92 140 8.9            
 34-06-10 2.89 -157 9.4          
54-09-10 2.71 106 29.7          
 27-06-10 2.62 -70 2.4          
27-07-09 2.80 80 2.5            
 26-03-10 2.58 -60 1.2          
29-01-09 3.10 50 4.0            
 29-09-10 2.64 -36 4.7          
53-03-10 2.70 39 28.2          
 27-06-10 2.57 -34 2.4          
415 14.2          -356 5.5          
29-03-10 2.67 205 4.2            
 54-03-10 2.70 -251 29.2       
27-01-09 2.73 90 2.0            
 26-12-10 2.61 -53 1.9          
27-07-09 3.09 90 2.5            
 31-06-10 2.83 -41 6.4          
27-07-09 3.10 70 2.5            
 26-03-03 2.58 -30 1.1          
27-02-10 3.21 70 2.1            
 34-06-10 2.89 -27 9.4          
525 3.0            -402 19.8       
25-12-10 2.61 250 0.9            
 25-03-28 3.13 -150 0.2          
26-01-09 2.64 70 1.0            
 25-03-06 3.09 -100 0.2          
53-09-10 2.71 20 28.7          
 33-12-10 2.93 -87 8.9          
27-09-10 2.65 20 2.7            
 25-09-03 2.67 -80 0.6          
27-03-10 2.67 20 2.2            
 53-03-10 3.28 -50 28.2       
380 2.6            -467 4.9          
