5y
20y
2y
3y
0 0
KR Market
KR Bond(%,bp) YTM 1D 1W 1M
CD91D 3.510 0.0 -1.0 -9.0
3.182 -2.2 -4.0 -16.3
 3.480 3.442 AAA
3.075 -2.3 -3.5 -18.5
 3.290 3.214 AAA
3.020 -2.5 -4.0 -18.0
 3.270 3.295 AAA
3.052 -2.2 -3.0 -16.0
 3.300 3.215 AAA
3.122 -1.0 -1.3 -14.8
 3.180 3.194 AAA
3.085 -0.2 -0.4 -15.7
 3.860 3.392 AA+
KR Credit(%,bp) YTM 1D 1W 1M
 3.230 3.275 AAA
3.505 -2.5 -3.5 -20.3
 3.190 3.308 AAA
3.470 -2.2 -4.0 -19.5 E140-2
 3.58 3.933 A+
7.089 -5.2 -7.4 -24.3
 3.459 3.538 AA-
KTB Futures(tick)
 1D 1W
KTBF 3Y 6 15
 (십억계약,%,년)
LKTBF 10Y 10 35
KR Stock(%) Index 1D 1W 1M
KOSPI -1.74 -4.03 -2.30
KOSDAQ -2.08 -3.06 -5.31
FX Market(%) Price 1D 1W 1M
1385.4 0.12 0.27 -0.15
906.35 1.75 2.51 4.16
1D(bp) 1D(bp) 1D(bp)
1Y 3.260 -2.25 1Y 3.12 -4.5
 7.8 -0.05
2Y 3.070 -2.50 2Y 2.89 -3
 -0.5 -0.20
3Y 3.000 -3.00 3Y 2.825 -3
 -2.0 -0.50
5Y 2.978 -1.75 5Y 2.825 -3
 -7.5 0.45
10Y 3.020 -1.00 10Y 2.735 -3
 -10.2 0.00
US Bond Market
US Bond(%,bp) YTM 1D 1W 1M
UST2Y 4.439 0.7 -3.4 -31.6
UST5Y 4.137 -3.8 1.7 -14.6
UST10Y 4.243 -4.4 4 -0.9
UST30Y 4.485 -5.9 6.4 10.5
KR Credit Market
 (계약수)
Bond Yield(%, bp) Yield 1D 1W 1M 3M 1Y
3.315 -2.1 -4.2 -20.2 -30.4 -48.1
3.192 -2.2 -1.9 -19.3 -49.4 -80.4
3.220 -1.7 -2.1 -15.9 -49.7 -78.9
3.314 -1.8 -2.0 -19.8 -36.4 -51.9 Fund Flow (십억원)
3.271 -2.4 -3.9 -18.2 -51.7 -86.1 YTD
3.303 -2.2 -3.1 -16.8 -62.9 -89.7 34357.1
3.463 -2.0 -3.5 -17.2 -30.5 -66.4 28937.7
3.416 -2.5 -3.2 -18.7 -50.7 -100.7 15074.5
3.609 -2.3 -3.3 -18.5 -61.7 -98.1 34612.7
3.515 -2.0 -3.8 -16.8 -32.6 -78.7 -678.1
3.505 -2.5 -3.5 -20.3 -55.9 -115.1 *는 T-2일 기준, 펀드는 설정액 및 ETF 제외 기준
3.732 -2.8 -3.8 -19.8 -65.7 -104.8 **는 T-4일 기준
4.468 -2.0 -4.0 -16.1 -34.4 -60.3
4.589 -2.5 -4.0 -20.1 -59.0 -89.3
 (십억원)
4.905 -2.3 -3.0 -17.2 -60.5 -81.6
5.190 -2.0 -4.0 -16.1 -33.4 -57.8
 AA- 120
5.382 -2.5 -4.0 -20.1 -57.2 -85.3
 AAA 110
5.589 -2.3 -3.0 -17.2 -60.0 -80.7 E140-1 A+ 80
5.757 -2.0 -4.0 -16.6 -33.9 -58.8 E140-2 A+ 80
6.012 -2.5 -4.0 -19.6 -56.7 -82.8
 AA- 80
6.230 -2.3 -3.0 -17.2 -60.0 -79.8
 AA0 60
3.415 -2.1 -4.0 -16.8 -28.7 -56
 AAA 60
3.353 -2.4 -4.1 -17.8 -48.6 -81.3
 AAA 50
3.382 -2.1 -2.6 -14.6 -56.0 -91.3
 AA+ 50
3.434 -2.3 -4.0 -17.5 -28.1 -63.5
 AA- 50
3.392 -2.2 -4.0 -18.8 -48.9 -91.3
 AA+ 40
3.445 -1.9 -2.7 -17.5 -61.9 -100.9
 A+ 40
3.456 -2.3 -4.0 -17.4 -29.2 -65.4
 A0 40
3.428 -2.2 -4.0 -19.3 -49.6 -91.7
 AAA 40
3.509 -2.0 -2.8 -17.8 -61.9 -100.6
 AAA 40
3.484 -2.2 -4.0 -17.4 -29.9 -66
 AA+ 40
3.470 -2.2 -4.0 -19.5 -51.1 -93.6
 40
3.613 -2.0 -2.9 -18.6 -62.3 -101.1
 3013304-12634
-19868
4559
IRS(%) CRS(%) Spread(bp)
8816
11012-495
-345-603
-1848
1600
15002000
10000
2600
2500
2400
2000
1500
12000.000
11000
5000
2000
4000
0
3.110
3.085
3.170
3.150
0
11319.1
118942.2 -276.9 -1373.8 1976.81M
205414.6 498.3 -6057.5 8957
1D 1W
165520.9 -42.0 7714.4
2026-04-16 3.581 3.585574.5
69897.3 1811.4 1672.7 -843.21651205.5 1702 2307.8
- 3.58
2025-09-19 3.708 3.72027-07-25 - 3.36
2026-07-24 - 3.53
3.325 3.31
2025-07-25 - 3.542026-02-17 3.479 3.46
2027-05-07 3.325 3.3
3.583 3.57
2027-07-23 4.517 4.62026-07-04 3.401 3.39
2026-07-24 - 3.55
- 3.852025-02-07 3.472 3.47
2025-04-18 - 4.022035-11-30 3.563 3.51
2029-07-29 3.301 3.3▪
▪
▪
2710.65
797.29105.65
116.00
2029-07-252025-01-242027-01-152027-07-23
MMF*
0
26 Jul. 2024
26-07-25 3.18 200 2.0            
 26-04-02 3.11 -50 1.7          
26-01-25 3.23 160 1.5            
 25-06-10 3.20 -43 0.9          
27-06-10 3.02 96 2.9            
 25-04-02 3.22 -40 0.7          
27-09-10 3.05 90 3.1            
 29-03-31 3.17 -40 4.7          
25-10-23 3.30 50 1.2            
 26-12-10 3.05 -30 2.4          
596 2.1            -203 2.0          
27-07-25 3.27 120 3.0            
 27-06-10 3.02 -72 2.9          
33-12-10 3.15 98 9.4            
 50-03-10 2.94 -58 25.6       
26-07-25 3.30 90 2.0            
 26-09-10 3.07 -40 2.1          
27-07-25 3.29 70 3.0            
 26-06-10 3.08 -30 1.9          
29-07-25 3.24 50 5.0            
 30-06-10 3.12 -30 5.9          
428 4.5            -230 8.7          
27-07-23 3.43 103 3.0            
 26-06-10 3.08 -71 1.9          
26-07-24 3.42 70 2.0            
 25-12-10 3.11 -66 1.4          
27-07-25 3.29 60 3.0            
 28-03-10 3.07 -50 3.6          
27-07-25 3.27 60 3.0            
 26-12-10 3.05 -35 2.4          
26-07-24 3.42 60 2.0            
 27-03-03 3.09 -30 2.6          
353 2.6            -252 2.3          
29-03-10 3.06 100 4.6            
 53-03-10 3.02 -100 28.6       
25-03-10 3.21 100 0.6            
 28-12-10 3.11 -60 4.4          
27-06-10 3.02 100 2.9            
 52-03-10 3.02 -13.6 27.6       
27-09-10 3.04 98 3.1            
 25-09-10 3.16 -3.4 1.1          
27-03-10 3.06 50 2.6            
 30-06-10 3.13 -2.8 5.9          
448 2.8            -180 19.6       
