0 0
0 0
0 0
0 0
0 0
KR Market
KR Bond(%,bp) YTM 1D 1W 1M
CD91D 3.320 1.0 4.0 -12.0
2.683 -0.6 -2.1 -16.8
 2.960 2.927 AAA
2.655 -1.5 -3.7 -32.3
 -2.998 AAA
2.536 -1.1 -8.6 -40.6
 3.980 3.262 AA-
2.615 -1.5 -1.9 -37.0
 3.350 3.059 AA+
2.675 -2.5 -6.9 -38.7
 3.122 3.122 AA+
2.573 -2.5 -7.2 -41.3
 3.119 3.119 AA+
KR Credit(%,bp) YTM 1D 1W 1M
 -2.863 AAA
3.263 -0.7 0.9 -26.4
 3.164 3.181 AA+
3.199 -1.2 -1.7 -30.8
 3.107 3.111 AA+
6.558 -1.2 -2.2 -34.6
 -2.998 AAA
KTB Futures(tick)
 1D 1W
KTBF 3Y 7.0 3.0
 (십억계약,%,년)
LKTBF 10Y 17.0 -30.0
KR Stock(%) Index 1D 1W 1M
KOSPI 0.50 2.73 3.20
KOSDAQ 1.52 4.90 0.59
FX Market(%) Price 1D 1W 1M
1,433.0 0.08 0.97 1.88
937.1 -0.09 -0.87 3.92
1D(bp) 1D(bp) 1D(bp)
1Y 2.790 -1.5 1Y 2.605 1
 10.7 -0.9
2Y 2.608 -1.0 2Y 2.445 0.5
 -4.7 0.5
3Y 2.550 -1.5 3Y 2.420 1
 1.4 -0.4
5Y 2.540 -2.5 5Y 2.385 1
 -7.5 -1.0
10Y 2.583 -3.3 10Y 2.410 1
 -9.2 -0.7
US Bond Market
US Bond(%,bp) YTM 1D 1W 1M
UST2Y 4.249 5.4 14.1 -4.1
UST5Y 4.252 6.8 21.6 -5.6
UST10Y 4.399 7.0 24.3 -5.5
UST30Y 4.602 5.5 26.3 -3.6
KR Credit Market
 (계약수)
Bond Yield(%, bp) Yield 1D 1W 1M 3M 1Y
3.003 0.0 -0.6 -21.3 -21.5 -70.1
2.863 -0.5 -2.6 -33.0 -23.1 -73.8
2.912 -1.3 0.0 -31.9 -18.3 -67
2.998 0.2 -0.2 -26.0 -24.1 -73 Fund Flow (십억원)
2.895 -0.6 -2.0 -33.4 -22.6 -82.3 YTD
2.943 -1.0 -0.6 -34.7 -20.6 -86.9 19,512
3.213 -0.5 0.7 -14.7 -14.0 -65.1 42,584
3.171 -0.7 0.9 -26.0 -17.3 -80.6 20,480
3.266 -1.0 -0.5 -34.2 -21.4 -86.2 95,116
3.286 -0.5 0.7 -15.3 -15.9 -73.4 -8,529
3.263 -0.7 0.9 -26.4 -19.5 -92.9 *는 T-2일 기준, 펀드는 설정액 및 ETF 제외 기준
3.374 -1.0 -0.5 -34.2 -22.4 -95.6 **는 T-4일 기준
3.969 -1.0 -0.3 -18.1 -24.4 -91.2
4.133 -1.2 0.4 -30.1 -26.9 -96.9
 (십억원)
4.489 -1.5 -1.0 -35.7 -23.4 -81.4
4.686 -1.0 -0.3 -18.1 -24.9 -89.2
 AAA 250
4.926 -1.2 0.4 -30.1 -26.9 -93.4
 AAA 100
5.173 -1.5 -1.0 -35.7 -23.4 -80.4
 AAA 90
5.258 -1.0 -0.3 -18.1 -24.4 -88.2
 AAA 80
5.566 -1.2 0.4 -29.6 -25.9 -89.4
 AA- 60
5.814 -1.5 -1.0 -35.7 -23.4 -79.6
 AA0 40
3.116 -0.5 -1.8 -14.2 -13.3 -70
 AA0 40
3.035 -1.0 -2.3 -32.0 -21.7 -71.7
 AAA 30
3.047 -1.2 -0.8 -34.7 -20.7 -77.1
 AA0 30
3.141 -0.5 -1.4 -14.2 -13.1 -73.6
 AA- 30
3.124 -1.2 -1.7 -30.5 -19.6 -73.1
 AA+ 22
3.143 -1.3 -0.7 -33.4 -18.5 -84.7
 AA- 20
3.167 -0.5 -1.2 -14.2 -12.8 -75
 AAA 20
3.151 -1.2 -1.7 -30.8 -20.6 -74.5 S-Oil58-1 AA0 20
3.204 -1.1 -0.5 -33.3 -18.9 -84.8
 AAA 20
3.196 -0.5 -1.3 -14.2 -12.8 -75.9
 AA- 20
3.199 -1.2 -1.7 -30.8 -20.5 -76.2
 AA0 20
3.307 -1.1 -0.5 -33.2 -19.0 -85.7
 AA0 11-6,3734,259
19,488
-994
IRS(%) CRS(%) Spread(bp)
-213
-13,147-721
-31-1,805
-2,903
600
600700
1,900
1,500
1,000
1,000
900
600
5000.000
0
0
0
0
0
0.000
0.000
0.000
0.000
0
0
0
0
0
0
0
0
1,979
124,348 1,219 2,138 4,2491M
190,569 -127 -8,819 -6,352
1D 1W
179,167 412 332
2029-12-13 - 3.013,362
62,046 -37 853 1,4661,711,709 -1,705 4,915
- 2.98
2027-02-22 3.215 3.232027-12-13 - 2.98
2026-12-11 - 2.96
3.289 3.42
2026-11-29 3.034 3.062025-07-14 3.288 3.31
2029-09-12 3.078 3.16
3.091 3.1
2026-01-18 3.049 3.082026-10-07 3.21 3.22
2026-02-24 3.091 3.06
4.45 4.552026-08-11 3.186 3.22
2031-02-16 3.116 3.132027-02-17 3.032 3.05
2027-04-23 3.141 3.19▪
▪
▪
2,494.5
693.7106.8
119.3
2054-11-122026-09-112025-05-202027-12-13
MMF*
0
0
16 Dec. 2024
26-12-13 2.87 310 2.0            
 30-06-10 2.78 -80 5.5          
27-06-13 2.86 200 2.5            
 25-05-01 3.30 -40 0.4          
25-12-10 2.67 130 1.0            
 74-09-10 2.40 -35 49.8       
26-12-10 2.66 110 2.0            
 25-02-17 3.37 -30 0.2          
34-06-10 2.79 96 9.5            
 26-07-02 2.70 -20 1.6          
846 2.8            -205 10.9       
29-12-13 3.01 250 5.0            
 25-12-10 2.66 -100 1.0          
27-06-13 2.96 200 2.5            
 25-10-02 2.67 -50 0.8          
29-12-13 2.95 110 5.0            
 26-03-03 2.68 -50 1.2          
27-12-13 2.98 100 3.0            
 25-12-10 2.66 -40 1.0          
29-12-13 2.90 90 5.0            
 31-12-10 2.81 -40 7.0          
750 4.1            -280 1.9          
34-06-10 2.77 124 9.5            
 28-03-10 2.69 -118 3.2          
27-12-10 2.55 122 3.0            
 26-12-10 2.66 -85 2.0          
25-12-13 3.31 70 1.0            
 30-06-10 2.78 -30 5.5          
29-09-10 2.64 61 4.7            
 28-09-10 2.70 -20 3.7          
27-12-13 3.16 40 3.0            
 25-01-02 3.18 -20 0.1          
417 4.8            -273 2.9          
27-09-10 2.66 109 2.7            
 26-09-10 2.66 -50 1.7          
34-06-10 2.79 93 9.5            
 25-06-10 2.85 -50 0.5          
26-10-02 2.66 70 1.8            
 25-12-10 2.70 -50 1.0          
27-06-13 2.86 50 2.5            
 26-09-10 2.67 -29 1.7          
30-06-10 2.78 35 5.5            
 26-06-10 2.72 -11 1.5          
357 4.6            -189 1.2          
