10y
91d
3y
0 0
0 0
KR Market
KR Bond(%,bp) YTM 1D 1W 1M
CD91D 3.600 0.0 0.0 0.0
3.342 1.3 -1.8 -2.8
 3.550 3.441 AAA
3.256 2.6 -7.9 -17.4
 3.470 3.443
3.195 4.5 -8.3 -21.7
 5.100 3.919 AA-
3.220 4.0 -8.0 -22.5
 3.487 3.488 AAA
3.270 4.5 -8.2 -22.5
 3.440 3.530 AAA
3.235 4.0 -5.5 -19.5
 3.309 3.342 AAA
KR Credit(%,bp) YTM 1D 1W 1M
 3.650 3.671 AA-
3.714 4.0 -10.0 -25.7
 3.540 - AAA
3.666 4.6 -6.0 -18.1
 4.25 3.398 AAA
7.338 4.5 -8.1 -24.7
 3.261 3.334 AAA
KTB Futures(tick)
 1D 1W
KTBF 3Y -13 23
 (십억계약,%,년)
LKTBF 10Y -36 43
KR Stock(%) Index 1D 1W 1M
KOSPI 0.37 1.91 3.06
KOSDAQ -0.43 -1.59 1.30
FX Market(%) Price 1D 1W 1M
1384.6 0.20 0.78 1.56
874.34 -0.18 0.07 0.15
1D(bp) 1D(bp) 1D(bp)
1Y 3.408 1.25 1Y 3.365 5
 6.6 -0.05
2Y 3.273 2.25 2Y 3.115 5.5
 1.7 -0.35
3Y 3.205 3.75 3Y 3.1 6
 1.0 -0.75
5Y 3.148 4.00 5Y 3.075 6
 -7.3 0.00
10Y 3.150 4.00 10Y 2.98 10
 -12.0 -0.50
US Bond Market
US Bond(%,bp) YTM 1D 1W 1M
UST2Y 4.75 2.5 4.5 -8.9
UST5Y 4.282 3.1 3.1 -15.9
UST10Y 4.266 3.9 1.7 -15.1
UST30Y 4.399 4.2 0 -15.2
KR Credit Market
 (계약수)
Bond Yield(%, bp) Yield 1D 1W 1M 3M 1Y
3.518 0.5 -2.4 -6.0 -4.9 -26.6
3.379 4.5 -7.5 -20.3 -13.1 -60
3.381 3.9 -6.2 -20.6 -14.9 -60.2
3.515 0.4 -4.7 -10.9 -9.1 -34.5 Fund Flow (십억원)
3.449 4.0 -8.8 -23.4 -17.8 -66.5 YTD
3.485 3.5 -9.7 -28.6 -30.2 -70.6 32972.9
3.635 0.5 -4.5 -10.0 -7.0 -41.2 17858.8
3.606 4.0 -9.7 -23.4 -23.5 -71 12206.6
3.807 3.5 -9.7 -27.6 -31.1 -77.5 24072
3.678 0.5 -5.0 -12.0 -15.3 -47.5 -7.8
3.714 4.0 -10.0 -25.7 -33.7 -78.7 *는 T-2일 기준, 펀드는 설정액 및 ETF 제외 기준
3.946 3.5 -9.7 -29.0 -36.3 -85.2 **는 T-4일 기준
4.629 0.5 -5.5 -12.5 -13.5 -40.7
4.806 4.0 -10.0 -27.0 -26.5 -61.9
 (십억원)
5.090 3.5 -9.7 -28.5 -25.0 -61.9
5.351 0.5 -5.5 -11.5 -12.0 -39.2
 AAA 378
5.591 4.0 -10.0 -26.5 -24.5 -60.2
 AA- 150
5.774 3.5 -9.7 -28.0 -24.5 -61.5
 AAA 117
5.923 0.5 -5.5 -11.5 -12.0 -40.2
 AA- 60
6.216 4.0 -10.0 -26.5 -24.5 -58.7
 AA- 60
6.415 3.5 -9.7 -28.0 -24.5 -61.1
 AA0 50
3.587 1.4 -3.1 -6.9 -7.2 -35
 AAA 50
3.530 4.2 -8.3 -19.2 -19.3 -62.8
 AA+ 40
3.546 4.0 -7.6 -24.3 -22.7 -75.4
 AA- 40
3.607 1.3 -3.4 -7.6 -8.4 -42.6
 AA0 40
3.581 4.6 -6.0 -17.7 -22.6 -69.6 POSCO312-1 AA+ 40
3.636 4.0 -8.2 -26.7 -31.1 -81
 AAA 40
3.628 1.3 -3.6 -8.3 -10.5 -44.3
 AA- 40
3.622 4.6 -5.8 -17.4 -22.9 -69.6
 40
3.704 4.0 -8.3 -26.7 -30.7 -80.1 KT186-3 AAA 20
3.657 1.4 -3.6 -8.2 -11.2 -45.4
 20
3.666 4.6 -6.0 -18.1 -24.1 -71.5
 AAA 20
3.815 4.0 -8.3 -26.4 -30.4 -79.8
 AAA 2074324-3364
-45781
-207
IRS(%) CRS(%) Spread(bp)
2408
-17445437
915-400
-2862
1300
12311600
20000
6200
3700
1726
1600
1200
10000.000
27000
6200
13700
0
0
3.275
3.470
3.250
0.000
 0
0
1491.6
116074.3 1197.5 1544.6 2780.61M
204030.4 -19.4 2808.7 -3986.7
1D 1W
154442 446.8 1757.5
2027-06-20 - 3.4915096.6
70567.6 -1840 -2007 -78.91640664.8 8648.9 9910.3
3.833 3.76
2026-11-23 3.837 3.762025-11-28 3.566 3.57
2027-06-20 - 3.49
3.453 3.46
2027-01-24 3.503 3.52024-10-15 3.768 3.7
2024-07-26 3.611 3.63
3.512 3.49
2026-09-18 3.789 3.722027-04-08 3.451 3.49
2025-07-07 3.475 3.52
- 4.012028-12-20 - 4.37
2025-10-20 - 4.022028-11-03 - 4.09
2024-06-26 3.462 3.61▪
▪
▪
2807.63
857.51105.16
114.60
2026-02-202026-01-162026-01-272026-04-14
MMF*
0
0
21 June. 2024
34-06-20 4.25 120 10.0          
 28-09-10 3.24 -130 4.2          
29-06-20 3.31 100 5.0            
 25-09-10 3.32 -70 1.2          
25-01-20 3.51 100 0.6            
 31-12-10 3.30 -55 7.5          
27-06-20 3.26 90 3.0            
 25-10-02 3.31 -50 1.3          
29-06-30 3.33 88 5.0            
 25-06-15 3.47 -50 1.0          
498 5.0            -355 3.3          
27-06-20 3.49 103 3.0            
 26-12-10 3.23 -80 2.5          
34-06-10 3.27 96 10.0          
 53-09-10 3.15 -49 29.2       
25-09-10 3.32 77 1.2            
 33-12-10 3.27 -28 9.5          
27-06-10 3.19 77 3.0            
 32-12-10 3.28 -20 8.5          
25-10-02 3.31 70 1.3            
 26-01-16 3.49 -20 1.6          
422 4.0            -197 10.6       
24-08-22 3.55 253 0.2            
 24-09-10 3.14 -50 0.2          
27-06-18 3.65 100 3.0            
 26-04-23 3.35 -40 1.8          
27-06-10 3.18 67 3.0            
 24-10-19 3.58 -30 0.3          
25-01-27 3.66 50 0.6            
 33-12-10 3.29 -20 9.5          
24-09-19 3.53 50 0.2            
 25-07-02 3.34 -20 1.0          
520 1.1            -160 1.9          
24-08-22 3.56 235 0.2            
 24-09-03 3.38 -66 0.2          
27-03-10 3.21 105 2.7            
 28-03-10 3.22 -60 3.7          
26-09-10 3.23 100 2.2            
 25-09-10 3.33 -50 1.2          
30-06-10 3.24 50 6.0            
 31-12-10 3.28 -19.8 7.5          
54-03-10 3.13 34 29.7          
 52-03-10 3.30 -14.0 27.7       
524 3.5            -210 4.0          
