3y
91d
2y
1y
0 0
KR Market
KR Bond(%,bp) YTM 1D 1W 1M
CD91D 3.510 0.0 0.0 2.0
2.900 1.9 -7.7 -13.0
 3.240 3.233 AAA
2.960 4.0 -0.7 -1.1
 3.200 3.194 AAA
2.868 5.3 -4.2 -4.7
 4.000 5.406 AA-
2.895 4.8 -7.7 -3.5
 3.160 3.150 -
2.970 3.2 -6.2 -0.5
 3.240 3.233 AAA
2.852 -0.3 -21.8 -11.0
 3.200 3.194 AAA
KR Credit(%,bp) YTM 1D 1W 1M
 3.200 - AAA
3.513 3.5 -7.0 2.2
 3.140 3.164 AAA
3.448 4.9 -3.6 4.4
 3.33 3.315 AA+
6.897 4.8 -6.5 -7.2
 3.398 3.346 AA+
KTB Futures(tick)
 1D 1W
KTBF 3Y -12 -5
 (십억계약,%,년)
LKTBF 10Y -28 16
KR Stock(%) Index 1D 1W 1M
KOSPI 2.34 -0.13 -1.88
KOSDAQ 3.05 0.79 -4.42
FX Market(%) Price 1D 1W 1M
1338.7 -0.02 0.21 -2.31
940.55 -0.79 1.27 1.73
1D(bp) 1D(bp) 1D(bp)
1Y 3.168 2.75 1Y 2.815 1.5
 26.8 0.85
2Y 2.928 3.50 2Y 2.615 2.5
 -3.2 -0.50
3Y 2.838 3.25 3Y 2.6 3
 -3.1 -2.05
5Y 2.788 4.00 5Y 2.625 4
 -10.8 -0.80
10Y 2.803 2.75 10Y 2.59 4
 -16.8 -0.45
US Bond Market
US Bond(%,bp) YTM 1D 1W 1M
UST2Y 3.643 -0.1 -10.3 -29.1
UST5Y 3.466 2.1 -7.2 -20.7
UST10Y 3.676 2.2 -5.4 -16.9
UST30Y 3.99 2.3 -3.1 -17
KR Credit Market
 (계약수)
Bond Yield(%, bp) Yield 1D 1W 1M 3M 1Y
3.235 2.0 -6.5 -0.8 -29.5 -65.9
3.139 5.4 -4.0 1.2 -27.7 -105
3.155 4.9 -4.0 1.6 -25.3 -107.3
3.263 1.7 -6.4 -2.3 -28.4 -72.4 Fund Flow (십억원)
3.167 5.0 -4.2 -2.2 -33.4 -115.8 YTD
3.212 4.8 -3.9 0.9 -32.5 -121.7 16734.9
3.383 0.5 -7.0 -2.0 -27.7 -76.4 35605
3.399 3.5 -7.0 2.2 -26.4 -125.7 10142.7
3.545 3.5 -4.7 3.3 -31.4 -130.3 55048.2
3.475 0.5 -6.5 1.5 -23.3 -85.2 -7252.4
3.513 3.5 -7.0 2.2 -26.1 -140.3 *는 T-2일 기준, 펀드는 설정액 및 ETF 제외 기준
3.663 3.5 -4.7 2.8 -33.5 -139.2 **는 T-4일 기준
4.243 0.5 -7.5 -13.0 -42.1 -88.8
4.457 3.5 -6.5 -7.0 -40.9 -125.3
 (십억원)
4.788 3.5 -4.7 -0.5 -35.4 -120.8
4.965 0.5 -7.5 -13.0 -42.1 -85.8
 AA- 391
5.250 3.5 -6.5 -7.0 -40.1 -121.3
 AA+ 120
5.472 3.5 -4.7 -0.5 -35.4 -119.3
 AA- 96
5.532 0.5 -7.5 -13.0 -42.6 -85.3
 AA- 80
5.880 3.5 -6.5 -7.0 -39.6 -118.3
 AA 80
6.113 3.5 -4.7 -0.5 -35.4 -118.5
 AA+ 70
3.267 1.8 -4.6 -1.4 -32.8 -79.6
 - 70
3.295 5.5 -2.7 2.4 -28.0 -105.4
 - 60
3.312 4.8 -3.7 3.5 -27.6 -119.9 S-Oil61-1 AA0 50
3.291 1.9 -5.4 -0.8 -33.3 -86.1
 AA0 50
3.365 5.0 -3.5 4.1 -25.0 -114.3
 BBB+ 40
3.388 4.2 -4.8 3.9 -29.5 -129.5
 AA0 40
3.311 1.8 -5.4 -0.9 -33.4 -88.4
 AA0 40
3.402 5.0 -3.5 4.0 -25.2 -114.2
 AAA 40
3.453 4.3 -4.7 3.9 -29.9 -129.3
 AA 40
3.341 1.9 -5.4 -0.8 -33.3 -89.1
 AA0 40
3.448 4.9 -3.6 4.4 -25.0 -115.9
 AAA 40
3.557 4.2 -4.7 4.0 -30.7 -129.8
 AAA 40▪
▪
▪
2572.09
731.03105.90
117.15
2027-04-282026-03-032029-12-202027-09-10
MMF*
0
3.163 3.262030-07-13 3.342 3.38
2025-04-22 3.323 3.442024-10-11 3.557 3.65
2027-09-12 - 3.233.348 3.45
2028-10-30 3.395 3.452026-04-13 3.221 3.28
2026-09-11 4.079 4.11- 4.02
2029-09-03 3.262 3.322026-09-11 - 3.43
2028-06-20 - 3.99- 3.25
2027-09-12 - 3.232026-09-10 3.282 3.32
2099-12-31 - 3.99
2026-09-11 - 4.313648.7
63323 -638.8 -1052 -6241.21671641 970.6 7493.1
2914.3
114010.4 32.4 -1673.7 -2447.51M
187792.4 570.5 -9375.7 -9301.7
1D 1W
172188.2 257.5 882.8
0
 0.000
16000
8000
8000
7000
0
2.875
3.150
2.935
2.890
3000
30003000
4000
4000
4000
3500
3000
2600
2400
155296067
12464
-3961
IRS(%) CRS(%) Spread(bp)
-2880
-25634-427
-1980-53
-1656
13 Sep. 2024
54-03-10 2.88 146 29.5          
 26-01-02 2.99 -100 1.3          
27-03-03 2.97 130 2.5            
 26-03-10 3.00 -60 1.5          
27-09-12 3.06 120 3.0            
 28-03-10 2.94 -50 3.5          
26-09-12 3.16 120 2.0            
 26-03-09 3.22 -50 1.5          
28-09-12 3.07 110 4.0            
 26-04-30 3.19 -50 1.6          
626 9.1            -310 1.8          
29-09-12 3.14 190 5.0            
 29-03-10 2.94 -104 4.5          
27-09-12 3.16 160 3.0            
 54-03-10 2.88 -48 29.5       
26-01-02 3.00 140 1.3            
 26-06-10 2.97 -50 1.7          
26-03-10 3.00 100 1.5            
 25-09-30 2.99 -20 1.0          
26-04-02 3.00 60 1.6            
 29-07-18 3.14 -20 4.8          
650 2.9            -242 8.6          
34-06-10 2.97 151 9.7            
 26-06-10 2.97 -120 1.7          
27-06-10 2.87 152 2.7            
 54-03-10 2.88 -85 29.5       
29-09-12 3.20 70 5.0            
 33-06-10 3.03 -78 8.7          
27-01-12 3.60 70 2.3            
 26-07-02 2.96 -70 1.8          
54-09-10 2.87 68 30.0          
 24-12-08 3.45 -65 0.2          
510 8.7            -418 8.5          
26-09-10 2.95 120 2.0            
 26-06-10 3.01 -100 1.7          
26-06-10 2.97 100 1.7            
 25-09-10 2.87 -80 1.0          
28-09-10 2.94 81 4.0            
 27-03-10 2.92 -2.5 2.5          
25-09-10 2.86 75 1.0            
 34-06-10 2.98 -0.6 9.7          
27-03-03 2.94 60 2.5            
 36-09-10 2.98 -0.6 12.0       
436 2.2            -184 1.5          
