0 0
0 0
0 0
0 0
0 0
KR Market
KR Bond(%,bp) YTM 1D 1W 1M
CD91D 3.290 0.0 -15.0 -14.0
2.692 -1.0 -13.1 -14.9
 3.040 2.988 AAA
2.685 -3.9 -19.6 -26.5
 3.180 3.174 AAA
2.611 -2.9 -20.6 -32.4
 3.040 2.958 AAA
2.652 -3.4 -22.5 -34.8
 3.080 2.988 AAA
2.760 -2.5 -22.0 -34.2
 1.000 - BB+
2.708 -3.6 -20.2 -31.9
 3.074 3.077 AAA
KR Credit(%,bp) YTM 1D 1W 1M
 3.050 3.002 AAA
3.242 -3.0 -17.5 -28.3
 - - -
3.202 -2.9 -18.4 -30.9
 3.087 3.089 AAA
6.571 -3.2 -20.5 -35.3
 4.300 - -
KTB Futures(tick)
 1D 1W
KTBF 3Y 8.0 60.0
 (십억계약,%,년)
LKTBF 10Y 15.0 199.0
KR Stock(%) Index 1D 1W 1M
KOSPI -1.95 -1.81 -5.32
KOSDAQ -2.33 0.17 -8.13
FX Market(%) Price 1D 1W 1M
1,394.7 -0.06 -0.51 0.89
929.7 1.29 2.03 3.15
1D(bp) 1D(bp) 1D(bp)
1Y 2.855 -1.0 1Y 2.685 -8.5
 16.3 0.0
2Y 2.698 -3.0 2Y 2.515 -5
 1.2 0.9
3Y 2.655 -3.0 3Y 2.495 -4.5
 4.4 -0.1
5Y 2.630 -3.0 5Y 2.470 -3.5
 -2.2 0.4
10Y 2.658 -3.0 10Y 2.500 -3.5
 -10.3 -0.5
US Bond Market
US Bond(%,bp) YTM 1D 1W 1M
UST2Y 4.165 -7.0 -21.4 -1.3
UST5Y 4.059 -8.4 -23.8 -10.9
UST10Y 4.188 -7.7 -21.7 -11.3
UST30Y 4.368 -7.2 -22.1 -13.6
KR Credit Market
 (계약수)
Bond Yield(%, bp) Yield 1D 1W 1M 3M 1Y
3.018 -6.4 -18.6 -16.1 -29.2 -91.7
2.883 -3.7 -20.3 -30.2 -32.6 -102.9
2.930 -3.4 -19.9 -31.0 -30.2 -100.9
3.038 -5.1 -19.4 -18.8 -32.5 -94.3 Fund Flow (십억원)
2.904 -3.4 -20.2 -32.3 -34.7 -114.1 YTD
2.966 -3.6 -21.7 -34.0 -32.5 -120.7 27,568
3.206 -3.0 -13.5 -12.0 -27.7 -89.8 40,957
3.150 -3.0 -17.5 -27.9 -34.7 -122.2 16,852
3.288 -3.3 -21.2 -33.7 -34.4 -128 91,888
3.279 -3.0 -13.5 -12.6 -29.1 -102.3 -10,934
3.242 -3.0 -17.5 -28.3 -36.9 -138 *는 T-2일 기준, 펀드는 설정액 및 ETF 제외 기준
3.396 -3.3 -21.2 -33.7 -35.9 -138.9 **는 T-4일 기준
3.967 -3.0 -15.5 -17.8 -40.6 -119.4
4.112 -3.0 -19.7 -32.6 -45.5 -136
 (십억원)
4.516 -3.3 -22.2 -34.7 -35.9 -121.2
4.684 -3.0 -15.5 -17.8 -41.1 -116.9
 - 260
4.905 -3.0 -19.7 -32.6 -45.5 -132
 AAA 247
5.200 -3.3 -22.2 -34.7 -35.9 -119.7
 AA+ 220
5.256 -3.0 -15.5 -17.8 -40.6 -115.9
 AA- 160
5.545 -3.0 -19.2 -32.1 -44.5 -128
 AAA 141
5.841 -3.3 -22.2 -34.7 -35.9 -118.9
 - 140
3.124 -1.7 -12.6 -9.9 -21.8 -92.8
 AAA 120
3.047 -3.0 -19.3 -30.5 -30.2 -102.8
 AA- 60
3.069 -3.4 -21.9 -34.8 -30.9 -111.3
 AA- 60
3.145 -1.4 -12.1 -10.7 -22.3 -98.3
 AAA 53
3.126 -2.9 -18.7 -30.6 -30.6 -106.4
 AAA 50
3.160 -3.4 -20.8 -33.1 -30.7 -119
 AA0 43
3.169 -1.4 -12.3 -10.5 -21.9 -100.1
 AA- 40
3.154 -2.8 -18.5 -30.9 -31.6 -107.6
 AA+ 40
3.219 -3.5 -20.8 -33.3 -31.2 -119.3
 AA 40
3.199 -1.3 -12.2 -10.4 -21.9 -100.7
 AA0 34
3.202 -2.9 -18.4 -30.9 -31.4 -109.3
 AA- 30
3.322 -3.4 -20.8 -33.3 -31.4 -120.2
 AAA 3054,326-3,742
-40,343
8,550
IRS(%) CRS(%) Spread(bp)
-6,327
-7,40455
-1,6941,123
-6,027
2,200
2,0002,475
4,000
3,300
3,000
3,000
2,500
1,412
1,3000.000
0
0
0
0
0
0.000
0.000
0.000
0.000
0
0
0
0
0
0
0
0
2,008
120,719 -178 1,289 -6901M
198,625 -70 -1,551 2,227
1D 1W
177,540 -134 431
2026-11-27 - 4.313,786
59,641 749 1,010 -1,5981,708,480 3,851 7,917
3.241 3.18
2026-11-29 - 3.092027-11-29 - 3.07
2025-10-24 3.295 3.31
3.156 3.13
2027-02-05 3.23 3.22030-07-26 - 3.22
2026-02-24 3.019 2.95
4.51 4.59
2025-02-28 3.347 3.292027-11-29 - 3.07
2026-02-17 3.052 3.03
3.027 32025-01-30 3.487 3.36
2027-09-10 3.138 3.112027-01-25 3.23 3.16
2027-11-29 - 3.04▪
▪
▪
2,455.9
678.2106.8
119.3
2026-11-252054-11-122030-02-262026-10-07
MMF*
0
0
2 Dec. 2024
26-07-02 2.74 80 1.6            
 29-03-10 2.70 -130 4.3          
26-10-02 2.69 80 1.8            
 25-12-10 2.74 -80 1.0          
34-06-10 2.76 37 9.5            
 26-03-10 2.75 -78 1.3          
29-11-30 2.84 35 5.0            
 25-03-10 2.89 -70 0.3          
25-10-02 2.69 30 0.8            
 25-10-02 3.07 -50 0.8          
262 3.2            -408 2.0          
27-11-29 3.07 187 3.0            
 25-10-02 2.69 -50 0.8          
26-11-29 3.09 101 2.0            
 72-09-10 2.56 -18 47.8       
28-11-29 3.20 100 4.0            
 31-12-10 2.77 -20 7.0          
54-09-10 2.65 76 29.8          
 48-03-10 2.70 -20 23.3       
26-07-02 2.75 55 1.6            
 26-12-24 2.87 -20 2.1          
519 6.8            -128 12.1       
26-11-29 3.04 90 2.0            
 29-12-20 3.64 -65 5.1          
43-09-10 2.74 62 18.8          
 29-09-10 2.65 -46 4.8          
25-09-29 3.18 70 0.8            
 34-06-10 2.75 -36 9.5          
30-12-10 2.79 70 6.0            
 26-12-10 2.65 -37 2.0          
26-06-26 3.14 50 1.6            
 26-07-02 2.74 -35 1.6          
342 5.6            -219 4.7          
34-06-10 2.62 89 9.5            
 32-12-10 2.79 -271 8.0          
29-03-10 2.68 86 4.3            
 25-12-10 2.78 -153 1.0          
54-03-10 2.63 71 29.3          
 26-03-10 2.79 -91 1.3          
27-06-10 2.60 50 2.5            
 25-03-10 2.87 -80 0.3          
26-03-10 2.74 40 1.3            
 29-12-10 2.73 -67 5.0          
336 10.3          -663 4.2          
