3Y
3Y
91d
0 0
0 0
KR Market
KR Bond(%,bp) YTM 1D 1W 1M
CD91D 3.430 0.0 0.0 3.0
2.830 0.3 -1.3 -3.3
 3.060 3.053 AAA
2.942 1.7 -1.3 0.7
 3.186 3.136 AAA
2.900 1.8 -3.2 -4.8
 3.277 3.187 AAA
2.949 1.2 -4.3 -4.6
 3.225 3.380 AAA
3.035 -0.2 -6.0 -4.2
 3.330 3.392 AAA
2.975 -1.3 -5.5 4.7
 3.190 3.198 AAA
KR Credit(%,bp) YTM 1D 1W 1M
 3.190 3.198 AAA
3.490 1.3 -3.7 -3.4
 3.356 3.322 AA+
3.468 1.8 -3.3 -4.7
 3.380 3.335 AA+
6.867 1.8 -5.2 -9.7
 3.402 3.363 AA+
KTB Futures(tick)
 1D 1W
KTBF 3Y -6.0 5.0
 (십억계약,%,년)
LKTBF 10Y 4.0 38.0
KR Stock(%) Index 1D 1W 1M
KOSPI -1.15 -2.21 -2.51
KOSDAQ -1.96 -3.35 -5.47
FX Market(%) Price 1D 1W 1M
1394.7 0.60 1.74 3.35
910.75 -0.64 0.74 0.37
1D(bp) 1D(bp) 1D(bp)
1Y 3.143 1.250 1Y 2.87 2
 31.3 1.0
2Y 2.983 1.750 2Y 2.725 1.5
 4.0 0.0
3Y 2.933 1.500 3Y 2.695 1.5
 3.3 -0.3
5Y 2.908 0.750 5Y 2.685 2.5
 -4.1 -0.4
10Y 2.938 0.250 10Y 2.735 2.5
 -9.8 0.4
US Bond Market
US Bond(%,bp) YTM 1D 1W 1M
UST2Y 4.3 - 9.2 29.6
UST5Y 4.2 - 4.4 28.9
UST10Y 4.3 - 2.0 20.5
UST30Y 4.5 - 0.2 5.8
KR Credit Market
 (계약수)
Bond Yield(%, bp) Yield 1D 1W 1M 3M 1Y
3.193 0.6 0.4 -2.5 -5.0 -89.7
3.152 1.6 -3.2 -6.2 2.5 -118.6
3.196 1.2 -3.8 -5.7 5.7 -113.2
3.237 0.4 0.0 1.6 -4.9 -89.5 Fund Flow (십억원)
3.188 1.6 -3.6 -5.2 -0.1 -118.8 YTD
3.252 1.1 -4.8 -5.4 4.9 -120.4 27252.1
3.340 0.3 0.1 1.7 -6.3 -100.4 40739.4
3.394 1.3 -3.7 -3.1 1.7 -143.4 17385.9
3.570 1.0 -4.5 -5.0 5.8 -137 89807
3.419 0.3 0.1 0.7 -4.1 -112.3 -10271
3.490 1.3 -3.7 -3.4 -0.1 -159.8 *는 T-2일 기준, 펀드는 설정액 및 ETF 제외 기준
3.678 1.0 -4.5 -5.2 4.3 -147.9 **는 T-4일 기준
4.135 0.0 -1.0 -4.0 -23.8 -120.6
4.400 1.3 -4.0 -6.8 -12.7 -145.8
 (십억원)
4.808 1.0 -4.5 -5.2 1.5 -128.5
4.852 0.0 -1.0 -4.5 -24.3 -118.1 S-Oil62-1 AA0 80
5.193 1.3 -4.0 -6.8 -12.7 -141.8
 AAA 80
5.492 1.0 -4.5 -5.2 1.5 -127
 - 80
5.424 0.0 -1.0 -4.0 -23.8 -117.1
 AA0 55
5.828 1.3 -4.0 -6.3 -12.2 -138.3
 AA- 50
6.133 1.0 -4.5 -5.2 1.5 -126.2
 AA0 40
3.239 0.4 0.0 -1.2 -4.2 -102.5
 AA0 40
3.313 1.6 -3.0 -5.4 4.2 -113.8
 AA0 40
3.356 1.2 -4.3 -4.8 7.9 -117.5
 - 40
3.263 0.4 0.2 -1.5 -3.6 -107.5
 AAA 40
3.390 1.8 -3.2 -4.7 6.6 -120.8
 A0 33
3.438 1.4 -4.1 -4.6 8.9 -126.6
 AA0 30
3.287 0.4 0.2 -1.3 -3.3 -109.3
 AAA 30
3.420 1.8 -3.3 -4.7 5.8 -121.8
 - 30
3.499 1.4 -4.1 -4.6 8.5 -126.9
 - 28
3.316 0.4 0.2 -1.4 -3.3 -110
 AA+ 20
3.468 1.8 -3.3 -4.7 6.4 -123.5
 - 20
3.602 1.4 -4.1 -4.5 8.5 -127.6
 AA0 20-9496-553
10164
631
IRS(%) CRS(%) Spread(bp)
-1305
-4913-548
1521849
1080
3000
500900
2200
1600
500
2000
1500
400
6000.000
6990
5000
3900
0
0
2.870
2.840
3.060
0.000
 0
0
5699.6
121253.6 -190.7 1855.7 655.51M
198309.6 -2588.6 4153.8 6490.9
1D 1W
177322.6 123.5 1269.1
2027-11-04 3.276 3.2922191.3
60304.3 -189.8 -647.9 -19761706399.8 5099.6 5156.2
3.375 3.53
2027-10-04 3.276 3.282033-01-18 3.267 3.27
2027-07-09 - 5.3
3.298 3.3
2026-04-22 - 0.982025-01-30 3.589 3.46
2027-04-08 3.261 3.29
3.263 3.29
2026-10-23 3.252 3.222026-02-28 3.253 3.26
2026-11-06 3.947 3.97
3.381 3.542027-06-27 3.246 3.26
2028-06-20 - 3.972029-10-17 - 0
2029-07-02 - 5.23▪
▪
▪
2531.66
728.84105.94
116.80
2025-02-022029-10-042029-05-092025-01-24
MMF*
0
0
12 Nov. 2024
27-11-11 3.06 190 3.0            
 34-06-10 3.04 -83 9.6          
27-11-11 3.19 80 3.0            
 26-04-02 2.98 -60 1.4          
29-09-10 2.95 76 4.8            
 27-12-10 2.84 -60 3.1          
25-08-11 3.32 60 0.7            
 54-03-10 2.90 -31 29.3       
27-06-10 2.88 52 2.6            
 28-12-10 3.02 -30 4.1          
458 3.0            -264 7.9          
26-07-02 2.97 110 1.6            
 26-03-10 2.94 -20 1.3          
26-04-02 2.98 80 1.4            
 28-01-03 3.07 -20 3.1          
27-11-11 5.29 40 3.0            
 30-06-10 0.75 -20 5.6          
26-09-03 2.98 20 1.8            
 26-04-22 0.98 -20 1.4          
24-12-08 3.11 20 0.1            
 34-06-10 3.04 -14 9.6          
270 1.7            -94 3.9          
24-12-11 3.23 150 0.1            
 24-12-27 3.59 -20 0.1          
27-06-10 2.90 74 2.6            
 26-04-02 2.97 -20 1.4          
24-12-09 3.32 60 0.1            
 32-04-15 4.05 -20 7.4          
27-11-11 3.19 50 3.0            
 27-05-03 3.43 -20 2.5          
29-09-10 2.95 38 4.8            
 52-03-10 2.92 -20 27.3       
372 1.5            -100 7.8          
27-06-10 2.88 73 2.6            
 34-06-10 3.04 -102 9.6          
42-09-10 2.99 30 17.8          
 24-12-10 2.99 -80 0.1          
25-02-11 3.08 30 0.3            
 25-09-10 2.91 -50.0 0.8          
26-09-10 2.93 20 1.8            
 31-06-10 3.12 -50.0 6.6          
26-10-02 2.93 20 1.9            
 27-12-10 2.97 -26.6 3.1          
173 4.7            -308 4.6          
