10Y
91d
2Y
0 0
0 0
KR Market
KR Bond(%,bp) YTM 1D 1W 1M
CD91D 3.530 0.0 0.0 1.0
2.850 0.5 -2.3 -19.0
 3.210 - AAA
2.865 -1.0 -4.5 -14.0
 3.150 3.111 AAA
2.810 -0.2 -2.5 -12.5
 3.080 3.195 AAA
2.878 0.3 2.4 -11.1
 6.300 - A
3.000 0.3 3.1 -6.5
 3.043 3.083 AAA
2.925 -0.5 2.3 -13.5
 3.210 3.194 AAA
KR Credit(%,bp) YTM 1D 1W 1M
 3.386 3.427 AA-
3.415 -0.5 -5.3 -16.1
 3.299 3.286 AA+
3.395 0.1 -2.4 -7.9
 3.080 3.109 AAA
6.841 -0.1 -2.4 -14.8
 3.545 3.441 AA-
KTB Futures(tick)
 1D 1W
KTBF 3Y 0 5
 (십억계약,%,년)
LKTBF 10Y -3 -3
KR Stock(%) Index 1D 1W 1M
KOSPI 2.90 3.52 -0.66
KOSDAQ 2.62 5.36 1.86
FX Market(%) Price 1D 1W 1M
1327.2 -0.29 -0.14 -0.29
910.79 -1.74 -2.06 -0.85
1D(bp) 1D(bp) 1D(bp)
1Y 3.065 -1.500 1Y 2.725 -1
 21.5 -2.0
2Y 2.853 -1.000 2Y 2.585 -3
 -1.3 0.0
3Y 2.793 -0.500 3Y 2.61 -2
 -1.8 -0.3
5Y 2.790 0.750 5Y 2.635 -3.5
 -8.8 0.4
10Y 2.828 0.750 10Y 2.655 -1.5
 -17.3 0.5
US Bond Market
US Bond(%,bp) YTM 1D 1W 1M
UST2Y 3.631 7 4.5 -27.2
UST5Y 3.569 4.2 8.5 -8.2
UST10Y 3.799 1.2 8.2 -2.5
UST30Y 4.134 -0.8 8.3 1.9
KR Credit Market
 (계약수)
Bond Yield(%, bp) Yield 1D 1W 1M 3M 1Y
3.202 0.3 -2.1 -9.5 -29.3 -77.2
3.081 -0.2 -2.8 -9.7 -28.2 -118.2
3.141 0.3 2.1 -6.5 -21.9 -116.7
3.213 -0.5 -3.0 -13.8 -27.8 -83.9 Fund Flow (십억원)
3.109 -0.2 -2.7 -11.7 -32.1 -127.3 YTD
3.197 0.3 2.4 -6.7 -25.3 -129.4 16945
3.314 0.3 -3.9 -16.4 -30.2 -88 35573.5
3.311 -0.5 -4.3 -15.1 -27.1 -139.5 14298.2
3.515 0.5 1.0 -8.7 -25.7 -139.8 55984.4
3.403 0.0 -4.2 -14.7 -26.8 -97.4 -8672.9
3.415 -0.5 -5.3 -16.1 -26.5 -156.3 *는 T-2일 기준, 펀드는 설정액 및 ETF 제외 기준
3.628 0.5 0.5 -9.7 -27.5 -149.2 **는 T-4일 기준
4.168 0.0 -4.5 -23.0 -44.6 -101.3
4.364 -0.5 -4.8 -18.8 -40.3 -140.1
 (십억원)
4.753 0.0 0.5 -10.0 -30.2 -130.3
4.890 0.0 -4.5 -23.0 -44.6 -98.3
 AA- 194
5.157 -0.5 -4.8 -18.8 -40.3 -136.1
 AAA 140
5.437 0.0 0.5 -10.0 -30.2 -128.8
 AAA 80
5.457 0.0 -4.5 -23.0 -44.6 -97.8
 A 73
5.787 -0.5 -4.8 -18.8 -39.8 -133.1
 AA- 69
6.078 0.0 0.5 -10.0 -30.2 -128 SK307-2 AA+ 60
3.234 -0.3 -2.0 -10.6 -32.6 -90.1
 A0 60
3.247 -0.1 -2.4 -6.8 -25.9 -114.8
 AA- 50
3.301 0.4 2.3 -5.1 -20.5 -126.7
 AA- 50
3.252 -0.7 -2.5 -11.5 -32.8 -96.4
 AAA 50
3.312 0.2 -2.3 -7.9 -24.0 -123.8
 AA- 50
3.378 0.7 2.7 -5.2 -21.9 -135.4
 - 50
3.275 -0.6 -2.5 -11.2 -32.6 -98.4
 - 43
3.347 0.1 -2.4 -8.2 -24.6 -124
 AA- 40
3.443 0.8 2.8 -5.1 -21.9 -135.2
 AAA 40
3.304 -0.7 -2.5 -11.3 -32.2 -99.2
 AA+ 40
3.395 0.1 -2.4 -7.9 -24.0 -125.5 SK311-2 AA+ 40
3.547 0.7 2.8 -5.1 -22.1 -135.7
 - 40▪
▪
▪
2671.57
779.18106.37
117.32
2028-04-212026-04-292027-02-052034-09-26
MMF*
0
0
- 5.172031-02-19 3.294 3.33
2029-05-30 3.295 3.312029-07-11 3.767 3.81
2029-09-26 - 3.22- 5
2025-12-01 - 52024-12-18 3.398 3.55
2026-01-16 3.461 3.43.811 3.75
2026-02-27 3.665 3.572028-05-30 3.293 3.3
2026-06-01 3.482 3.5- 6.2
2025-02-17 3.55 3.542027-09-26 - 3.19
2024-10-26 - 3.6
2054-09-24 4.792 4.81712.6
61902.5 471.5 367 -3316.81672577.2 -62.8 -12374
1606.3
118165.9 686.2 2269.4 52.31M
188002.5 -3015.1 -2828.7 -10553.2
1D 1W
172156.7 -152.3 42.2
0
0
 0.000
16000
8000
2400
0
0
3.000
3.030
2.930
0.000
1800
16001800
2200
2100
2000
2000
1800
1200
1200
13871-5190
-30621
4776
IRS(%) CRS(%) Spread(bp)
1412
18053705
1343-906
-1760
27 Sep. 2024
27-09-26 3.04 150 3.0            
 29-03-10 2.92 -121 4.5          
27-03-26 3.08 120 2.5            
 26-03-03 2.89 -100 1.4          
25-06-10 2.93 108 0.7            
 28-03-10 2.90 -86 3.5          
26-09-26 3.16 50 2.0            
 25-09-10 2.82 -70 1.0          
26-03-26 3.30 50 1.5            
 34-06-10 3.00 -33 9.7          
478 2.1            -410 3.3          
34-06-10 3.00 52 9.7            
 29-03-10 2.92 -38 4.5          
54-09-10 2.90 54 30.0          
 53-09-10 2.94 -30 29.0       
29-09-26 3.41 50 5.0            
 25-06-17 3.16 -30 0.7          
24-12-08 3.52 50 0.2            
 52-03-10 2.97 -30 27.5       
26-03-10 2.90 44 1.5            
 25-02-18 3.47 -20 0.4          
249 9.8            -148 12.8       
27-09-24 3.39 90 3.0            
 27-06-10 2.81 -127 2.7          
27-09-26 3.15 80 3.0            
 25-06-19 3.27 -80 0.7          
27-03-26 3.55 70 2.5            
 24-12-08 3.52 -50 0.2          
28-03-10 2.90 45 3.5            
 26-09-10 2.87 -32 2.0          
26-09-23 3.34 40 2.0            
 27-03-03 2.90 -30 2.4          
325 2.8            -319 1.7          
26-06-10 2.89 300 1.7            
 25-09-10 2.85 -70 1.0          
25-09-26 3.17 130 1.0            
 26-03-10 2.91 -24 1.5          
25-09-03 2.83 100 0.9            
 42-09-10 2.99 -10.6 18.0       
27-06-10 2.81 66 2.7            
 52-03-10 2.94 -6.8 27.5       
26-09-10 2.82 50 2.0            
 30-12-10 2.98 -4.9 6.2          
646 1.6            -116 4.4          
