5y
0 0
0 0
0 0
0 0
KR Market
KR Bond(%,bp) YTM 1D 1W 1M
CD91D 3.520 0.0 -2.0 -8.0
3.227 -0.3 2.9 -10.8
 3.310 3.382 AAA
3.115 -0.8 -1.0 -12.0
 3.210 3.197 AAA
3.069 -0.3 -0.3 -9.1
 3.230 3.236 AAA
3.085 -1.0 -1.2 -10.5
 3.399 - AA0
3.143 -0.9 -3.2 -9.9
 5.800 3.910 AAA
3.095 -1.0 -5.0 -13.2
 3.246 3.407 AAA
KR Credit(%,bp) YTM 1D 1W 1M
 3.271 3.421 AAA
3.548 -0.2 -1.4 -12.8
 4.100 -
3.522 0.0 0.0 -10.7
 4.28 6.527 BBB+
7.169 -0.6 -1.4 -13.4
 3.417 3.518 AA-
KTB Futures(tick)
 1D 1W
KTBF 3Y 3 -10
 (십억계약,%,년)
LKTBF 10Y 13 -13
KR Stock(%) Index 1D 1W 1M
KOSPI -1.14 -3.40 -0.75
KOSDAQ -2.26 -5.03 -5.01
FX Market(%) Price 1D 1W 1M
1388.2 0.11 0.39 -0.01
884.49 0.07 1.01 1.12
1D(bp) 1D(bp) 1D(bp)
1Y 3.295 -0.75 1Y 3.165 -3.5
 6.8 -0.45
2Y 3.123 -0.75 2Y 2.95 1
 0.7 0.05
3Y 3.050 -0.75 3Y 2.89 1
 -1.9 -0.45
5Y 3.015 -0.50 5Y 2.89 2
 -7.0 0.50
10Y 3.050 -0.50 10Y 2.81 3
 -9.3 0.40
US Bond Market
US Bond(%,bp) YTM 1D 1W 1M
UST2Y 4.519 0.4 5.9 -22.2
UST5Y 4.174 0.3 4 -10.6
UST10Y 4.254 1.3 2.3 -0.7
UST30Y 4.473 2.4 1.4 7.3
KR Credit Market
 (계약수)
Bond Yield(%, bp) Yield 1D 1W 1M 3M 1Y
3.357 -0.4 1.1 -15.0 -25.5 -44.7
3.226 0.2 -1.0 -11.7 -41.8 -75.5
3.246 -0.9 -1.1 -10.3 -44.0 -74.3
3.339 -0.2 0.7 -16.6 -31.8 -50.8 Fund Flow (십억원)
3.319 -0.3 -0.2 -9.5 -43.7 -79.7 YTD
3.336 -1.1 -1.3 -11.7 -57.6 -84.8 37040.6
3.498 -0.5 -0.5 -12.7 -24.7 -62.9 25827.3
3.456 -0.2 -1.4 -11.5 -43.7 -94.7 15692.2
3.642 -1.0 -2.0 -13.0 -56.9 -93.1 33949
3.550 -0.8 -0.8 -11.8 -26.6 -73.5 -2499.6
3.548 -0.2 -1.4 -12.8 -49.3 -107.8 *는 T-2일 기준, 펀드는 설정액 및 ETF 제외 기준
3.770 -1.0 -2.0 -13.8 -60.4 -99.3 **는 T-4일 기준
4.513 -0.5 1.0 -10.6 -29.1 -55.8
4.639 -0.2 -0.2 -11.9 -51.2 -82.8
 (십억원)
4.938 -1.0 -1.2 -11.7 -54.7 -77.1
5.235 -0.5 1.0 -10.6 -28.1 -53.3
 270
5.432 -0.2 -0.2 -11.9 -48.9 -78.8
 AA+ 150
5.622 -1.0 -1.2 -11.7 -54.2 -76.2
 125
5.802 -0.5 1.0 -11.1 -28.6 -54.3
 AAA 120
6.062 -0.2 -0.2 -11.4 -48.4 -76.3
 AAA 120
6.263 -1.0 -1.2 -11.7 -54.2 -75.3
 A0 100
3.457 -0.3 2.1 -12.1 -23.9 -50.8
 AA+ 100
3.404 -0.3 0.2 -8.9 -41.9 -75.5
 AA0 80
3.412 -0.9 -1.1 -10.2 -50.9 -88.1
 80
3.481 -0.3 2.5 -12.1 -23.0 -57.8
 75
3.444 0.0 0.2 -10.0 -42.4 -84.9
 A+ 60
3.475 -1.0 -1.7 -13.3 -57.5 -97
 AA0 50
3.503 -0.3 2.3 -12.0 -24.4 -59.8
 AA- 50
3.480 0.0 0.0 -10.5 -43.1 -85.3
 AAA 50
3.540 -1.0 -1.7 -13.5 -57.4 -96.9
 AA- 50
3.531 -0.3 2.5 -12.1 -25.3 -60.5
 50
3.522 0.0 0.0 -10.7 -44.5 -87.2
 40
3.645 -1.0 -1.7 -14.2 -57.7 -97.1
 AA+ 40▪
▪
▪
2763.51
809.96105.53
115.78
2025-05-272025-02-142027-06-122027-07-22
MMF*
0
0
3.382 3.412028-06-20 - 4.06
2025-09-29 - 4.012026-06-25 3.306 3.34
2026-01-25 3.369 3.43.397 3.43
2025-08-26 3.37 3.342026-12-21 - 3.79
2025-02-10 3.64 3.743.347 3.39
2025-09-12 - 4.182024-09-14 3.85 3.76
2026-03-03 3.32 3.35- 3.25
2029-07-22 - 3.272026-07-13 3.532 3.48
2030-07-26 - 3.75
2027-07-18 - 4.16782.1
68075.8 -148.8 -2805.1 -2638.41650541.8 1644.1 161.8
8171.6
119559.9 -172.6 -473.7 3142.51M
208098.1 -2301.0 1623.2 9566.9
1D 1W
162410.5 4080.3 4923.3
0
0
0
0
0
0
0.000
11000
0
0
0
0
3.110
0.000
0.000
0.000
1000
9001000
2500
2500
1100
1100
1000
700
700
25557-6840
-9538
5446
IRS(%) CRS(%) Spread(bp)
520
-8199372
-38-133
-4586
23 Jul. 2024
24-10-22 3.40 180 0.3            
 29-09-10 3.11 -146 5.1          
24-09-10 3.31 100 0.1            
 26-01-04 3.30 -50 1.5          
27-07-22 3.21 100 3.0            
 27-03-04 3.19 -50 2.6          
27-03-03 3.16 90 2.6            
 29-03-10 3.11 -35 4.6          
26-01-22 3.23 60 1.5            
 27-03-23 3.21 -30 2.7          
530 1.3            -311 3.8          
34-06-10 3.18 234 9.9            
 24-09-10 3.27 -100 0.1          
27-07-22 3.21 120 3.0            
 32-12-10 3.22 -55 8.4          
43-09-10 3.13 55 19.1          
 32-06-10 3.22 -50 7.9          
33-12-10 3.20 40 9.4            
 31-12-10 3.20 -30 7.4          
27-07-21 3.23 40 3.0            
 42-09-10 3.15 -25 18.1       
489 8.6            -260 5.9          
25-05-19 3.44 50 0.8            
 25-06-10 3.24 -100 0.9          
25-06-19 3.47 50 0.9            
 34-06-10 3.17 -54 9.9          
26-08-21 3.42 50 2.1            
 27-02-15 3.24 -30 2.6          
26-01-22 3.23 50 1.5            
 25-01-25 3.47 -30 0.5          
27-07-22 3.21 50 3.0            
 25-01-25 3.44 -30 0.5          
250 1.7            -244 3.0          
54-03-10 3.05 80 29.7          
 25-09-11 3.32 -40 1.1          
27-09-10 3.13 70 3.1            
 25-09-12 3.32 -20 1.1          
27-06-10 3.09 59 2.9            
 25-09-07 3.32 -20.0 1.1          
31-06-10 3.14 60 6.9            
 25-09-10 3.15 -10.4 1.1          
34-06-10 3.17 33 9.9            
 33-12-10 3.19 -1.3 9.4          
300 11.6          -92 1.3          
