30Y
91D
0 0
0 0
0 0
KR Market
KR Bond(%,bp) YTM 1D 1W 1M
CD91D 3.500 -1.0 -2.0 -1.0
2.875 0.5 4.5 -3.0
 3.120 3.209 AAA
2.955 1.7 14.5 -0.2
 3.160 3.167 AAA
2.962 2.7 18.0 8.7
 3.560 3.209 AAA
3.009 0.8 16.7 10.1
 3.200 3.210 AAA
3.087 0.7 15.2 8.0
 3.120 3.209 AAA
2.934 -1.3 9.8 1.0
 3.174 3.233 AAA
KR Credit(%,bp) YTM 1D 1W 1M
 5.450 3.156 AAA
3.539 1.4 15.2 0.1
 3.370 3.412 AAA
3.536 2.9 15.8 8.9
 3.560 3.235 AAA
6.982 2.6 17.2 6.3
 3.590 3.235 AAA
KTB Futures(tick)
 1D 1W
KTBF 3Y -8 -48
 (십억계약,%,년)
LKTBF 10Y -7 -96
KR Stock(%) Index 1D 1W 1M
KOSPI 0.19 1.46 3.00
KOSDAQ -0.35 1.75 9.81
FX Market(%) Price 1D 1W 1M
1350.2 0.04 2.34 0.48
909.16 -0.15 -0.89 -3.08
1D(bp) 1D(bp) 1D(bp)
1Y 3.195 -0.250 1Y 2.87 -1
 32.0 -0.7
2Y 3.048 3.250 2Y 2.745 2
 9.2 1.5
3Y 2.998 4.000 3Y 2.77 2
 3.5 1.3
5Y 2.963 2.500 5Y 2.8 2.5
 -4.7 1.7
10Y 2.985 1.750 10Y 2.83 2
 -10.2 1.1
US Bond Market
US Bond(%,bp) YTM 1D 1W 1M
UST2Y 3.96 -6.3 25.4 36.3
UST5Y 3.89 -3.1 25.8 46.3
UST10Y 4.06 -1.1 21.6 41.9
UST30Y 4.36 1.7 18.1 39.6
KR Credit Market
 (계약수)
Bond Yield(%, bp) Yield 1D 1W 1M 3M 1Y
3.233 0.5 4.9 0.0 -12.0 -75.6
3.227 2.6 17.1 8.7 -3.0 -111.7
3.268 0.8 16.2 10.6 0.3 -114.4
3.239 0.4 4.8 -3.0 -9.5 -83 Fund Flow (십억원)
3.255 2.4 17.1 8.2 -8.7 -120.6 YTD
3.320 0.9 16.0 9.9 -3.7 -127.2 20761.2
3.343 -0.3 4.2 -6.0 -16.5 -87.6 35039.8
3.440 1.9 15.7 1.6 -5.5 -134.3 16730.4
3.635 -0.2 15.8 7.0 -3.5 -137.8 66419.4
3.432 -0.3 4.2 -5.8 -13.1 -97.5 -8161.9
3.539 1.4 15.2 0.1 -4.8 -151.6 *는 T-2일 기준, 펀드는 설정액 및 ETF 제외 기준
3.745 -0.5 15.5 6.2 -5.3 -147.5 **는 T-4일 기준
4.195 -0.3 4.2 -6.3 -30.8 -101.6
4.483 1.4 15.2 0.1 -18.6 -135.9
 (십억원)
4.875 -0.5 15.5 6.7 -8.3 -128.1
4.917 -0.3 4.2 -6.3 -30.8 -98.6
 AA0 120
5.276 1.4 15.2 0.1 -18.6 -131.9
 AA- 80
5.559 -0.5 15.5 6.7 -8.3 -126.6
 AA- 59
5.484 -0.3 4.2 -6.3 -30.8 -98.1
 AA0 50
5.906 1.4 15.2 0.1 -18.1 -128.9
 A+ 40
6.200 -0.5 15.5 6.7 -8.3 -125.8
 A0 40
3.271 0.5 5.0 0.5 -17.0 -88.8
 - 40
3.386 1.9 15.7 9.8 -3.7 -110.1
 - 40
3.420 0.5 15.7 10.5 -1.0 -124.7
 AA0 40
3.294 0.8 5.2 0.0 -16.7 -94
 AAA 40
3.457 2.8 16.0 9.4 -0.6 -117.7
 AA- 30
3.499 0.6 15.5 9.7 0.0 -133.2
 AA- 30
3.316 0.8 5.1 0.1 -17.1 -96.2
 AAA 30
3.488 2.9 15.8 8.7 -1.4 -118.4
 AA- 30
3.560 0.6 15.3 9.4 -0.4 -133.4
 AA- 30
3.346 0.9 5.2 0.2 -16.7 -96.8
 AA- 20
3.536 2.9 15.8 8.9 -0.9 -119.9
 AA0 20
3.663 0.6 15.2 9.2 -0.6 -134.1
 AA+ 20-757999761
53416
-12892
IRS(%) CRS(%) Spread(bp)
4750
11120-37
-442-1729
6796
1000
37001200
3500
5300
1600
4500
5200
2100
40000.000
20000
8000
0
0
0
2.915
3.050
0.000
0.000
0
0
0
0
-35
120598.1 -552.8 1598.2 62761M
191818.7 -60.4 15661.5 -2417
1D 1W
171623 494.2 1319
2027-10-04 3.262 3.3318864.3
62413.5 268.5 559.8 -1961.51683012.2 -866.1 4230.1
3.488 3.45
2026-01-26 5.278 5.372026-04-16 3.503 3.5
2099-12-31 - 4
- 4.03
2026-02-19 3.348 3.352025-12-03 4.757 4.84
2031-06-10 - 4.18
3.499 3.45
2024-10-23 3.464 3.622029-07-22 3.316 3.31
2026-01-15 3.443 3.44
3.334 3.412031-10-04 3.471 3.46
2025-02-14 3.511 3.552026-04-14 3.578 3.51
2027-10-04 3.259 3.32▪
▪
▪
2599.16
775.48105.79
116.38
2025-10-082025-09-222025-04-182025-09-01
MMF*
0
0
11 Oct. 2024
26-10-10 3.16 470 2.0            
 29-03-10 3.06 -225 4.4          
25-09-09 2.90 220 0.9            
 26-03-03 2.95 -40 1.4          
25-10-10 3.21 150 1.0            
 24-12-10 2.93 -40 0.2          
25-04-10 3.37 120 0.5            
 29-12-10 3.09 -35 5.2          
27-04-10 3.17 110 2.5            
 34-06-10 3.09 -30 9.7          
1,070 1.5            -370 4.1          
54-09-10 2.92 157 29.9          
 33-12-10 3.10 -57 9.2          
33-12-10 3.10 50 9.2            
 24-12-06 3.22 -50 0.2          
34-06-10 3.09 37 9.7            
 26-04-02 3.02 -20 1.5          
54-09-10 2.87 80 29.9          
 50-03-10 2.88 -20 25.4       
38-03-10 3.10 50 13.4          
 29-01-09 3.18 -10 4.3          
374 22.9          -157 7.1          
25-10-10 3.60 270 1.0            
 25-06-13 3.54 -20 0.7          
25-10-10 3.56 180 1.0            
 72-09-10 2.82 -10 48.0       
25-10-10 3.56 130 1.0            
 26-06-10 3.01 -11 1.7          
24-10-19 3.52 80 0.0            
 26-03-10 3.01 -11 1.4          
27-06-10 2.96 59 2.7            
 25-10-17 3.27 -10 1.0          
719 1.0            -62 8.7          
26-04-10 3.20 300 1.5            
 51-03-10 2.86 -21 26.4       
25-10-10 3.21 300 1.0            
 25-06-10 2.95 -10 0.7          
26-10-02 2.95 160 2.0            
 31-12-10 3.11 -4.0 7.2          
42-09-10 3.00 130 17.9          
 30-12-10 3.08 -1.2 6.2          
29-06-10 2.98 70 4.7            
 26-06-10 3.03 -0.7 1.7          
960 3.9            -37 16.1       
