2y
91d
30y
30y
0 0
KR Market
KR Bond(%,bp) YTM 1D 1W 1M
CD91D 3.000 -2.0 -3.0 -15.0
2.639 -0.8 -1.6 0.5
 2.850 2.865
2.647 2.1 2.7 3.1
 2.750 2.856 AAA
2.580 1.7 2.0 11.0
 2.730 2.726 AAA
2.702 2.0 0.2 6.7
 2.840 2.811 AAA
2.840 1.8 -2.1 7.5
 2.950 2.921 AA+
2.790 1.7 -1.0 5.1
 2.750 2.818 AAA
KR Credit(%,bp) YTM 1D 1W 1M
 3.060 2.806 AAA
3.179 1.0 1.0 -2.7
 3.000 3.021 AA+
3.173 1.4 1.7 2.2
 3.027 - AA
6.524 1.6 0.9 3.0
 3.101 3.111 AA+
KTB Futures(tick)
 1D 1W
KTBF 3Y -7.0 -5.0
 (십억계약,%,년)
LKTBF 10Y -19.0 28.0
KR Stock(%) Index 1D 1W 1M
KOSPI 1.13 -2.17 1.63
KOSDAQ 2.29 -1.21 2.01
FX Market(%) Price 1D 1W 1M
1,462.9 -0.29 2.21 -0.37
934.6 -0.71 1.37 -0.05
1D(bp) 1D(bp) 1D(bp)
1Y 2.683 1.3 1Y 2.680 2
 4.4 2.1
2Y 2.593 0.7 2Y 2.560 0.5
 -5.5 -1.4
3Y 2.585 1.0 3Y 2.580 1
 0.5 -0.7
5Y 2.603 1.0 5Y 2.600 1
 -9.9 -1.0
10Y 2.658 1.3 10Y 2.580 0.5
 -18.3 -0.5
US Bond Market
US Bond(%,bp) YTM 1D 1W 1M
UST2Y 4.247 -0.4 5.0 -3.4
UST5Y 4.364 0.2 2.9 -5.0
UST10Y 4.563 0.4 2.8 -3.7
UST30Y 4.803 1.0 2.6 -0.9
KR Credit Market
 (계약수)
Bond Yield(%, bp) Yield 1D 1W 1M 3M 1Y
2.801 -0.5 -1.2 -11.7 -40.5 -80.7
2.831 2.0 2.0 4.4 -37.5 -76.9
2.947 1.6 0.0 3.0 -31.5 -65.9
2.855 -0.1 -0.7 -6.1 -39.6 -78.3 Fund Flow (십억원)
2.875 1.6 2.0 5.9 -37.3 -85.4 YTD
3.000 1.8 0.0 4.1 -32.6 -84 21,679
2.998 -1.0 -2.0 -15.5 -36.4 -73.9 41,537
3.089 1.0 1.0 -2.5 -37.0 -91.3 26,757
3.325 2.0 0.2 3.2 -31.8 -87 97,532
3.064 -1.0 -2.0 -16.7 -37.7 -83.4 -10,304
3.179 1.0 1.0 -2.7 -37.6 -105.3 *는 T-2일 기준, 펀드는 설정액 및 ETF 제외 기준
3.433 2.0 0.2 3.2 -31.8 -95.9 **는 T-4일 기준
3.759 -1.0 -2.0 -14.5 -40.6 -106
4.068 1.0 1.0 0.0 -39.7 -109.7
 (십억원)
4.558 2.0 0.2 4.2 -32.3 -81.5
4.476 -1.0 -2.0 -14.5 -40.6 -104
 - 70
4.861 1.0 1.0 0.0 -39.7 -106.2
 AA- 60
5.242 2.0 0.2 4.2 -32.3 -80.5
 AA0 60
5.048 -1.0 -2.0 -14.5 -40.6 -103
 AA- 60
5.501 1.0 1.0 0.0 -39.2 -102.7
 - 60
5.883 2.0 0.2 4.2 -32.3 -79.7 KT194-2 AAA 50
2.953 -1.3 -2.5 -8.5 -30.2 -76.6
 AAA 50
3.008 1.4 1.7 1.5 -35.7 -79.2
 AAA 50
3.087 2.0 0.3 2.1 -34.0 -75.8
 AAA 40
2.995 -1.1 -2.1 -8.4 -28.6 -81.7
 AA- 31
3.098 1.3 1.6 2.2 -34.2 -82.8
 AA- 30
3.174 2.0 0.4 1.1 -33.3 -84.6
 AA- 30
3.024 -1.1 -2.1 -8.2 -28.1 -82.9
 AA0 30
3.125 1.3 1.7 2.2 -34.6 -84.3
 AAA 30
3.236 2.0 0.3 1.3 -33.2 -84.8
 AAA 30
3.055 -1.1 -2.1 -8.1 -27.9 -83.8
 AA- 24
3.173 1.4 1.7 2.2 -34.6 -85.9
 AA+ 20
3.341 2.0 0.4 1.3 -33.0 -85.5
 AA+ 20▪
▪
▪
2,481.7
719.9106.9
118.3
2025-07-312028-01-212027-10-222030-01-23
MMF*
0
3.199 3.1002099-12-31 3.983 3.970
2025-02-20 3.087 3.2002025-06-27 3.197 3.180
2025-06-27 3.197 3.1803.089 3.170
2025-08-01 3.174 3.1002026-02-03 3.030 3.000
2026-01-29 3.339 3.3502.917 2.920
2026-05-22 2.892 2.9102026-01-27 2.865 2.820
2025-03-05 3.103 3.0103.064 3.120
2025-03-14 - 3.4502026-01-15 3.157 3.110
2028-01-22 2.943 3.000
2030-01-08 - 5.130-8,875
60,271 -608 -910 881,714,124 11,385 10,850
6,840
130,624 #N/A #N/A 5,2001M
192,736 #N/A #N/A 5,824
1D 1W
178,120 #N/A #N/A
0
 0.000
10,000
3,800
29,000
29,000
0
2.635
2.850
2.735
2.730
1,100
1,1001,300
3,800
2,500
2,000
2,000
1,400
1,100
900
43,352-14,294
-45,508
11,574
IRS(%) CRS(%) Spread(bp)
1,979
4,270-365
5991,294
-642
5 Feb. 2025
52-03-10 2.75 240 27.1          
 55-03-10 2.74 -395 30.1       
27-01-02 2.65 140 1.9            
 54-09-10 2.73 -71 29.6       
26-02-04 2.82 90 1.0            
 26-07-02 2.69 -70 1.4          
29-09-10 2.70 90 4.6            
 29-12-10 2.75 -47 4.8          
29-03-10 2.73 80 4.1            
 28-05-15 2.78 -30 3.3          
640 11.9          -613 23.5       
54-09-10 2.74 871 29.6          
 34-06-10 2.89 -134 9.4          
55-03-10 2.74 278 30.1          
 27-03-13 2.80 -90 2.1          
27-12-10 2.59 44 2.8            
 28-06-10 2.70 -40 3.3          
54-03-10 2.68 40 29.1          
 54-03-10 2.73 -35 29.1       
26-07-02 2.70 40 1.4            
 32-06-10 2.89 -30 7.4          
1,273 27.9          -329 8.6          
28-02-04 2.84 140 3.0            
 29-10-28 2.96 -30 4.7          
27-08-04 2.73 140 2.5            
 28-03-10 2.69 -20 3.1          
55-03-10 2.74 103 30.1          
 27-03-05 2.97 -20 2.1          
26-02-04 3.06 80 1.0            
 27-10-22 3.17 -20 2.7          
27-12-10 2.58 80 2.8            
 25-03-07 3.15 -20 0.1          
543 7.7            -110 2.7          
55-03-10 2.72 230 30.1          
 25-08-28 2.97 -200 0.6          
52-03-10 2.75 120 27.1          
 25-09-06 2.95 -100 0.6          
26-09-10 2.67 107 1.6            
 25-10-24 2.87 -100 0.7          
34-12-10 2.83 59 9.9            
 27-06-10 2.61 -60 2.3          
26-06-10 2.67 43 1.3            
 29-12-10 2.75 -47 4.8          
559 19.7          -507 1.2          
