0 0
0 0
0 0
0 0
0 0
KR Market
KR Bond(%,bp) YTM 1D 1W 1M
CD91D 3.510 2.0 4.0 -3.0
3.025 0.5 -2.2 -17.1
 3.350 3.431 AAA
2.987 3.4 -0.3 -12.3
 3.220 3.109 AAA
2.922 3.5 -1.8 -13.1
 3.540 3.263 AAA
2.930 3.2 -2.7 -14.4
 3.350 3.408 AAA
2.975 3.5 -3.7 -16.5
 4.000 -
2.952 2.2 -4.8 -15.0
 4.000 -
KR Credit(%,bp) YTM 1D 1W 1M
 3.865 -
3.533 5.0 3.2 -0.7
 9.000 -
3.428 3.9 1.0 -7.7
 3.80 -
6.976 3.5 -1.8 -18.5
 5.000 -
KTB Futures(tick)
 1D 1W
KTBF 3Y -12 4
 (십억계약,%,년)
LKTBF 10Y -34 34
KR Stock(%) Index 1D 1W 1M
KOSPI 1.99 4.20 -5.14
KOSDAQ 1.22 2.86 -5.19
FX Market(%) Price 1D 1W 1M
1357.6 -0.22 -0.51 -1.73
908.99 -1.42 -1.99 2.94
1D(bp) 1D(bp) 1D(bp)
1Y 3.203 2.00 1Y 2.895 2
 17.8 1.50
2Y 2.985 4.25 2Y 2.73 -0.5
 -0.2 0.85
3Y 2.893 4.00 3Y 2.68 -1
 -3.0 0.50
5Y 2.850 3.50 5Y 2.68 -1
 -8.0 0.30
10Y 2.873 2.75 10Y 2.59 -1
 -10.3 -0.75
US Bond Market
US Bond(%,bp) YTM 1D 1W 1M
UST2Y 4.105 14.3 6.5 -31.6
UST5Y 3.808 12.7 -2.1 -26.7
UST10Y 3.939 10.1 -5.2 -22
UST30Y 4.206 7.9 -7.4 -16.8
KR Credit Market
 (계약수)
Bond Yield(%, bp) Yield 1D 1W 1M 3M 1Y
3.259 1.3 2.1 -7.9 -30.0 -55.4
3.154 4.5 1.5 -5.3 -39.4 -96.1
3.146 3.2 -0.6 -8.9 -40.6 -104.8
3.311 2.1 3.1 -0.5 -30.1 -56.9 Fund Flow (십억원)
3.211 3.7 0.8 -9.2 -43.7 -103.5 YTD
3.208 3.2 -1.5 -11.8 -53.1 -120.3 26447.5
3.423 2.0 2.5 -5.0 -29.7 -70.7 32420.4
3.419 5.0 3.2 -2.9 -38.4 -116.4 11579
3.532 4.3 0.3 -10.8 -51.6 -128.3 30673
3.490 2.0 3.5 -3.8 -29.8 -81.2 -3227.1
3.533 5.0 3.2 -0.7 -40.1 -130 *는 T-2일 기준, 펀드는 설정액 및 ETF 제외 기준
3.655 4.3 0.3 -11.3 -55.6 -136.7 **는 T-4일 기준
4.378 0.5 -0.5 -10.5 -36.1 -72.3
4.544 3.5 -0.8 -8.0 -49.5 -109.3
 (십억원)
4.793 3.3 -2.7 -13.5 -54.7 -117
5.100 0.5 -0.5 -10.5 -35.1 -69.3
 AA0 40
5.337 3.5 -0.8 -8.0 -48.2 -105.3
 AA0 30
5.477 3.3 -2.7 -13.5 -54.2 -115.5
 AA0 30
5.667 0.5 -0.5 -10.5 -35.6 -70.3
 AA- 30
5.967 3.5 -0.8 -8.0 -47.7 -102.8
 AAA 30
6.118 3.3 -2.7 -13.5 -54.2 -114.7
 AAA 30
3.289 1.6 0.4 -14.2 -35.1 -70.7 KT&G3-2 AAA 30
3.285 3.9 -0.8 -10.4 -40.0 -101.6
 AA0 20
3.284 3.4 -1.5 -11.8 -47.2 -122.2
 A0 20
3.307 1.6 0.5 -14.5 -35.4 -78.1
 20
3.345 3.9 0.7 -8.0 -38.0 -110.4
 AAA 20
3.363 3.6 -0.3 -10.8 -50.8 -131
 AA0 20
3.327 1.6 0.4 -14.9 -36.2 -80.5
 AA+ 15
3.383 3.9 0.8 -7.9 -38.2 -110.1
 10
3.427 3.5 -0.3 -10.9 -51.2 -130.7
 10
3.357 1.6 0.5 -14.5 -36.2 -81.1 SK289-2 AA+ 5
3.428 3.9 1.0 -7.7 -39.0 -111.8
 5
3.531 3.6 -0.3 -11.0 -51.6 -131.3 0 0 0▪
▪
▪
2697.23
786.33105.95
117.35
1900-01-002027-06-032027-06-032027-02-26
MMF*
0
0
0 02024-09-20 3.411 3.28
2028-12-20 - 4.22026-06-20 - 4.68
2025-07-18 - 4.33.355 3.43
2034-08-06 4.263 4.22027-06-20 - 4.53
2031-06-10 3.297 3.363.412 3.48
2025-12-05 3.65 3.672027-07-25 3.249 3.34
2027-04-23 3.183 3.263.203 3.31
2027-06-26 3.254 3.332027-01-22 3.362 3.42
2027-03-18 3.367 3.43
2028-08-29 3.367 3.4486.6
67348.3 -2215.9 -2935.8 -1704.51647265.8 -10726.5 -477.5
11197.1
115446.7 210.3 2607.9 -5072.41M
197505 -1805.3 -8548.8 -11926.6
1D 1W
169003.6 235.8 603
0
0
0
0
0
0
0
0
0.000
0
0
0
0
0
0.000
0.000
0.000
0.000
8
610
10000
2000
1900
1000
10
5
1
-69454272
7863
-8304
IRS(%) CRS(%) Spread(bp)
1893
-5662345
-2591784
3242
19 Aug. 2024
26-04-02 3.03 80 1.6            
 25-03-10 3.11 -100 0.6          
26-12-10 2.98 64 2.3            
 26-12-10 2.96 -30 2.3          
26-01-02 3.04 60 1.4            
 54-03-10 2.85 -23 29.6       
25-02-16 3.41 60 0.5            
 26-06-10 2.99 -20 1.8          
72-09-10 2.77 40 48.1          
 27-06-10 2.94 -13 2.8          
304 7.6            -186 4.7          
25-12-10 3.06 150 1.3            
 24-09-10 3.32 -20 0.1          
27-08-16 3.22 150 3.0            
 26-12-10 2.93 -11 2.3          
25-03-10 3.11 130 0.6            
 33-12-10 3.00 -10 9.3          
72-09-10 2.77 88 48.1          
 25-12-05 3.40 -10 1.3          
26-03-10 3.04 100 1.6            
 27-06-30 3.25 -10 2.9          
618 8.3            -61 2.6          
25-08-16 3.54 190 1.0            
 24-09-19 3.42 -50 0.1          
25-07-02 3.06 100 0.9            
 33-12-10 3.00 -20 9.3          
27-06-10 2.93 73 2.8            
 52-09-10 2.89 -20 28.1       
29-03-10 2.94 64 4.6            
 25-12-10 3.06 -20 1.3          
54-03-10 2.85 28 29.6          
 26-02-15 3.24 -20 1.5          
455 3.5            -130 6.2          
25-07-09 3.00 200 0.9            
 25-03-10 3.12 -100 0.6          
26-12-10 2.97 80 2.3            
 26-09-10 2.96 -71 2.1          
72-09-10 2.77 60 48.1          
 25-10-18 3.29 -50.0 1.2          
25-12-10 3.05 50 1.3            
 25-06-10 3.05 -42.0 0.8          
26-03-10 3.04 50 1.6            
 30-06-10 2.99 -1.4 5.8          
440 7.7            -264 1.1          
