3y
91d
0 0
0 0
0 0
KR Market
KR Bond(%,bp) YTM 1D 1W 1M
CD91D 3.570 0.0 -3.0 -3.0
3.180 -1.2 -13.6 -18.3
 3.220 3.236 AAA
3.142 1.2 -11.5 -19.8
 3.320 3.334 AAA
3.120 0.5 -8.7 -18.8
 3.530 3.334 AAA
3.142 -0.5 -9.3 -18.8
 3.300 3.321 AAA
3.210 -0.5 -9.7 -17.5
 5.350 3.389 AAA
3.180 0.3 -8.5 -14.7
 3.340 3.334 AAA
KR Credit(%,bp) YTM 1D 1W 1M
 3.441 3.447 AA+
3.620 0.5 -9.0 -22.2
 4.300 - A+
3.574 0.2 -9.3 -16.1
 3.40 3.435 AAA
7.236 0.6 -9.8 -20.2
 3.325 3.419 AAA
KTB Futures(tick)
 1D 1W
KTBF 3Y 1 13
 (십억계약,%,년)
LKTBF 10Y 11 72
KR Stock(%) Index 1D 1W 1M
KOSPI -0.16 1.91 4.96
KOSDAQ 1.39 1.43 -0.80
FX Market(%) Price 1D 1W 1M
1383.3 0.22 0.29 1.32
858.85 -0.13 -0.09 -2.23
1D(bp) 1D(bp) 1D(bp)
1Y 3.338 0.50 1Y 3.23 -0.5
 15.8 1.70
2Y 3.178 -0.25 2Y 2.965 -0.5
 3.6 -1.45
3Y 3.118 -0.50 3Y 2.935 -0.5
 -0.2 -1.00
5Y 3.080 -0.75 5Y 2.91 -0.5
 -6.2 -0.25
10Y 3.108 -0.50 10Y 2.83 -0.5
 -10.3 0.00
US Bond Market
US Bond(%,bp) YTM 1D 1W 1M
UST2Y 4.631 1.7 -13.7 -26.6
UST5Y 4.242 1.1 -18.8 -22.5
UST10Y 4.282 -0.2 -18.4 -15.7
UST30Y 4.467 -1.2 -16 -9
KR Credit Market
 (계약수)
Bond Yield(%, bp) Yield 1D 1W 1M 3M 1Y
3.333 -1.9 -14.6 -21.9 -20.1 -56.1
3.296 0.2 -9.5 -17.1 -26.4 -83.5
3.303 -0.3 -9.7 -17.4 -27.6 -82.9
3.315 -1.9 -16.5 -26.0 -24.5 -63.1 Fund Flow (십억원)
3.370 0.6 -8.6 -18.5 -30.8 -89.8 YTD
3.394 -0.3 -9.6 -23.2 -41.9 -93.7 33008.8
3.491 -0.5 -11.5 -21.1 -19.4 -68.6 19452.5
3.528 0.5 -8.7 -19.8 -31.3 -97.3 15742.6
3.717 -0.5 -9.5 -22.2 -40.4 -99.3 50283
3.546 -0.5 -11.5 -20.4 -22.5 -76.4 115
3.620 0.5 -9.0 -22.2 -38.6 -108.2 *는 T-2일 기준, 펀드는 설정액 및 ETF 제외 기준
3.848 -0.5 -9.5 -23.0 -46.4 -106.5 **는 T-4일 기준
4.486 -0.5 -11.8 -22.5 -25.8 -66
4.702 0.5 -9.5 -22.7 -39.9 -89.8
 (십억원)
5.000 -0.5 -9.5 -22.2 -39.5 -84.4
5.208 -0.5 -11.8 -22.0 -24.8 -64.5
 A+ 70
5.495 0.5 -9.5 -21.9 -37.1 -86.3
 AAA 70
5.684 -0.5 -9.5 -22.2 -39.0 -84
 AAA 60
5.775 -0.5 -11.8 -22.5 -25.3 -66
 60
6.120 0.5 -9.5 -21.9 -37.1 -84.8
 AAA 50
6.325 -0.5 -9.5 -22.2 -39.0 -83.6
 AA0 40
3.423 -1.2 -12.9 -21.6 -23.1 -62.2
 AA+ 40
3.444 0.4 -9.7 -17.9 -31.2 -86.6
 AA0 40
3.453 -0.4 -9.5 -20.1 -37.0 -98.9
 AA0 40
3.445 -1.4 -12.4 -20.7 -23.5 -69.4
 40
3.491 0.2 -9.3 -16.0 -33.2 -94
 AA0 30
3.540 -0.5 -9.7 -22.3 -43.6 -104.1
 A+ 10
3.467 -1.4 -12.3 -20.9 -25.0 -71.1
 10
3.532 0.3 -9.3 -15.7 -33.5 -93.7
 10
3.606 -0.5 -9.6 -22.6 -43.5 -104.1
 AA- 7
3.493 -1.4 -12.2 -21.2 -26.2 -72.3 0 0 0
3.574 0.2 -9.3 -16.1 -34.9 -95.9 0 0 0
3.710 -0.5 -9.8 -23.3 -43.9 -104 0 0 0▪
▪
▪
2857.76
859.27105.39
115.15
1900-01-002026-01-082025-04-112028-07-06
MMF*
0
0
0 01900-01-00 0 0
1900-01-00 0 02029-04-26 - 5.7
4.222 4.22- 4.2
2054-03-07 - 6.52030-07-26 - 3.2
2024-12-06 3.769 3.683.607 3.57
2027-04-12 3.542 3.542025-02-28 3.685 3.62
2026-09-18 3.553 3.51- 4.34
2025-07-08 - 3.42026-07-08 - 3.33
2024-08-23 3.446 3.43
2026-07-08 - 4.327418
70690.4 0 -146.8 -2166.81666875.8 0 17130.5
3329.8
119610.3 772.1 2190 4661.91M
204066.3 -18.2 16644.8 -807.2
1D 1W
156035.7 150.6 1684.1
0
0
0
0
0.000
23990
5300
0
0
0
3.100
3.320
0.000
0.000
1000
7001000
3500
2700
2500
1800
1000
500
500
22037-7596
-21986
11672
IRS(%) CRS(%) Spread(bp)
-467
2429-112
-408-2033
-1867
9 Jul. 2024
24-10-08 3.36 340 0.3            
 27-06-10 3.10 -140 2.9          
26-07-08 3.22 240 2.0            
 25-03-10 3.20 -100 0.7          
28-09-10 3.15 150 4.2            
 26-06-10 3.14 -30 1.9          
25-07-08 3.53 100 1.0            
 25-10-02 3.15 -20 1.2          
52-03-10 3.13 40 27.7          
 26-04-02 3.16 -20 1.7          
870 2.8            -310 1.9          
25-03-10 3.21 110 0.7            
 25-09-14 3.54 -40 1.2          
54-07-08 5.35 100 30.0          
 27-03-03 3.18 -37 2.7          
26-07-08 4.30 50 2.0            
 33-06-10 3.22 -25 8.9          
27-06-10 3.11 39 2.9            
 53-09-10 3.12 -20 29.2       
25-04-02 3.23 30 0.7            
 42-09-10 3.19 -20 18.2       
329 10.1          -142 9.3          
25-07-08 3.32 150 1.0            
 26-12-10 3.13 -117 2.4          
25-07-08 3.54 110 1.0            
 24-12-10 3.04 -100 0.4          
27-06-10 3.11 99 2.9            
 26-03-20 3.66 -70 1.7          
25-08-08 3.30 40 1.1            
 29-03-10 3.14 -56 4.7          
51-03-10 3.09 50 26.7          
 33-12-10 3.23 -37 9.4          
449 4.3            -380 2.8          
27-03-10 3.15 10 2.7            
 25-03-10 3.22 -100 0.7          
24-10-08 3.32 90 0.3            
 25-07-02 3.19 -40 1.0          
29-06-10 3.17 94 4.9            
 26-06-10 3.14 -23.5 1.9          
26-03-10 3.14 79 1.7            
 25-12-10 3.13 -20.0 1.4          
29-03-10 3.14 61 4.7            
 25-09-10 3.17 -20.0 1.2          
333 2.8            -204 1.0          
