3y
91d
2y
1y
0 0
KR Market
KR Bond(%,bp) YTM 1D 1W 1M
CD91D 3.600 0.0 0.0 0.0
3.346 -1.4 -1.7 -3.0
 3.420 3.458 AAA
3.309 -2.6 -3.1 -15.6
 3.470 3.462 AAA
3.242 -3.6 -6.6 -21.0
 3.467 3.454 AAA
3.262 -3.8 -6.8 -23.3
 3.507 3.590 AA+
3.300 -5.2 -8.5 -24.5
 3.654 3.726 AA-
3.267 -2.3 -6.0 -20.6
 5.100 4.192 AA-
KR Credit(%,bp) YTM 1D 1W 1M
 8.500 6.288 BBB+
3.774 -4.0 -6.8 -22.7
 8.500 6.288 BBB+
3.698 -2.8 -3.7 -19.5
 8.50 - BBB+
7.383 -3.6 -5.5 -26.0
 3.652 3.723 AA-
KTB Futures(tick)
 1D 1W
KTBF 3Y 14 19
 (십억계약,%,년)
LKTBF 10Y 42 62
KR Stock(%) Index 1D 1W 1M
KOSPI 0.13 1.31 1.03
KOSDAQ -1.05 -0.46 0.00
FX Market(%) Price 1D 1W 1M
1379.3 0.39 1.03 0.75
877.31 0.41 -0.13 0.24
1D(bp) 1D(bp) 1D(bp)
1Y 3.465 -2.00 1Y 3.325 -5.5
 11.9 -0.60
2Y 3.328 -2.25 2Y 3.115 -5
 1.9 0.35
3Y 3.253 -3.00 3Y 3.1 -5
 1.1 0.60
5Y 3.200 -4.50 5Y 3.08 -6
 -6.2 -0.70
10Y 3.205 -4.75 10Y 2.92 -6
 -9.5 0.45
US Bond Market
US Bond(%,bp) YTM 1D 1W 1M
UST2Y 4.715 1 -18.2 -1.9
UST5Y 4.244 -0.7 -22.3 -10.7
UST10Y 4.226 -2.3 -21.3 -11.9
UST30Y 4.352 -4.7 -20.5 -15.1
KR Credit Market
 (계약수)
Bond Yield(%, bp) Yield 1D 1W 1M 3M 1Y
3.530 -1.2 -2.2 -4.8 -6.1 -26.7
3.416 -3.8 -5.1 -20.4 -14.1 -61
3.408 -3.5 -6.9 -22.6 -16.8 -63.2
3.547 -1.5 -2.8 -9.7 -8.5 -31.9 Fund Flow (십억원)
3.501 -3.6 -5.4 -22.0 -18.7 -66.3 YTD
3.537 -4.5 -8.9 -28.9 -30.2 -70.9 31883.6
3.660 -2.0 -4.2 -8.5 -7.0 -38.5 16755.4
3.663 -4.0 -6.3 -20.7 -22.6 -70.8 10839.3
3.859 -4.5 -8.0 -26.9 -29.8 -78.8 15423.1
3.708 -2.0 -4.2 -10.5 -15.8 -44.5 1832.2
3.774 -4.0 -6.8 -22.7 -33.0 -78.2 *는 T-2일 기준, 펀드는 설정액 및 ETF 제외 기준
3.998 -4.5 -8.0 -29.3 -35.0 -86.5 **는 T-4일 기준
4.664 -2.0 -4.7 -10.0 -13.5 -37.7
4.866 -4.0 -6.3 -24.5 -24.5 -60.9
 (십억원)
5.142 -4.5 -8.0 -27.8 -23.1 -62.2
5.386 -2.0 -4.2 -9.0 -12.0 -36.2
 AA0 90
5.651 -4.0 -6.3 -24.0 -21.8 -59.7
 AA0 80
5.826 -4.5 -8.0 -27.3 -22.1 -62.3
 AA- 60
5.958 -2.0 -4.2 -9.0 -12.0 -37.2
 AA0 50
6.276 -4.0 -6.3 -24.0 -21.8 -57.7
 AA- 50
6.467 -4.5 -8.0 -27.3 -22.1 -61.4
 45
3.595 -2.3 -4.4 -5.8 -8.5 -34.7
 45
3.575 -3.8 -4.8 -18.0 -18.5 -63.3
 45
3.588 -3.4 -6.6 -25.5 -23.7 -77
 AAA 40
3.624 -1.7 -2.8 -4.9 -9.7 -41.5
 AA0 40
3.615 -2.6 -3.6 -18.4 -23.4 -71.2
 AA0 40
3.683 -3.5 -8.0 -27.3 -31.4 -81.8
 AA- 40
3.645 -1.9 -3.1 -5.6 -11.8 -43.3
 AA0 30
3.654 -2.6 -3.5 -18.5 -23.7 -71.4
 AA- 30
3.752 -3.5 -8.0 -27.2 -31.0 -81.1
 30
3.674 -1.9 -3.1 -5.8 -12.9 -44.4
 20
3.698 -2.8 -3.7 -19.5 -25.3 -73
 AAA 20
3.864 -3.4 -7.9 -26.8 -30.6 -80.4
 BBB+ 2032125-9566
-16388
16150
IRS(%) CRS(%) Spread(bp)
-367
-4230436
1177-1622
-2604
118
1001600
1000
2500
2500
500
500
200
3000.000
28000
5100
17000
4000
0
3.340
3.470
3.375
3.420
0
1851.2
114707 494.3 851.5 1988.21M
202941.1 2221.8 -2069.3 -2232.6
1D 1W
153338.6 139.7 -718.5
2024-08-02 3.73 3.697546
72407.6 -401.1 -449.6 1826.71632015.9 -955.9 -7441.9
3.747 3.7
2026-06-04 3.657 3.652029-02-16 3.617 3.62
2026-01-27 3.972 3.85
- 4.51
2028-03-27 3.532 3.522026-06-14 - 4.46
2026-09-14 - 4.48
3.753 3.73
2027-06-12 3.554 3.552027-05-27 3.694 3.66
2026-05-04 3.698 3.65
- 8.52025-12-14 - 7.2
2027-06-08 3.6 3.532025-07-28 3.909 3.78
2026-03-14 - 4.44▪
▪
▪
2758.42
862.19104.93
114.17
2025-06-132025-02-282026-12-142027-04-22
MMF*
0
17 June. 2024
34-06-10 3.33 133 10.0          
 25-09-10 3.30 -40 1.2          
54-03-10 3.22 93 29.8          
 33-12-10 3.36 -15 9.5          
26-03-10 3.35 72 1.7            
 51-03-10 3.14 -11 26.7       
29-03-10 3.29 38 4.7            
 31-12-10 3.36 -1 7.5          
32-12-10 3.37 20 8.5            
 41-09-10 3.28 -1 17.2       
356 12.8          -67 7.5          
34-06-10 3.33 133 10.0          
 25-09-10 3.30 -40 1.2          
54-03-10 3.22 93 29.8          
 33-12-10 3.36 -15 9.5          
26-03-10 3.35 72 1.7            
 51-03-10 3.14 -11 26.7       
29-03-10 3.29 38 4.7            
 31-12-10 3.36 -1 7.5          
32-12-10 3.37 20 8.5            
 41-09-10 3.28 -1 17.2       
356 12.8          -67 7.5          
34-06-10 3.33 133 10.0          
 25-09-10 3.30 -40 1.2          
54-03-10 3.22 93 29.8          
 33-12-10 3.36 -15 9.5          
26-03-10 3.35 72 1.7            
 51-03-10 3.14 -11 26.7       
29-03-10 3.29 38 4.7            
 31-12-10 3.36 -1 7.5          
32-12-10 3.37 20 8.5            
 41-09-10 3.28 -1 17.2       
356 12.8          -67 7.5          
34-06-10 3.33 133 10.0          
 25-09-10 3.30 -40 1.2          
54-03-10 3.22 93 29.8          
 33-12-10 3.36 -15 9.5          
26-03-10 3.35 72 1.7            
 51-03-10 3.14 -11 26.7       
29-03-10 3.29 38 4.7            
 31-12-10 3.36 -0.8 7.5          
32-12-10 3.37 20 8.5            
 41-09-10 3.28 -0.7 17.2       
356 12.8          -67 7.5          
