5Y
91d
20Y
0 0
0 0
KR Market
KR Bond(%,bp) YTM 1D 1W 1M
CD91D 3.400 0.0 1.0 -4.0
2.706 0.5 2.3 -10.8
 3.218 - AA
2.792 2.7 8.7 -5.0
 2.990 2.985 AAA
2.670 4.6 7.0 -10.2
 3.100 3.039 AAA
2.825 2.5 9.5 1.5
 3.361 3.402 AA-
2.914 3.0 10.4 1.2
 3.233 3.362 AA-
2.850 2.3 9.8 -0.4
 3.227 - AA
KR Credit(%,bp) YTM 1D 1W 1M
 4.708 - A
3.411 4.5 7.5 2.9
 3.203 3.247 AA+
3.348 4.3 8.0 0.0
 3.228 3.371 AA-
6.694 4.3 7.1 -3.9
 3.247 3.402 AA-
KTB Futures(tick)
 1D 1W
KTBF 3Y -9.0 -24.0
 (십억계약,%,년)
LKTBF 10Y -43.0 -84.0
KR Stock(%) Index 1D 1W 1M
KOSPI -0.44 -0.26 -3.60
KOSDAQ -0.66 -1.27 -2.53
FX Market(%) Price 1D 1W 1M
1,464.8 0.58 0.89 4.76
934.1 0.62 1.34 3.03
1D(bp) 1D(bp) 1D(bp)
1Y 2.878 1.0 1Y 2.755 3.5
 17.2 0.5
2Y 2.775 1.8 2Y 2.640 2
 -1.7 -0.9
3Y 2.745 2.8 3Y 2.635 2.5
 7.5 -1.8
5Y 2.760 3.2 5Y 2.635 5.5
 -6.5 0.7
10Y 2.808 3.5 10Y 2.660 5.5
 -10.7 0.5
US Bond Market
US Bond(%,bp) YTM 1D 1W 1M
UST2Y 4.334 -1.5 1.3 7.4
UST5Y 4.435 -1.0 1.1 24.2
UST10Y 4.586 -0.5 1.8 27.7
UST30Y 4.773 0.9 3.7 29.1
KR Credit Market
 (계약수)
Bond Yield(%, bp) Yield 1D 1W 1M 3M 1Y
3.041 0.2 2.2 -15.9 -16.4 -69.3
2.989 3.1 5.9 -5.7 -10.3 -59.5
3.107 1.3 8.0 3.3 -4.7 -43.8
3.055 0.2 3.3 -17.2 -15.9 -69.9 Fund Flow (십억원)
3.019 3.1 5.6 -4.6 -10.1 -67.5 YTD
3.149 2.5 9.2 2.8 -6.0 -61.7 6,068
3.268 0.0 3.0 -7.3 -4.3 -63.1 37,937
3.319 4.5 7.5 2.9 -0.2 -64.6 21,168
3.483 2.5 9.5 4.7 -3.7 -60 99,309
3.346 0.0 3.0 -6.8 -5.4 -71.4 -9,069
3.411 4.5 7.5 2.9 -1.4 -76.1 *는 T-2일 기준, 펀드는 설정액 및 ETF 제외 기준
3.591 2.5 9.5 4.7 -4.2 -69.9 **는 T-4일 기준
4.019 0.0 2.5 -9.8 -14.4 -90.2
4.273 4.5 7.0 0.4 -9.6 -81.4
 (십억원)
4.706 2.5 9.5 3.2 -5.7 -55.7
4.736 0.0 2.5 -9.8 -14.9 -88.2
 AA- 160
5.066 4.5 7.0 0.4 -9.6 -77.9
 AA- 120
5.390 2.5 9.5 3.2 -5.7 -54.7
 AA- 120
5.308 0.0 2.5 -9.8 -14.4 -87.2
 AA- 100
5.706 4.5 7.0 0.4 -8.6 -73.9
 AA- 70
6.031 2.5 9.5 3.2 -5.7 -53.9
 AA+ 60
3.151 0.7 2.5 -9.4 -8.6 -71.3
 AA0 58
3.188 4.4 8.0 -1.1 -7.5 -55.8 KT&G2-1 AAA 50
3.259 2.5 9.3 3.6 -5.2 -51.1
 AA- 50
3.191 0.8 3.3 -7.0 -6.6 -74.1
 A0 50
3.272 4.3 8.0 -0.1 -5.5 -57.8
 A+ 40
3.358 2.5 9.4 5.0 -3.2 -58.7 SK287-2 AA+ 40
3.219 0.9 3.5 -6.6 -6.1 -75.5
 AA- 40
3.299 4.4 8.0 -0.2 -6.1 -59.1
 AA0 40
3.418 2.5 9.3 5.1 -3.7 -58.9
 AA0 40
3.248 0.8 3.5 -6.6 -6.1 -76.6
 AA0 30
3.348 4.3 8.0 0.0 -6.0 -60.8
 AA0 30
3.523 2.5 9.4 5.3 -3.6 -59.6
 AA+ 30-25,1452,264
24,294
-3,324
IRS(%) CRS(%) Spread(bp)
350
-616335
705-347
630
400
400600
1,200
800
800
700
600
300
3000.000
1,000
4,000
1,000
0
0
2.680
2.960
2.750
0.000
 0
0
-2,431
125,036 849 161 4,6681M
177,126 -1,311 -12,378 -21,995
1D 1W
174,520 -314 -4,518
2026-10-14 3.136 3.1712,204
61,506 0 460 2,9991,715,901 0 -5,682
3.62 3.78
2026-11-27 3.392 3.352099-12-31 4.535 4.54
2099-12-31 3.32 3.32
3.179 3.27
2026-04-27 3.19 3.212025-07-31 3.377 3.42
2027-01-25 3.305 3.32
3.142 3.17
2025-02-07 3.536 3.872026-01-23 3.862 4.05
2025-03-04 3.505 3.64
3.196 3.232025-01-30 3.52 3.59
2025-07-14 3.339 3.362026-01-18 3.255 3.27
2027-01-18 3.128 3.19▪
▪
▪
2,429.7
675.6106.5
116.6
2029-06-272026-02-272025-09-122025-02-14
MMF*
0
0
27 Dec. 2024
26-10-02 2.76 70 5.0            
 25-12-10 2.70 -81 2.5          
33-06-10 3.03 40 1.8            
 25-12-10 2.69 -58 0.2          
28-06-10 2.83 40 4.2            
 54-03-10 2.76 -15 1.5          
54-09-10 2.76 35 9.5            
 34-06-10 2.98 -13 0.3          
27-03-10 2.78 20 3.7            
 72-09-10 2.71 -9 0.4          
368 4.6            -130 1.1          
26-10-02 2.76 70 9.5            
 25-12-10 2.70 -81 7.0          
33-06-10 3.03 40 4.7            
 25-12-10 2.69 -58 0.1          
28-06-10 2.83 40 29.7          
 54-03-10 2.76 -15 4.2          
54-09-10 2.76 35 1.8            
 34-06-10 2.98 -13 7.5          
27-03-10 2.78 20 4.9            
 72-09-10 2.71 -9 18.0       
259 10.0          -139 6.7          
26-10-02 2.76 70 1.7            
 25-12-10 2.70 -81 2.0          
33-06-10 3.03 40 4.0            
 25-12-10 2.69 -58 18.7       
28-06-10 2.83 40 1.0            
 54-03-10 2.76 -15 2.5          
54-09-10 2.76 35 0.2            
 34-06-10 2.98 -13 2.5          
27-03-10 2.78 20 3.0            
 72-09-10 2.71 -9 4.2          
230 2.0            -157 5.8          
26-10-02 2.76 70 1.8            
 25-12-10 2.70 -81 1.0          
33-06-10 3.03 40 8.5            
 25-12-10 2.69 -58 1.0          
28-06-10 2.83 40 3.5            
 54-03-10 2.76 -15 29.2       
54-09-10 2.76 35 29.7          
 34-06-10 2.98 -13 9.5          
27-03-10 2.78 20 2.2            
 72-09-10 2.71 -9 47.7       
205 8.2            -176 6.4          
