91d
0 0
0 0
0 0
0 0
KR Market
KR Bond(%,bp) YTM 1D 1W 1M
CD91D 3.620 1.0 2.0 5.0
3.367 -0.3 -0.3 -6.8
 3.530 3.554 AAA
3.405 -1.5 -2.5 -9.0
 3.618 3.578 AAA
3.387 -2.3 -2.5 -13.1
 3.650 3.580 AAA
3.415 -2.2 -3.0 -16.9
 3.523 3.578 AAA
3.477 -2.0 -1.8 -20.8
 3.610 3.701 AA+
3.427 -1.3 -0.3 -17.8
 3.630 3.766 AAA
KR Credit(%,bp) YTM 1D 1W 1M
 3.747 3.748 AA+
3.941 -2.5 -3.0 -12.3
 4.000 3.778 AA+
3.816 -2.5 -3.1 -16.5
 3.00 -
7.535 -2.3 -5.0 -24.3
 5.850 -
KTB Futures(tick)
 1D 1W
KTBF 3Y 6 9
 (십억계약,%,년)
LKTBF 10Y 18 8
KR Stock(%) Index 1D 1W 1M
KOSPI -0.01 -0.05 2.50
KOSDAQ 0.36 0.53 -0.68
FX Market(%) Price 1D 1W 1M
1358.5 -0.39 -0.35 -1.22
865.67 -0.40 -0.85 -1.46
1D(bp) 1D(bp) 1D(bp)
1Y 3.520 -2.00 1Y 3.485 -0.5
 15.3 -1.70
2Y 3.435 -1.50 2Y 3.29 -2.5
 3.0 0.00
3Y 3.388 -1.50 3Y 3.275 -2.5
 0.1 0.80
5Y 3.363 -1.50 5Y 3.26 0.5
 -5.3 0.70
10Y 3.360 -2.00 10Y 3.1 0.5
 -11.7 0.00
US Bond Market
US Bond(%,bp) YTM 1D 1W 1M
UST2Y 4.987 3 14.8 -1.9
UST5Y 4.601 6.7 16 -9.3
UST10Y 4.555 8.5 13.8 -11.5
UST30Y 4.669 9.4 11.8 -11
KR Credit Market
 (계약수)
Bond Yield(%, bp) Yield 1D 1W 1M 3M 1Y
3.569 -0.6 -0.9 -5.0 -9.3 -26.7
3.550 -1.6 -3.2 -13.6 -7.5 -36.5
3.552 -2.1 -3.5 -16.5 -9.4 -41.7
3.613 -0.6 -1.1 -6.5 -9.1 -28.7 Fund Flow (십억원)
3.650 -2.4 -3.3 -13.8 -10.5 -42.3 YTD
3.728 -2.1 -4.3 -20.4 -16.2 -46.3 35052.4
3.727 -0.5 -0.8 -4.1 -2.5 -34.8 16549.1
3.815 -2.3 -2.5 -10.8 -10.4 -44.4 9823.2
4.042 -2.5 -4.1 -18.4 -15.7 -58.9 9511.2
3.785 -0.5 -1.3 -5.6 -10.8 -41.3 1652.3
3.941 -2.5 -3.0 -12.3 -20.3 -52.5 *는 T-2일 기준, 펀드는 설정액 및 ETF 제외 기준
4.191 -2.7 -4.5 -19.8 -20.5 -65.4 **는 T-4일 기준
4.741 -0.5 -1.3 -7.1 -10.3 -33.5
5.038 -2.8 -3.8 -14.1 -11.5 -34.2
 (십억원)
5.330 -2.7 -4.5 -18.0 -8.0 -38.9
5.458 0.0 -0.8 -6.6 -9.3 -30
 AAA 160
5.823 -2.3 -3.3 -13.1 -8.8 -32
 120.0
6.014 -2.2 -4.0 -17.5 -7.0 -39
 AAA 90
6.030 0.0 -0.8 -6.6 -9.3 -33
 A+ 80
6.448 -2.3 -3.3 -13.1 -8.8 -30.5
 AA- 70
6.655 -2.2 -4.0 -17.5 -7.0 -38.6
 AAA 70
3.647 -0.6 -0.9 -5.5 -9.4 -32
 AA0 60
3.700 -2.2 -2.2 -13.9 -9.2 -40.9
 AA- 60
3.750 -2.3 -3.9 -19.2 -11.8 -54.9
 AAA 60
3.672 -0.7 -1.1 -4.3 -12.8 -38.7
 AA- 60
3.729 -2.3 -2.9 -15.2 -17.4 -49.5
 60
3.862 -2.1 -4.1 -20.2 -18.5 -57.8
 AA0 50
3.702 -0.9 -0.9 -4.6 -14.0 -39.9
 AA- 50
3.769 -2.5 -2.7 -15.5 -17.6 -50
 B+ 40
3.931 -2.2 -4.0 -19.7 -18.0 -57.6
 AA0 40
3.729 -1.0 -1.0 -5.4 -15.3 -41.2
 AA+ 40
3.816 -2.5 -3.1 -16.5 -18.8 -51.1
 AAA 40
4.039 -2.2 -4.0 -19.7 -18.0 -57.8
 A+ 40▪
▪
▪
2722.85
851.01104.50
112.70
2025-01-232026-12-082026-04-082026-02-10
MMF*
0
0
3.812 3.812027-03-05 3.606 3.61
2027-05-23 3.629 3.642027-05-26 - 4.32
2025-02-14 3.819 3.813.85 3.8
2024-07-04 3.594 3.692026-01-12 3.795 3.78
2027-05-26 - 4.323.807 3.76
2026-06-10 3.647 3.651944-05-28 - 3.71
2025-01-25 3.66 3.643.982 4
2027-05-28 - 3.752030-07-26 - 3.37
1934-05-28 - 3.8
2029-05-28 - 3.61-4828.7
72227.7 -19.4 1594.4 1605.91626104 1312.9 -1120.7
-48294.6
113690.9 -93144.3 354.4 -877361M
206109.9 -725.3 -2495.7 4683
1D 1W
153132.3 -53702.9 324.1
0
0
0
0
0
0
0.000
6200
0
0
0
0
3.470
0.000
0.000
0.000
300
20001100
1500
600
500
1800
300
20
150
-56123943
16825
-2216
IRS(%) CRS(%) Spread(bp)
-1001
-8848-158
-246-483
-232
29 May. 2024
52-03-10 3.38 0 27.8          
 26-03-03 3.42 -100 1.8          
27-05-28 3.50 100 3.0            
 25-12-10 3.43 -80 1.5          
27-05-28 3.50 90 3.0            
 25-06-10 3.40 -52 1.0          
28-05-31 3.53 90 4.0            
 25-08-14 3.57 -40 1.2          
29-05-28 3.52 80 5.0            
 26-04-02 3.41 -30 1.8          
360 3.7            -302 1.5          
33-06-10 3.49 -61 9.0            
 33-06-10 3.49 -61 9.0          
33-12-10 3.48 -25 9.5            
 25-06-10 3.40 -52 1.0          
30-12-10 0.00 -42 6.5            
 25-08-14 3.57 -40 1.2          
25-03-10 0.00 -30 0.8            
 30-12-10 3.47 -42 6.5          
53-09-10 0.00 -25 29.3          
 25-03-10 3.38 -30 0.8          
-182 10.0          -225 4.2          
26-12-10 3.39 -98 2.5            
 26-12-10 3.40 -98 2.5          
24-07-25 0.00 -100 0.2            
 24-07-25 3.57 -100 0.2          
33-12-10 3.48 -40 9.5            
 26-03-03 3.42 -60 1.8          
26-03-03 0.00 -60 1.8            
 33-12-10 3.48 -40 9.5          
24-06-28 3.60 20 0.1            
 31-06-10 3.49 -30 7.0          
-278 2.7            -328 2.9          
25-06-10 0.00 -50 1.0            
 25-06-10 3.40 -50 1.0          
51-03-10 0.00 0 26.8          
 51-03-10 3.41 0 26.8       
32-06-10 3.49 1 8.0            
 27-06-10 0.00 0 3.0          
32-12-10 3.47 5 8.5            
 35-09-10 0.00 0.6 11.3       
54-03-10 3.35 13 29.8          
 32-06-10 0.00 0.7 8.0          
-31 12.7 -         -49 0.9          
