10Y
91d
3Y
0 0
0 0
KR Market
KR Bond(%,bp) YTM 1D 1W 1M
CD91D 3.380 0.0 5.0 -6.0
2.666 -1.5 -2.7 -18.5
 4.638 -
2.650 -6.5 -1.9 -31.0
 2.910 2.915 AAA
2.540 -7.8 0.5 -37.5
 2.930 2.967 AAA
2.655 -7.7 4.0 -31.0
 2.950 3.058 AAA
2.735 -5.5 4.8 -32.5
 4.563 -
2.710 -2.6 10.0 -28.9
 2.922 2.973 AAA
KR Credit(%,bp) YTM 1D 1W 1M
 2.890 2.968 AAA
3.281 -7.0 3.1 -21.9
 3.360 3.071 AA+
3.216 -6.8 1.7 -25.9
 2.990 2.968 AAA
6.567 -7.1 0.9 -30.7
 3.125 3.213 AA+
KTB Futures(tick)
 1D 1W
KTBF 3Y 23.0 37.0
 (십억계약,%,년)
LKTBF 10Y 53.0 -23.0
KR Stock(%) Index 1D 1W 1M
KOSPI 1.12 1.72 0.62
KOSDAQ 0.45 3.20 1.16
FX Market(%) Price 1D 1W 1M
1,435.5 -0.24 0.23 2.89
937.1 0.46 -0.70 4.12
1D(bp) 1D(bp) 1D(bp)
1Y 2.798 -4.8 1Y 2.650 -2
 13.2 -3.3
2Y 2.633 -6.3 2Y 2.500 -1.5
 -1.8 0.2
3Y 2.578 -6.3 3Y 2.500 -2.5
 3.8 1.5
5Y 2.570 -6.0 5Y 2.460 -3
 -8.5 1.7
10Y 2.618 -5.7 10Y 2.485 -3
 -11.8 -0.2
US Bond Market
US Bond(%,bp) YTM 1D 1W 1M
UST2Y 4.361 11.2 20.4 7.9
UST5Y 4.405 14.1 26.9 12.7
UST10Y 4.518 11.8 24.3 10.2
UST30Y 4.679 8.8 19.5 6.8
KR Credit Market
 (계약수)
Bond Yield(%, bp) Yield 1D 1W 1M 3M 1Y
3.001 -1.0 -0.5 -22.6 -22.2 -73.1
2.871 -7.3 1.4 -30.1 -23.8 -77.5
2.954 -7.4 5.2 -25.8 -16.6 -67.1
3.002 -0.8 0.5 -25.8 -24.1 -75.3 Fund Flow (십억원)
2.904 -7.2 1.7 -29.7 -23.2 -85.4 YTD
2.984 -7.4 4.7 -28.6 -18.9 -86.3 18,446
3.218 -1.0 0.5 -14.7 -13.5 -67.6 42,454
3.189 -7.0 3.1 -21.7 -16.5 -82.3 21,008
3.316 -6.7 5.5 -27.2 -18.9 -84.7 104,991
3.291 -1.0 0.5 -15.0 -15.4 -76.4 -9,529
3.281 -7.0 3.1 -21.9 -18.7 -93.6 *는 T-2일 기준, 펀드는 설정액 및 ETF 제외 기준
3.424 -6.7 5.5 -27.2 -19.9 -94.6 **는 T-4일 기준
3.974 -1.0 0.0 -17.8 -23.9 -94.2
4.148 -7.0 2.3 -25.9 -26.4 -98.9
 (십억원)
4.539 -6.7 5.0 -28.7 -20.9 -80.4
4.691 -1.0 0.0 -17.8 -24.4 -92.2
 90
4.941 -7.0 2.3 -25.9 -26.4 -95.4
 AA- 60
5.223 -6.7 5.0 -28.7 -20.9 -79.4
 AA0 50
5.263 -1.0 0.0 -17.8 -23.9 -91.2
 AA- 40
5.581 -7.0 2.3 -25.4 -25.4 -91.4
 AA0 40
5.864 -6.7 5.0 -28.7 -20.9 -78.6
 30
3.107 -1.4 -1.7 -15.9 -14.7 -74.6
 AAA 30
3.053 -7.0 2.1 -27.7 -21.8 -75.1
 A+ 25
3.091 -7.0 4.7 -28.5 -18.7 -76.2
 22
3.138 -1.2 -0.8 -15.2 -13.9 -77.3 KT186-4 AAA 20
3.139 -7.0 1.5 -25.9 -19.6 -76.3
 20
3.188 -7.0 4.5 -26.6 -16.3 -83.5
 AA0 20
3.164 -1.1 -0.8 -15.1 -13.6 -78.8
 10
3.166 -7.0 1.5 -26.1 -20.5 -77.6
 AA- 10
3.248 -7.1 4.6 -26.5 -16.7 -83.8
 AA0 10
3.193 -1.2 -0.8 -15.2 -13.6 -79.9
 A0 5
3.216 -6.8 1.7 -25.9 -20.3 -79.2
 5
3.353 -6.8 4.9 -26.3 -16.6 -84.4
 5-40,72819,753
49,370
-6,117
IRS(%) CRS(%) Spread(bp)
-11,709
-451-70
-1,412-1,286
-6,724
1,100
1,1001,600
6,000
4,000
2,400
1,800
1,700
1,000
1,0000.000
2,000
5,000
8,000
0
0
2.665
2.950
2.720
0.000
 0
0
2,468
124,875 148 2,170 6,3971M
189,504 -672 -1,368 -12,983
1D 1W
179,038 60 225
2054-12-18 - 4.5613,583
61,046 -164 -1,123 2,0101,721,584 5,853 2,214
3.315 3.72
2029-08-27 3.415 3.422026-07-05 3.22 3.26
2026-11-04 3.316 3.28
3.325 3.41
2027-07-09 - 3.982025-07-18 - 4.27
2026-08-25 3.081 3.08
4.503 4.44
2030-12-10 - 4.682034-06-26 3.191 3.17
2029-12-20 - 4.96
- 4.72027-10-25 3.463 3.59
2027-04-08 - 4.722025-08-06 3.436 3.44
2025-02-14 3.296 3.13▪
▪
▪
2,484.4
697.6107.1
118.9
2029-04-262034-12-122026-09-102025-01-17
MMF*
0
0
19 Dec. 2024
26-12-18 2.91 290 2.0            
 25-12-10 2.69 -250 1.0          
29-12-18 2.95 170 5.0            
 25-12-10 2.69 -170 1.0          
26-12-10 2.72 132 2.0            
 26-01-17 3.03 -140 1.1          
27-09-03 2.73 130 2.7            
 34-06-10 2.88 -70 9.5          
26-12-18 2.92 120 2.0            
 26-01-04 3.03 -40 1.0          
842 2.7            -670 1.9          
54-09-10 2.65 112 29.7          
 25-07-02 2.71 -100 0.5          
27-12-18 2.94 35 3.0            
 25-11-09 3.06 -60 0.9          
27-12-17 4.20 30 3.0            
 31-12-10 2.89 -60 7.0          
25-03-13 3.39 30 0.2            
 25-12-12 2.95 -50 1.0          
27-12-10 2.55 25 3.0            
 40-09-10 2.85 -60 15.7       
232 15.5          -330 4.6          
25-12-18 3.36 110 1.0            
 26-10-02 2.68 -130 1.8          
26-12-18 4.08 90 2.0            
 27-03-10 2.74 -65 2.2          
25-12-16 3.10 60 1.0            
 28-03-10 2.76 -60 3.2          
26-12-18 3.17 50 2.0            
 28-09-10 2.79 -44 3.7          
27-06-18 3.13 50 2.5            
 29-03-10 2.78 -35 4.2          
360 1.6            -334 2.6          
39-09-10 2.86 79 14.7          
 25-12-10 2.68 -140 1.0          
30-12-10 2.85 40 6.0            
 34-06-10 2.88 -99 9.5          
54-09-10 2.67 42 29.7          
 25-12-10 2.68 -100 1.0          
40-09-10 2.82 40 15.7          
 25-09-10 2.65 -71 0.7          
29-03-10 2.79 30 4.2            
 26-09-10 2.73 -40 1.7          
232 14.8          -450 2.9          
