5y
20y
0 0
0 0
0 0
KR Market
KR Bond(%,bp) YTM 1D 1W 1M
CD91D 3.600 0.0 0.0 4.0
3.370 0.0 -0.6 -6.4
 3.470 3.590 AAA
3.435 0.5 -3.0 -8.5
 3.939 3.739 AA-
3.415 0.3 -3.7 -9.5
 3.550 3.575 AAA
3.445 0.0 -5.0 -14.0
 3.500 3.605 AAA
3.485 -1.0 -6.0 -16.7
 3.999 3.783 AA-
3.412 -1.8 -6.1 -14.3
 3.798 3.884 AA-
KR Credit(%,bp) YTM 1D 1W 1M
 3.867 3.974 AA-
3.971 0.0 -3.0 -9.3
 3.745 3.748 AA+
3.851 0.4 -4.2 -14.9
 3.84 3.845 AA+
7.588 0.3 -5.5 -22.2
 3.868 3.884 AA+
KTB Futures(tick)
 1D 1W
KTBF 3Y -2 -13
 (십억계약,%,년)
LKTBF 10Y 6 -23
KR Stock(%) Index 1D 1W 1M
KOSPI -0.03 -0.25 3.58
KOSDAQ -0.09 -1.91 -0.01
FX Market(%) Price 1D 1W 1M
1362.9 -0.03 -0.45 -1.18
871.09 -0.23 -0.47 -2.30
1D(bp) 1D(bp) 1D(bp)
1Y 3.555 -1.75 1Y 3.525 1.5
 18.5 -1.75
2Y 3.470 -0.50 2Y 3.29 0
 3.5 -1.00
3Y 3.410 0.00 3Y 3.275 -1
 -0.5 -0.30
5Y 3.368 -0.25 5Y 3.23 -1
 -7.7 -0.25
10Y 3.363 -0.50 10Y 3.075 -1
 -12.3 0.50
US Bond Market
US Bond(%,bp) YTM 1D 1W 1M
UST2Y 4.88 4.1 14.6 -10
UST5Y 4.469 2.8 11.8 -18.9
UST10Y 4.427 1 8.2 -18.7
UST30Y 4.54 -1.1 3.7 -17.5
KR Credit Market
 (계약수)
Bond Yield(%, bp) Yield 1D 1W 1M 3M 1Y
3.580 0.2 0.2 -3.2 -5.7 -16.1
3.584 0.2 -3.6 -7.9 -1.2 -18.7
3.587 0.0 -4.7 -11.9 -3.0 -22.3
3.624 0.0 -2.0 -2.5 -5.2 -17.2 Fund Flow (십억원)
3.684 0.1 -3.7 -9.6 -4.5 -24.1 YTD
3.771 0.0 -5.5 -16.7 -10.3 -26.2 36959.6
3.735 0.0 -1.0 -1.5 1.3 -23.5 16367.2
3.843 0.3 -2.7 -7.3 -7.4 -28.1 9426
4.078 -0.5 -5.0 -15.8 -11.1 -40.5 8975.4
3.798 0.0 -1.5 -2.3 -7.0 -31 71.1
3.971 0.0 -3.0 -9.3 -17.6 -37*는 T-2일 기준, 펀드는 설정액 및 ETF 제외 기준
4.231 -0.5 -6.0 -16.8 -15.5 -46.6 **는 T-4일 기준
4.754 0.0 -1.0 -5.5 -8.0 -21.7
5.076 0.0 -3.5 -9.8 -7.2 -16.7
 (십억원)
5.370 -0.5 -5.0 -14.0 -3.0 -20.1
5.466 0.0 -1.0 -5.5 -7.0 -18.7
 AA- 90
5.856 0.0 -3.5 -8.8 -5.0 -15
 89.4
6.049 -0.5 -5.0 -14.0 -2.5 -20.7
 80
6.038 0.0 -1.0 -5.5 -7.0 -22.2
 AA0 60
6.481 0.0 -3.5 -8.8 -4.5 -13.5
 A 60
6.690 -0.5 -5.0 -14.0 -2.5 -20.3 S-Oil55-1 AA0 50.5
3.658 0.2 0.5 -4.0 -6.7 -21.4
 AA- 50
3.725 0.3 -3.0 -12.1 -5.9 -24.4
 AAA 50
3.786 -0.3 -5.7 -16.0 -7.3 -36.6
 AA- 50
3.681 -0.2 0.8 -3.2 -12.1 -28.2
 AA0 50
3.759 0.1 -4.0 -14.2 -14.2 -32.4
 AA0 40
3.898 -0.5 -5.8 -17.7 -14.3 -39.1
 AA- 40
3.712 0.1 1.1 -3.6 -13.1 -29.3
 AA- 40
3.801 0.5 -3.8 -14.3 -14.2 -32.7
 AA0 40
3.967 -0.4 -5.7 -17.2 -13.9 -38.9
 AA- 40
3.741 0.2 0.9 -4.5 -14.2 -30.5
 AA+ 30
3.851 0.4 -4.2 -14.9 -15.1 -33.1
 AA+ 30
4.075 -0.4 -5.7 -17.2 -13.9 -39.3
 30▪
▪
▪
2723.46
845.72104.41
112.62
2027-09-152027-01-292025-10-252025-08-27
MMF*
0
0
- 5.92026-05-31 3.687 3.66
2025-06-26 3.707 3.72024-06-07 3.642 3.62
2025-01-17 3.614 3.673.955 3.99
2026-07-17 3.758 3.722025-02-28 3.672 3.71
2025-01-25 3.659 3.713.641 3.67
2025-02-25 3.915 3.852024-11-04 3.602 3.64
2026-07-05 3.832 3.823.811 3.78
2053-12-14 - 7.672028-07-06 - 4.4
2030-07-26 - 3.41
2025-10-27 4.14 4.1-3980.9
70646.5 13.2 -1602.5 -242.71625568.2 -1656.5 1915.1
5153.1
113293.7 -42.8 574.9 4771.31M
208017.1 -588.5 2843.4 -338.1
1D 1W
152950.4 142.2 1463
0
0
0
0
0.000
23000
7000
0
0
0
3.420
3.425
0.000
0.000
600
600800
3000
1450
1200
1000
950
600
600
-254395358
22106
-5508
IRS(%) CRS(%) Spread(bp)
-2665
-569449
21421884
3960
23 May. 2024
24-07-25 3.55 307 0.2            
 26-01-15 3.60 -50 1.7          
25-05-22 3.59 190 1.0            
 26-04-02 3.42 -40 1.9          
25-11-22 3.55 100 1.5            
 25-12-10 3.44 -40 1.6          
26-06-10 3.41 85 2.1            
 25-01-02 3.42 -30 0.6          
33-12-10 3.48 42 9.6            
 24-06-10 3.04 -24 0.1          
724 1.3            -184 1.3          
33-12-10 3.47 154 9.6            
 53-09-10 3.34 -15 29.3       
33-06-10 3.47 60 9.1            
 53-03-10 3.33 -15 28.8       
54-03-10 3.32 50 29.8          
 31-12-10 3.48 -10 7.6          
43-09-10 3.41 76 19.3          
 25-06-05 3.63 -10 1.0          
29-05-22 3.95 20 5.0            
 25-03-06 3.63 -10 0.8          
360 14.1          -60 16.1       
24-06-16 3.58 120 0.1            
 26-06-10 3.41 -129 2.1          
25-05-22 3.59 50 1.0            
 25-06-09 3.62 -50 1.0          
26-12-10 3.40 42 2.6            
 25-06-05 3.63 -40 1.0          
27-03-10 3.42 40 2.8            
 24-08-01 3.63 -40 0.2          
24-07-25 3.55 32 0.2            
 25-05-13 3.86 -30 1.0          
284 1.0            -289 1.4          
24-07-25 3.55 81 0.2            
 32-06-10 3.47 -30 8.1          
54-03-10 3.31 71 29.8          
 27-09-10 3.43 -15 3.3          
26-03-10 3.44 50 1.8            
 28-03-10 3.43 -7 3.8          
38-09-10 3.45 16 14.3          
 53-09-10 3.64 -5.0 29.3       
33-12-10 3.47 10 9.6            
 26-12-10 3.43 -1.7 2.6          
228 11.2          -59 8.0          
