10y
91d
3y
0 0
0 0
KR Market
KR Bond(%,bp) YTM 1D 1W 1M
CD91D 3.520 0.0 -3.0 -8.0
3.230 0.8 2.7 -9.9
 3.350 3.434 AAA
3.123 1.3 -2.0 -10.7
 3.220 3.220 AAA
3.072 1.2 -2.1 -7.8
 3.374 3.400 AA+
3.095 1.3 -0.9 -8.5
 3.190 3.196 AAA
3.152 1.7 -1.5 -7.3
 3.251 3.211 AAA
3.105 1.6 -3.4 -9.0
 3.377 3.399 AA+
KR Credit(%,bp) YTM 1D 1W 1M
 3.439 3.548 AA-
3.550 1.0 -3.7 -12.4
 3.437 3.551 AA-
3.522 1.2 -2.3 -9.8
 3.59 3.892 AA+
7.175 1.2 -3.1 -11.8
 5.000 - B-
KTB Futures(tick)
 1D 1W
KTBF 3Y -7 2
 (십억계약,%,년)
LKTBF 10Y -27 10
KR Stock(%) Index 1D 1W 1M
KOSPI -1.02 -2.15 -0.07
KOSDAQ 0.76 -2.55 -3.77
FX Market(%) Price 1D 1W 1M
1386.7 0.36 0.51 0.35
883.85 -0.03 2.22 0.91
1D(bp) 1D(bp) 1D(bp)
1Y 3.305 1.25 1Y 3.2 0.5
 7.5 0.45
2Y 3.138 2.25 2Y 2.94 0
 1.5 0.95
3Y 3.065 2.25 3Y 2.88 0
 -0.7 1.05
5Y 3.030 2.75 5Y 2.87 0
 -6.5 1.45
10Y 3.063 3.00 10Y 2.78 0
 -9.0 1.30
US Bond Market
US Bond(%,bp) YTM 1D 1W 1M
UST2Y 4.515 4.2 6.1 -21
UST5Y 4.171 5.1 6.8 -8
UST10Y 4.241 3.8 5.7 1.4
UST30Y 4.449 2.8 5.1 9.2
KR Credit Market
 (계약수)
Bond Yield(%, bp) Yield 1D 1W 1M 3M 1Y
3.361 0.4 0.8 -15.2 -23.6 -43.8
3.224 1.3 -3.3 -11.0 -40.4 -74.4
3.255 1.4 -1.0 -8.7 -42.0 -72
3.341 0.7 0.7 -17.0 -28.6 -49.9 Fund Flow (십억원)
3.322 1.2 -2.0 -8.7 -42.5 -77.5 YTD
3.347 1.3 -1.0 -10.3 -55.8 -81.7 39341.6
3.503 0.5 -0.5 -12.7 -22.7 -61.4 21747
3.458 1.0 -3.7 -10.8 -43.0 -92 15864.8
3.652 1.0 -1.8 -12.0 -54.9 -90.1 33449.2
3.558 0.5 -0.5 -11.5 -24.3 -71.7 -2404.5
3.550 1.0 -3.7 -12.4 -48.6 -105.1 *는 T-2일 기준, 펀드는 설정액 및 ETF 제외 기준
3.780 1.0 -1.8 -13.1 -58.4 -96.3 **는 T-4일 기준
4.518 1.0 1.5 -10.6 -27.1 -55.3
4.641 1.2 -2.8 -12.5 -50.5 -80.6
 (십억원)
4.948 1.3 -1.0 -10.7 -52.7 -74.1
5.240 1.0 1.5 -10.6 -26.1 -52.8
 AAA 240
5.434 1.2 -2.8 -11.7 -48.2 -76.6
 A+ 100
5.632 1.3 -1.0 -10.7 -52.2 -73.2
 AA0 90
5.807 1.0 1.5 -11.1 -26.6 -53.8
 78
6.064 1.2 -2.3 -11.2 -47.7 -74.1
 A+ 50
6.273 1.3 -1.0 -10.7 -52.2 -72.3
 AA- 50
3.460 0.5 1.9 -11.3 -23.1 -50
 AA0 50
3.407 1.3 -1.6 -8.1 -41.1 -73.3
 AAA 50
3.421 1.3 -0.9 -8.5 -49.2 -85.2
 AA- 50
3.484 1.0 2.3 -11.0 -22.3 -57
 AA0 40
3.444 1.2 -1.9 -9.1 -42.7 -83.1
 AA+ 40
3.485 1.3 -1.4 -11.1 -55.8 -94
 40
3.506 1.0 1.9 -10.9 -23.7 -59
 AA0 40
3.480 1.2 -2.2 -9.6 -43.4 -83.5
 AA- 40
3.550 1.3 -1.4 -11.4 -55.7 -93.9
 AAA 40
3.534 1.0 2.1 -10.9 -24.6 -59.7
 BBB0 33
3.522 1.2 -2.3 -9.8 -44.8 -85.7
 AAA 30
3.655 1.3 -1.4 -12.0 -56.0 -94.1
 AA0 30345721167
-15997
2149
IRS(%) CRS(%) Spread(bp)
415
-6540-142
-393-1394
-6868
500
5001000
2700
2200
1100
1000
1000
500
4000.000
24000
5700
13000
0
0
3.185
3.250
3.100
0.000
 0
0
4335
119732.5 -592.2 -841.2 4855.71M
210399.1 4608.0 6111.6 6349.3
1D 1W
158330.2 496.0 1799
2026-10-14 3.32 3.349377.2
68170.9 -881.9 -3107.1 -2396.71650042 2862.8 -6206.2
- 4.89
2024-10-28 3.517 3.492026-10-30 4.167 4.19
2025-01-25 3.453 3.51
3.53 3.47
2025-05-14 3.46 3.412025-04-25 3.453 3.48
2026-03-03 3.464 3.47
- 4.92
2024-12-09 3.587 3.532025-08-27 3.565 3.58
2027-03-05 3.402 3.39
3.724 3.532026-07-03 4.127 4.04
2024-08-30 3.452 3.442025-01-27 3.785 4.21
2025-10-25 3.361 3.38▪
▪
▪
2795.46
828.72105.50
115.65
2024-12-062029-12-202024-10-112029-12-20
MMF*
0
0
22 Jul. 2024
26-01-19 3.22 160 1.5            
 26-03-10 3.16 -66 1.6          
26-07-19 3.19 100 2.0            
 25-04-02 3.27 -50 0.7          
29-07-31 3.20 87 5.0            
 25-03-10 3.23 -40 0.6          
27-03-03 3.14 60 2.6            
 24-12-10 3.18 -30 0.4          
25-01-19 3.40 60 0.5            
 26-02-09 3.21 -30 1.6          
467 2.3            -216 1.0          
33-12-10 3.17 140 9.4            
 26-10-19 3.52 -30 2.2          
25-01-19 3.40 100 0.5            
 32-12-10 3.18 -20 8.4          
34-06-10 3.15 81 9.9            
 42-12-10 3.12 -20 18.4       
25-04-02 3.29 60 0.7            
 26-05-31 3.64 -20 1.9          
31-07-18 3.59 50 7.0            
 26-03-10 3.15 -15 1.6          
431 5.9            -105 6.3          
25-06-10 3.24 100 0.9            
 24-08-22 3.43 -50 0.1          
27-07-19 3.37 85 3.0            
 25-03-18 3.40 -40 0.7          
34-06-10 3.15 74 9.9            
 54-03-10 3.03 -36 29.7       
25-07-19 3.32 60 1.0            
 42-09-10 3.10 -35 18.2       
26-08-19 3.38 60 2.1            
 33-12-10 3.17 -32 9.4          
379 3.3            -193 10.5       
54-03-10 3.02 75 29.7          
 25-07-02 3.25 -35 0.9          
33-06-10 3.17 60 8.9            
 27-06-10 3.14 -9 2.9          
43-09-10 3.10 23 19.2          
 28-03-10 3.11 -2.0 3.6          
32-12-10 3.18 10 8.4            
 53-09-10 3.01 -0.1 29.2       
34-06-10 3.16 10 9.9            
 41-09-10 3.10 -0.1 17.2       
178 19.0          -46 1.5          
