5Y
91D
2Y
0 0
0 0
KR Market
KR Bond(%,bp) YTM 1D 1W 1M
CD91D 3.520 -1.0 -1.0 0.0
2.830 -1.5 -1.5 -19.8
 3.030 3.154
2.810 -4.0 -6.5 -24.0
 2.800 2.850
2.782 -2.3 -3.0 -21.0
 -3.446 AAA
2.842 -4.3 -3.3 -21.0
 3.100 3.227 AAA
2.935 -5.7 -6.2 -19.0
 3.070 3.181 AAA
2.836 -7.5 -9.4 -28.9
 3.145 3.104 AAA
KR Credit(%,bp) YTM 1D 1W 1M
 3.229 3.149 AAA
3.387 -2.3 -3.3 -26.4
 3.082 3.104 AAA
3.378 -1.8 -1.6 -17.6
 3.110 3.104 AAA
6.810 -2.3 -3.2 -23.6
 3.212 3.395 AA-
KTB Futures(tick)
 1D 1W
KTBF 3Y 7 5
 (십억계약,%,년)
LKTBF 10Y 53 59
KR Stock(%) Index 1D 1W 1M
KOSPI -1.22 -1.33 -4.45
KOSDAQ -0.23 0.37 -0.92
FX Market(%) Price 1D 1W 1M
1319.3 0.88 -0.88 -1.43
917.35 -0.75 -1.03 0.54
1D(bp) 1D(bp) 1D(bp)
1Y 3.065 -1.000 1Y 2.715 -1.5
 23.5 0.5
2Y 2.830 -1.750 2Y 2.505 -5
 2.0 2.3
3Y 2.763 -2.250 3Y 2.525 -5
 -1.9 0.1
5Y 2.733 -4.000 5Y 2.56 -5
 -11.0 0.3
10Y 2.773 -4.750 10Y 2.6 -5
 -16.3 1.0
US Bond Market
US Bond(%,bp) YTM 1D 1W 1M
UST2Y 3.707 6.4 7.6 -16
UST5Y 3.629 7.4 6 -1.1
UST10Y 3.848 6.5 4.9 1.5
UST30Y 4.179 4.7 4.5 5.3
KR Credit Market
 (계약수)
Bond Yield(%, bp) Yield 1D 1W 1M 3M 1Y
3.184 -1.3 -1.5 -14.4 -18.5 -79
3.056 -2.2 -2.7 -19.0 -24.3 -120.7
3.106 -4.3 -3.2 -16.6 -21.4 -120.2
3.191 -1.4 -2.7 -17.7 -16.6 -86.1 Fund Flow (십억원)
3.084 -2.0 -2.7 -20.3 -28.7 -129.8 YTD
3.160 -4.3 -3.4 -16.9 -25.0 -133.1 5099.7
3.301 -0.5 -1.0 -18.9 -20.5 -89.3 33720.8
3.283 -2.3 -3.3 -25.4 -25.0 -142.3 15132.2
3.477 -3.8 -3.3 -19.5 -26.0 -143.6 67285.5
3.390 -0.5 -1.3 -18.7 -17.1 -98.7 -8430.4
3.387 -2.3 -3.3 -26.4 -23.8 -159.1 *는 T-2일 기준, 펀드는 설정액 및 ETF 제외 기준
3.590 -3.8 -3.3 -20.0 -27.8 -153 **는 T-4일 기준
4.153 -0.5 -1.5 -21.7 -34.8 -102.8
4.331 -2.3 -3.8 -27.3 -37.6 -143.4
 (십억원)
4.720 -3.8 -3.3 -19.5 -30.0 -133.6
4.875 -0.5 -1.5 -21.7 -34.8 -99.8
 AAA 160
5.124 -2.3 -3.8 -27.3 -37.6 -139.4
 - 145
5.404 -3.8 -3.3 -19.5 -30.0 -132.1
 AA0 90
5.442 -0.5 -1.5 -21.7 -34.8 -99.3
 AA- 80
5.754 -2.3 -3.8 -27.3 -37.1 -136.4
 AA0 50
6.045 -3.8 -3.3 -19.5 -30.0 -131.3
 AA- 40
3.221 -1.0 -1.6 -12.4 -22.8 -91.4
 AA0 40
3.229 -2.2 -1.9 -15.8 -22.3 -116.6
 - 40
3.263 -4.3 -3.4 -15.5 -21.0 -130.5
 AA0 40
3.242 -1.4 -1.7 -13.2 -22.4 -97.4
 AA0 40
3.297 -1.9 -1.3 -17.3 -19.7 -125.3
 AA- 40
3.344 -4.1 -2.7 -16.3 -21.4 -138.8
 AAA 30
3.265 -1.3 -1.6 -13.0 -22.3 -99.4
 AA- 20
3.330 -1.8 -1.6 -17.8 -20.5 -125.7
 - 20
3.407 -4.3 -2.8 -16.4 -21.7 -138.8
 AA- 17
3.294 -1.3 -1.7 -13.0 -22.0 -100.2
 A+ 14
3.378 -1.8 -1.6 -17.6 -19.9 -127.2
 AA0 10
3.511 -4.3 -2.9 -16.5 -21.7 -139.3
 A+ 1013487-2771
-13046
7317
IRS(%) CRS(%) Spread(bp)
-2417
3427-682
-533-1013
-3498
3000
11004000
8000
21000
2000
1000
2200
1100
7000.000
13000
8000
21000
0
0
2.855
3.030
2.800
0.000
 0
0
-543.7
118999.9 -858.5 1520.2 445.61M
176157.2 -8428.2 -14860.4 -19600.8
1D 1W
170304 -1911.4 -2005
2027-02-22 3.158 3.1818216
62145 -32.9 827.8 -2789.31683878.3 6745.5 12563.1
3.596 3.61
2026-06-22 3.351 3.342026-05-28 - 4.1
2026-03-09 3.344 3.32
- 4.8
2026-03-18 3.276 3.262025-03-10 3.77 3.74
2026-09-14 3.357 3.35
3.306 3.28
2026-11-23 3.534 3.752026-05-04 3.28 3.26
2027-02-26 3.206 3.21
3.666 3.672099-12-31 4.633 4.65
2027-09-12 3.245 3.242027-06-21 - 4.13
2054-09-24 4.788 4.74▪
▪
▪
2561.69
762.13106.42
117.91
2027-05-282026-09-042029-06-112025-02-07
MMF*
0
0
4 Oct. 2024
26-10-02 2.80 390 2.0            
 53-03-10 2.86 -370 28.5       
25-10-02 3.16 100 1.0            
 29-03-10 2.88 -70 4.4          
26-10-02 3.08 90 2.0            
 32-12-10 2.99 -60 8.2          
29-10-02 3.23 80 5.0            
 26-12-10 2.82 -60 2.2          
25-08-02 3.19 80 0.8            
 28-12-10 2.91 -40 4.2          
740 2.1            -600 19.4       
28-12-20 3.30 81 4.2            
 25-10-02 2.83 -240 1.0          
29-10-02 3.23 60 5.0            
 25-06-10 2.89 -210 0.7          
29-06-01 3.32 40 4.7            
 34-06-10 2.94 -152 9.7          
54-09-10 2.81 39 30.0          
 28-03-10 2.89 -30 3.4          
44-09-10 2.85 30 20.0          
 25-11-17 3.14 -30 1.1          
250 10.4          -662 3.0          
25-01-02 3.55 170 0.2            
 26-12-10 2.82 -91 2.2          
26-10-02 3.15 140 2.0            
 27-06-10 2.78 -74 2.7          
26-02-16 3.12 30 1.4            
 54-03-10 2.83 -50 29.5       
25-10-02 2.84 30 1.0            
 29-06-01 3.32 -40 4.7          
24-10-13 3.57 30 0.0            
 28-12-20 3.30 -31 4.2          
400 1.0            -286 7.6          
25-10-02 2.81 210 1.0            
 27-06-10 2.82 -150 2.7          
29-03-10 2.90 105 4.4            
 29-06-10 2.92 -100 4.7          
32-12-10 3.03 52 8.2            
 27-12-10 2.85 -50.0 3.2          
29-12-10 2.97 45 5.2            
 43-09-10 2.92 -20.0 18.9       
34-06-10 2.93 47 9.7            
 30-12-10 2.97 -3.0 6.2          
459 3.9            -323 4.4          
