3y
0 0
0 0
0 0
0 0
KR Market
KR Bond(%,bp) YTM 1D 1W 1M
CD91D 3.600 0.0 -1.0 2.0
3.375 1.2 -1.5 -0.7
 3.430 3.544 AAA
3.385 4.5 -5.0 -6.6
 4.067 4.753 A+
3.345 3.7 -8.7 -8.9
 3.676 3.656 AA+
3.384 5.4 -8.3 -9.1
 3.699 3.667 AA+
3.432 4.7 -10.5 -10.3
 3.490 3.498 AAA
3.370 4.3 -7.7 -10.0
 3.967 3.788 AA-
KR Credit(%,bp) YTM 1D 1W 1M
 3.699 3.666 AA+
3.892 5.0 -7.7 -9.2
 3.715 3.673 AA+
3.790 5.5 -6.6 -8.7
 3.67 3.586 AAA
7.494 5.6 -7.4 -15.1
 3.682 3.605 AAA
KTB Futures(tick)
 1D 1W
KTBF 3Y -17 8
 (십억계약,%,년)
LKTBF 10Y -68 14
KR Stock(%) Index 1D 1W 1M
KOSPI -0.79 0.70 -0.97
KOSDAQ -0.17 2.37 0.06
FX Market(%) Price 1D 1W 1M
1376 0.78 -0.01 0.58
876.43 -0.23 0.02 -0.27
1D(bp) 1D(bp) 1D(bp)
1Y 3.503 2.25 1Y 3.43 6.5
 12.8 1.05
2Y 3.415 4.25 2Y 3.24 6.5
 3.0 -0.25
3Y 3.365 4.75 3Y 3.225 6.5
 2.0 1.05
5Y 3.330 5.75 5Y 3.205 6.5
 -5.4 0.35
10Y 3.340 5.50 10Y 3.045 6.5
 -9.2 0.80
US Bond Market
US Bond(%,bp) YTM 1D 1W 1M
UST2Y 4.891 -0.6 7.3 1.7
UST5Y 4.488 2.1 7.5 -3.1
UST10Y 4.472 3.3 7.9 -2.9
UST30Y 4.6 4.3 5.9 -4.2
KR Credit Market
 (계약수)
Bond Yield(%, bp) Yield 1D 1W 1M 3M 1Y
3.565 1.3 -2.2 -1.4 -5.6 -20.7
3.519 5.2 -7.1 -8.1 -1.1 -38.1
3.524 4.7 -8.2 -9.0 -0.4 -40.1
3.588 1.3 -3.2 -5.3 -6.3 -25.2 Fund Flow (십억원)
3.608 5.3 -7.5 -9.5 -5.3 -44.6 YTD
3.675 4.9 -8.9 -13.4 -10.8 -45.9 33816
3.712 1.0 -2.0 -2.8 -2.3 -29.3 16122.7
3.776 5.0 -6.7 -7.7 -6.8 -47.6 11080.7
3.994 5.5 -8.5 -11.9 -10.5 -55 22865
3.760 1.0 -3.0 -4.8 -11.6 -35.8 2281.8
3.892 5.0 -7.7 -9.2 -17.2 -55.2 *는 T-2일 기준, 펀드는 설정액 및 ETF 제외 기준
4.133 5.5 -9.0 -14.3 -16.0 -62.5 **는 T-4일 기준
4.716 0.5 -3.0 -4.3 -9.8 -29
4.979 5.0 -8.7 -11.5 -9.2 -37.4
 (십억원)
5.277 5.5 -9.0 -12.3 -3.3 -37.7
5.438 1.0 -2.5 -3.3 -8.3 -27
 AA0 45
5.764 5.0 -8.7 -11.0 -6.5 -36.2
 AA0 30
5.961 5.5 -9.0 -11.8 -2.3 -37.8
 AA0 30
6.010 1.0 -2.5 -3.3 -8.3 -29
 AA0 30
6.389 5.0 -8.7 -11.0 -6.5 -34.7
 AA0 30
6.602 5.5 -9.0 -11.8 -2.3 -37.4
 AA0 30
3.651 1.2 -1.8 -0.3 -4.4 -25.6
 AAA 30
3.677 5.4 -5.8 -6.4 -4.4 -41.3
 30
3.700 4.6 -9.3 -11.8 -6.7 -53.9
 28
3.664 1.2 -2.7 -1.2 -7.7 -33.9
 AA- 20
3.705 5.4 -6.4 -7.8 -11.6 -50.6
 A+ 20
3.810 4.7 -9.5 -13.3 -14.0 -57.3
 AA0 20
3.687 1.1 -3.3 -1.6 -9.6 -35.4
 AAA 20
3.743 5.4 -6.6 -8.0 -12.0 -50.8
 AAA 20
3.879 4.7 -9.5 -13.2 -13.5 -56.8
 AA0 20
3.715 1.0 -3.2 -2.0 -10.8 -36.8
 AAA 17
3.790 5.5 -6.6 -8.7 -13.2 -52
 AAA 17
3.991 4.8 -9.4 -12.8 -13.1 -56.1
 AAA 1736527-3879
-28793
5523
IRS(%) CRS(%) Spread(bp)
-3722
-128641236
-1451305
3919
300
300400
1800
1000
800
800
500
190
1900.000
28000
0
0
0
0
3.340
0.000
0.000
0.000
0
0
0
0
0
0
1473.6
114948.4 1092.9 2312.6 2417.21M
204873.5 -136.9 1399.3 -1246.9
1D 1W
152705.9 -1351.2 -518.8
2024-12-06 3.951 3.7917006.4
72857.2 0 -174.5 1652.91639457.8 0 8636.5
3.736 3.76
2024-08-02 3.74 3.672029-06-01 3.778 3.81
2024-11-28 3.95 3.74
- 4.38
2028-06-27 - 4.192025-01-26 3.588 3.67
2024-11-20 3.592 3.63
3.886 3.86
2029-03-25 3.531 3.542025-06-09 3.983 4.03
2025-01-27 3.829 3.82
- 3.742025-04-10 - 3.73
2025-06-10 - 3.742034-03-25 3.78 3.78
2027-01-15 3.756 3.8▪
▪
▪
2701.17
864.71104.57
112.87
2025-08-102026-11-272028-07-062027-01-22
MMF*
0
0
11 June. 2024
24-09-10 3.50 250 0.2            
 25-09-10 3.30 -69 0.3          
27-03-03 3.41 190 1.7            
 24-12-05 3.64 -60 3.3          
34-06-10 3.43 120 7.0            
 31-06-10 3.46 -50 0.7          
33-06-10 3.45 70 9.5            
 26-03-10 3.40 -30 3.8          
25-06-10 3.55 70 29.8          
 25-03-10 3.32 -28 2.5          
766 4.2            -255 1.0          
24-09-10 3.50 250 0.2            
 25-09-10 3.30 -69 0.3          
27-03-03 3.41 190 1.7            
 24-12-05 3.64 -60 3.3          
34-06-10 3.43 120 7.0            
 31-06-10 3.46 -50 0.7          
33-06-10 3.45 70 9.5            
 26-03-10 3.40 -30 3.8          
25-06-10 3.55 70 29.8          
 25-03-10 3.32 -28 2.5          
766 4.2            -255 1.0          
24-09-10 3.50 250 0.2            
 25-09-10 3.30 -69 0.3          
27-03-03 3.41 190 1.7            
 24-12-05 3.64 -60 3.3          
34-06-10 3.43 120 7.0            
 31-06-10 3.46 -50 0.7          
33-06-10 3.45 70 9.5            
 26-03-10 3.40 -30 3.8          
25-06-10 3.55 70 29.8          
 25-03-10 3.32 -28 2.5          
766 4.2            -255 1.0          
24-09-10 3.50 250 0.2            
 25-09-10 3.30 -69 0.3          
27-03-03 3.41 190 1.7            
 24-12-05 3.64 -60 3.3          
34-06-10 3.43 120 7.0            
 31-06-10 3.46 -50 0.7          
33-06-10 3.45 70 9.5            
 26-03-10 3.40 -30.0 3.8          
25-06-10 3.55 70 29.8          
 25-03-10 3.32 -28.0 2.5          
766 4.2            -255 1.0          
