0 0
0 0
0 0
0 0
0 0
KR Market
KR Bond(%,bp) YTM 1D 1W 1M
CD91D 3.440 0.0 1.0 4.0
2.858 0.5 3.1 0.2
 3.210 3.203 AAA
2.976 1.1 5.1 9.2
 3.200 3.184 AAA
2.937 1.0 5.5 6.2
 3.190 3.179 AAA
2.990 0.6 5.3 7.0
 3.120 3.224 AAA
3.080 0.5 4.3 7.5
 3.200 3.184 AAA
3.004 0.2 1.6 9.4
 3.190 3.179 AAA
KR Credit(%,bp) YTM 1D 1W 1M
 3.226 3.279 AA+
3.522 1.0 4.5 7.3
 3.321 3.359 AA+
3.501 0.7 5.1 5.4
 14.830 3.232 AAA
6.899 1.0 5.0 1.1
 3.149 3.238 AAA
KTB Futures(tick)
 1D 1W
KTBF 3Y -5.0 -20.0
 (십억계약,%,년)
LKTBF 10Y -8.0 -43.0
KR Stock(%) Index 1D 1W 1M
KOSPI -0.08 -5.63 -7.41
KOSDAQ 0.57 -7.80 -10.50
FX Market(%) Price 1D 1W 1M
1,398.8 -0.45 0.89 2.66
899.9 0.18 -1.82 -1.60
1D(bp) 1D(bp) 1D(bp)
1Y 3.170 0.7 1Y 2.910 0.5
 31.2 0.2
2Y 3.028 1.0 2Y 2.785 2.5
 5.1 -0.1
3Y 2.975 1.3 3Y 2.770 2.5
 3.8 0.3
5Y 2.958 1.3 5Y 2.725 1.5
 -3.3 0.6
10Y 2.985 0.5 10Y 2.765 1.5
 -9.5 0.0
US Bond Market
US Bond(%,bp) YTM 1D 1W 1M
UST2Y 4.307 -4.2 5.1 36.5
UST5Y 4.309 -1.7 11.6 46.4
UST10Y 4.441 0.2 13.4 42.6
UST30Y 4.619 3.1 14.8 32.2
KR Credit Market
 (계약수)
Bond Yield(%, bp) Yield 1D 1W 1M 3M 1Y
3.234 1.4 4.7 3.8 -2.5 -79.5
3.193 1.5 5.7 5.6 3.9 -92.2
3.235 0.6 5.1 6.4 8.9 -89.5
3.268 0.9 3.5 7.0 -4.3 -80 Fund Flow (십억원)
3.222 0.8 5.0 5.6 1.1 -96.1 YTD
3.295 0.6 5.4 6.7 8.7 -98.3 29,744
3.368 0.8 3.1 6.5 -5.5 -86.1 40,483
3.426 1.0 4.5 7.3 0.7 -119.1 14,865
3.613 0.5 5.3 6.8 8.1 -113 85,364
3.444 0.5 2.8 5.7 -4.6 -98.3 -11,635
3.522 1.0 4.5 7.3 -1.1 -135.5 *는 T-2일 기준, 펀드는 설정액 및 ETF 제외 기준
3.721 0.5 5.3 6.6 6.6 -123.9 **는 T-4일 기준
4.155 0.5 2.0 0.5 -22.3 -111.1
4.429 1.0 4.2 3.6 -11.5 -125.8
 (십억원)
4.851 0.5 5.3 6.6 5.8 -104.2
4.872 0.5 2.0 0.0 -22.8 -108.6
 A0 125
5.222 1.0 4.2 3.6 -11.5 -121.8
 AA0 100
5.535 0.5 5.3 6.6 5.8 -102.7
 AA0 80
5.444 0.5 2.0 0.5 -22.3 -107.6 SK296-2 AA+ 80
5.857 1.0 4.2 4.1 -11.0 -118.3
 AA0 60
6.176 0.5 5.3 6.6 5.8 -101.9
 AA+ 60
3.273 1.0 3.8 3.4 -1.6 -92.3
 AA- 50
3.353 0.9 5.6 5.0 6.8 -89.9
 AA+ 50
3.401 0.6 5.7 6.5 11.7 -93.4
 AAA 50
3.293 0.5 3.4 3.6 -1.4 -97.7
 - 42
3.425 0.9 5.3 5.7 8.0 -97.4
 - 40
3.482 0.6 5.8 7.3 11.9 -102.9
 - 40
3.319 0.5 3.6 3.9 -0.8 -99.3
 AAA 40
3.453 0.7 5.1 5.4 7.0 -98.7
 AA0 40
3.542 0.6 5.7 7.2 11.5 -103.3
 AAA 40
3.348 0.5 3.6 3.9 -0.9 -100 SK310-2 AA+ 40
3.501 0.7 5.1 5.4 7.3 -100.4
 AA- 40
3.644 0.6 5.6 7.1 11.3 -104.1
 - 37-7,9823,392
-3,125
-5,510
IRS(%) CRS(%) Spread(bp)
355
6,628-501
-1,1461,880
2,859
400
600600
800
2,600
2,900
1,400
2,500
12
7630.000
0
0
0
0
0
0.000
0.000
0.000
0.000
0
0
0
0
0
0
0
0
4,756
118,733 -284 -2,712 -3,3751M
200,801 1,134 -97 6,873
1D 1W
177,066 -217 -133
2034-11-15 - 6.121,447
58,941 -690 -1,554 -2,5251,701,957 -789 656
3.273 3.31
2027-10-29 3.431 3.422028-05-28 3.325 3.34
2026-04-28 3.609 3.62
3.337 3.32
2026-05-29 3.208 3.262027-03-05 3.273 3.31
2026-01-23 3.558 3.53
- 3.97
2027-05-07 3.285 3.32025-11-15 - 6
2027-11-15 - 3.76
- 4.652027-02-26 3.34 3.35
2026-05-25 3.307 3.352026-01-12 3.333 3.36
2026-10-23 3.213 3.25▪
▪
▪
2,416.9
685.4105.8
116.3
2026-02-202028-06-202026-02-132026-06-04
MMF*
0
0
18 Nov. 2024
31-12-10 3.11 220 7.1            
 31-06-10 3.11 -230 6.6          
25-02-15 3.36 210 0.2            
 74-09-10 2.85 -131 49.8       
29-11-15 3.20 120 5.0            
 26-01-02 2.96 -50 1.1          
26-11-15 3.19 120 2.0            
 26-07-02 2.99 -50 1.6          
27-11-15 3.16 90 3.0            
 30-12-10 3.12 -50 6.1          
760 3.6            -511 16.6       
31-06-10 3.11 130 6.6            
 31-12-10 3.11 -120 7.1          
74-09-10 2.85 92 49.8          
 28-05-28 3.34 -50 3.5          
34-11-15 6.10 90 10.0          
 28-03-10 3.04 -32 3.3          
74-09-10 2.75 320 49.8          
 25-03-21 3.58 -20 0.3          
54-09-10 2.93 80 29.8          SK296-2 26-06-04 3.31 -20 1.5          
712 34.7          -242 4.8          
25-03-10 2.98 100 0.3            
 34-06-10 3.08 -54 9.6          
27-06-10 2.94 66 2.6            
 28-06-20 3.97 -50 3.6          
26-05-15 3.20 60 1.5            
 29-09-10 2.99 -40 4.8          
25-11-15 3.22 60 1.0            
 26-03-10 2.92 -35 1.3          
30-12-10 3.12 50 6.1            
 25-12-10 2.94 -30 1.1          
336 1.9            -209 4.6          
31-12-10 3.09 231 7.1            
 31-06-10 3.11 -267 6.6          
25-11-15 3.15 60 1.0            
 25-12-10 2.91 -120 1.1          
54-09-10 2.92 50 29.8          
 51-03-10 2.92 -20.0 26.3       
26-03-10 2.92 25 1.3            
 43-09-10 3.00 -10.0 18.8       
26-06-10 2.96 10 1.6            
 24-11-22 3.48 -10.0 0.0          
376 8.6            -427 6.1          
