3Y
3Y
91d
2Y
1Y
KR Market
KR Bond(%,bp) YTM 1D 1W 1M
CD91D 3.440 0.0 1.0 4.0
2.853 0.2 1.3 -0.4
 3.190 3.194 AAA
2.965 -1.3 1.5 6.0
 3.380 3.223 AAA
2.927 -1.5 0.5 2.2
 3.190 3.192 AAA
2.984 -0.1 0.7 2.5
 3.239 3.231 AAA
3.075 1.3 -1.9 2.8
 3.170 3.231 AAA
3.002 1.6 -1.7 6.3
 3.235 3.231 AAA
KR Credit(%,bp) YTM 1D 1W 1M
 3.250 3.245 AAA
3.512 -1.5 -0.8 2.8
 3.280 3.290 AAA
3.494 -1.3 1.0 1.8
 3.321 - AA+
6.889 -1.5 0.0 -3.3
 3.315 - AA+
KTB Futures(tick)
 1D 1W
KTBF 3Y 3.0 -15.0
 (십억계약,%,년)
LKTBF 10Y -10.0 -35.0
KR Stock(%) Index 1D 1W 1M
KOSPI 0.07 -5.68 -8.15
KOSDAQ -1.17 -7.08 -11.92
FX Market(%) Price 1D 1W 1M
1,405.1 -0.11 0.61 3.22
898.3 -0.37 -0.16 -2.00
1D(bp) 1D(bp) 1D(bp)
1Y 3.163 -0.7 1Y 2.905 -2.5
 31.0 -1.0
2Y 3.018 -0.2 2Y 2.760 -1
 5.3 1.1
3Y 2.963 -0.5 3Y 2.745 0
 3.5 1.0
5Y 2.945 0.7 5Y 2.710 -1.5
 -3.9 0.8
10Y 2.980 1.5 10Y 2.750 -1.5
 -9.5 0.2
US Bond Market
US Bond(%,bp) YTM 1D 1W 1M
UST2Y 4.261 -2.9 5.7 31.3
UST5Y 4.284 -2.4 11.0 42.8
UST10Y 4.423 -3.1 9.4 38.8
UST30Y 4.594 -4.4 6.3 27.2
KR Credit Market
 (계약수)
Bond Yield(%, bp) Yield 1D 1W 1M 3M 1Y
3.220 0.4 2.4 1.8 -3.9 -83
3.178 -1.5 0.5 1.1 2.4 -100.3
3.229 -0.2 1.0 1.7 8.3 -95.6
3.259 0.1 1.8 5.7 -5.2 -83.7 Fund Flow (십억원)
3.214 -1.5 0.2 1.8 0.3 -103 YTD
3.289 -0.1 0.6 2.1 8.1 -103.4 28,609
3.360 0.0 1.3 5.2 -6.3 -90.9 40,699
3.416 -1.5 -0.8 3.1 -0.3 -125.9 15,148
3.608 0.0 0.8 2.6 7.6 -119.5 86,153
3.439 0.0 1.3 4.7 -5.1 -102.8 -10,945
3.512 -1.5 -0.8 2.8 -2.1 -142.3 *는 T-2일 기준, 펀드는 설정액 및 ETF 제외 기준
3.716 0.0 0.8 2.4 6.1 -130.4 **는 T-4일 기준
4.150 0.0 0.5 -0.5 -22.8 -115.6
4.419 -1.5 -1.1 -0.9 -12.5 -132.6
 (십억원)
4.846 0.0 0.8 2.4 5.3 -110.7
4.867 0.0 0.5 -1.0 -23.3 -113.1
 AAA 154
5.212 -1.5 -1.1 -0.9 -12.5 -128.6
 AA0 141
5.530 0.0 0.8 2.4 5.3 -109.2
 AA0 100
5.439 0.0 0.5 -0.5 -22.8 -112.1
 AA0 80
5.847 -1.5 -1.1 -0.4 -12.0 -125.1
 A+ 80
6.171 0.0 0.8 2.4 5.3 -108.4
 AAA 80
3.263 0.5 1.8 2.1 -2.6 -96.4
 AA+ 60
3.344 -1.1 1.3 1.0 5.9 -97.4
 AAA 50
3.395 0.1 1.1 2.5 11.1 -99.6
 AA- 50
3.288 0.5 1.6 2.6 -1.9 -101.1
 AAA 49
3.416 -1.3 1.0 1.9 7.1 -104.9
 AA+ 40
3.476 -0.1 1.2 2.8 11.3 -109.2
 AA+ 40
3.314 0.5 1.8 2.9 -1.3 -102.7
 A+ 40
3.446 -1.3 1.0 1.8 6.3 -105.9
 - 40
3.536 -0.1 1.1 2.7 10.9 -109.6
 AAA 30
3.343 0.5 1.8 2.9 -1.4 -103.4
 AA0 30
3.494 -1.3 1.0 1.8 6.6 -107.6
 AA0 30
3.638 -0.1 1.0 2.6 10.7 -110.4
 AA- 25▪
▪
▪
2,418.9
681.6105.9
116.4
2025-12-052027-06-272025-07-252027-04-08
MMF*
3.487 3.492025-06-10 3.599 3.61
2026-02-27 3.503 3.52028-12-20 - 3.82
2027-11-14 - 3.363.305 3.29
2027-04-26 3.619 3.672026-11-14 - 3.33
2026-09-10 3.348 3.343.383 3.41
2025-05-27 3.44 3.52025-12-20 3.197 3.21
2026-10-13 3.268 3.313.319 3.3
2025-03-04 3.526 3.722054-11-12 4.611 4.6
2026-04-28 3.621 3.6
2027-11-14 - 3.3622,236
59,631 -949 -1,213 -1,8341,702,745 -5,602 1,395
5,297
119,016 -1,084 -1,558 -2,5831M
199,667 2,746 -1,735 8,808
1D 1W
177,282 95 179
2.880
6,990
5,000
3,900
6,000
6,500
2.870
2.840
3.060
2.890
2,700
3,000700
1,000
2,500
2,000
1,000
1,000
2,000
300
6,200-6,050
-9,030
-144
IRS(%) CRS(%) Spread(bp)
7,114
3,305454
19-951
-2,092
15Nov. 2024
29-11-14 3.17 100 5.0            
 24-11-22 3.14 -90 0.0          
29-11-14 3.28 100 5.0            
 29-12-10 3.08 -80 5.1          
26-11-14 3.19 100 2.0            
 24-11-23 3.19 -70 0.0          
26-10-02 2.97 80 1.9            
 24-11-22 3.14 -70 0.0          
26-05-14 3.19 60 1.5            
 27-03-10 2.99 -60 2.3          
440 3.3            -370 1.5          
26-11-14 3.25 150 2.0            
 27-03-10 3.00 -30 2.3          
27-11-14 3.36 94 3.0            
 29-12-10 3.08 -30 5.1          
26-04-02 2.98 80 1.4            
 31-12-10 3.13 -20 7.1          
54-09-10 2.92 61 29.8          
 25-01-10 3.39 -20 0.2          
33-12-10 3.11 50 9.1            
 26-04-28 3.60 -20 1.5          
435 6.8            -120 3.3          
25-11-14 3.38 210 1.0            
 27-06-10 2.93 -64 2.6          
26-11-14 3.23 90 2.0            
 54-09-10 2.91 -44 29.8       
24-11-22 3.30 90 0.0            
 25-05-16 3.39 -40 0.5          
24-11-23 3.33 70 0.0            
 26-01-02 2.95 -30 1.1          
26-11-14 3.19 70 2.0            
 43-09-10 3.02 -22 18.8       
530 1.0            -200 9.7          
25-11-09 2.87 65 1.0            
 25-01-27 3.17 -200 0.2          
54-09-10 2.92 43 29.8          
 25-03-10 3.04 -50 0.3          
53-03-10 2.93 36 28.3          
 42-09-10 3.00 -47.1 17.8       
25-06-10 2.97 30 0.6            
 31-06-10 3.10 -50.0 6.6          
26-06-10 2.97 20 1.6            
 28-09-10 3.01 -32.2 3.8          
194 12.4          -379 3.6          
