2Y
91d
30y
1y
0 0
KR Market
KR Bond(%,bp) YTM 1D 1W 1M
CD91D 3.040 -1.0 -35.0 -24.0
2.637 0.0 -5.7 -5.8
 2.640 2.637
2.604 -2.1 -14.8 -4.6
 -2.853 AAA
2.500 -1.1 -9.5 -7.4
 3.720 3.194 AA-
2.647 -1.5 -11.8 7.5
 3.103 3.082 AA+
2.785 -0.9 -8.6 11.3
 2.880 3.022 AAA
2.724 -1.4 -15.1 15.9
 3.157 3.213 AA-
KR Credit(%,bp) YTM 1D 1W 1M
 3.224 3.216 AA-
3.216 -1.5 -12.0 -0.1
 3.090 - AA
3.172 -1.7 -10.7 0.1
 3.090 - AA
6.514 -1.5 -10.8 -2.2
 3.254 3.216 AA-
KTB Futures(tick)
 1D 1W
KTBF 3Y 8.0 4.0
 (십억계약,%,년)
LKTBF 10Y 4.0 21.0
KR Stock(%) Index 1D 1W 1M
KOSPI 1.16 5.07 6.80
KOSDAQ 0.19 6.11 14.77
FX Market(%) Price 1D 1W 1M
1,455.0 0.10 -1.19 1.25
922.8 -0.05 -1.04 -3.28
1D(bp) 1D(bp) 1D(bp)
1Y 2.693 -3.3 1Y 2.645 -1.5
 5.5 -3.3
2Y 2.608 -2.0 2Y 2.545 1.5
 0.3 0.1
3Y 2.588 -2.0 3Y 2.545 1.5
 8.7 -0.9
5Y 2.620 -0.7 5Y 2.595 1.5
 -2.7 0.8
10Y 2.693 0.0 10Y 2.605 1.5
 -9.3 0.9
US Bond Market
US Bond(%,bp) YTM 1D 1W 1M
UST2Y 4.287 -0.8 4.3 16.0
UST5Y 4.463 -0.4 8.3 38.7
UST10Y 4.692 0.5 9.1 48.6
UST30Y 4.934 1.9 14.7 54.5
KR Credit Market
 (계약수)
Bond Yield(%, bp) Yield 1D 1W 1M 3M 1Y
2.873 -1.3 -15.6 -13.3 -36.0 -74.1
2.796 -1.6 -11.4 -3.9 -43.1 -81.8
2.917 -1.9 -13.0 5.9 -35.1 -68
2.872 -2.0 -16.4 -12.1 -36.7 -74.3 Fund Flow (십억원)
2.835 -1.3 -10.8 -3.3 -42.0 -88.3 YTD
2.971 -1.5 -11.8 7.9 -34.9 -84.5 30,331
3.103 -2.0 -16.0 -10.3 -24.0 -72.1 36,280
3.124 -1.5 -12.0 -0.1 -31.6 -88.6 23,869
3.305 -1.5 -11.8 9.2 -33.0 -83.5 108,990
3.181 -2.0 -16.0 -9.8 -25.1 -80.4 -10,696
3.216 -1.5 -12.0 -0.1 -32.3 -101.1 *는 T-2일 기준, 펀드는 설정액 및 ETF 제외 기준
3.413 -1.5 -11.8 9.2 -33.2 -92.9 **는 T-4일 기준
3.864 -1.0 -15.0 -10.8 -33.1 -99.2
4.078 -1.5 -12.0 -1.4 -40.5 -105.4
 (십억원)
4.528 -1.5 -11.8 8.7 -34.7 -78.7
4.581 -1.0 -15.0 -10.8 -33.6 -97.2
 AAA 60
4.871 -1.5 -12.0 -1.4 -40.5 -101.9
 - 60
5.212 -1.5 -11.8 8.7 -34.7 -77.7
 AA- 50
5.153 -1.0 -15.0 -10.8 -33.1 -96.2
 AA- 40
5.511 -1.5 -12.0 -1.4 -39.5 -97.9
 AAA 40
5.853 -1.5 -11.8 8.7 -34.7 -76.9
 AA0 40
3.022 -0.6 -11.1 -10.2 -24.9 -74.5 KT196-2 AAA 30
3.014 -1.7 -10.3 0.2 -37.2 -76.3
 AA0 30
3.073 -1.8 -12.6 7.6 -34.7 -74.1
 AA- 30
3.057 -0.7 -11.7 -9.2 -23.7 -78.1
 AA0 30
3.098 -1.6 -10.7 0.2 -35.9 -78.9
 BBB+ 30
3.173 -1.7 -12.5 7.9 -32.6 -81.7
 AAA 30
3.085 -0.6 -11.6 -8.8 -23.1 -79.4
 AAA 30
3.125 -1.6 -10.6 0.1 -36.3 -80.3
 AA+ 30
3.234 -1.6 -12.4 8.1 -32.6 -81.9
 AA- 30
3.114 -0.7 -11.7 -8.8 -23.2 -80.5
 AAA 30
3.172 -1.7 -10.7 0.1 -36.4 -82.1
 AAA 30
3.338 -1.7 -12.5 8.2 -32.5 -82.6
 AA0 3015,855-4,440
-17,108
2,663
IRS(%) CRS(%) Spread(bp)
3,498
3,604156
1,068-866
-3,488
1,000
1,0001,000
8,000
2,000
1,500
1,500
1,000
1,000
9000.000
14,000
12,000
40,000
8,000
0
2.670
2.830
2.705
2.640
0
-5,695
127,737 225 1,963 5,4761M
201,389 4,961 34,429 3,743
1D 1W
172,863 682 3,716
2030-10-28 3.099 3.04011,669
59,879 0 254 -1,4971,725,583 0 3,384
3.163 3.160
2025-01-17 3.200 3.2402025-03-14 - 3.700
2026-01-18 3.156 3.110
3.023 3.000
2025-03-10 3.613 3.3802026-02-16 2.949 3.000
2027-01-27 2.880 2.860
3.223 3.460
2026-11-20 2.949 2.9202025-04-11 3.264 3.240
2026-03-06 3.248 3.250
2.970 2.9502026-05-29 2.907 2.890
2026-05-28 2.883 2.8602025-02-18 3.360 3.190
2025-02-25 3.499 3.580▪
▪
▪
2,521.1
719.6106.9
117.9
2026-03-072025-01-172026-01-222026-05-29
MMF*
0
9 Jan. 2025
34-06-10 2.94 95 9.4            
 26-01-02 2.65 -80 1.0          
33-12-10 2.96 70 8.9            
 29-03-10 2.71 -70 4.2          
54-09-10 2.70 70 29.7          
 27-01-19 2.75 -50 2.0          
27-09-03 2.65 60 2.7            
 26-03-03 2.60 -50 1.1          
26-06-10 2.67 31 1.4            
 32-12-10 2.95 -30 7.9          
326 11.7          -280 2.7          
34-06-10 2.97 180 9.4            
 25-12-10 2.62 -150 0.9          
54-09-10 2.70 137 29.7          
 26-03-03 2.59 -70 1.1          
25-07-09 2.75 70 0.5            
 42-09-10 2.77 -40 17.7       
26-12-17 2.83 40 1.9            
 32-06-10 2.94 -40 7.4          
27-01-02 2.60 40 2.0            
 27-12-10 2.51 -40 2.9          
467 12.7          -340 3.9          
26-05-01 2.78 40 1.3            
 27-06-10 2.62 -54 2.4          
25-03-08 3.03 40 0.2            
 54-09-10 2.71 -31 29.7       
25-02-03 3.04 30 0.1            
 25-06-12 2.99 -30 0.4          
26-07-02 2.66 30 1.5            
 28-03-10 2.67 -20 3.2          
25-03-03 3.03 30 0.1            
 27-03-03 2.67 -20 2.1          
170 0.6            -155 7.6          
27-03-10 2.65 50 2.2            
 25-03-10 2.85 -80 0.2          
28-09-10 2.69 39 3.7            
 25-09-10 2.67 -31 0.7          
54-09-10 2.69 33 29.7          
 25-12-10 2.64 -1 0.9          
27-06-10 2.66 30 2.4            
 26-03-10 2.62 0 1.2          
30-12-10 2.83 30 5.9            
 28-03-10 2.67 0 3.2          
182 8.2            -113 0.3          
