0 0
0 0
0 0
0 0
0 0
KR Market
KR Bond(%,bp) YTM 1D 1W 1M
CD91D 3.390 -5.0 -1.0 10.0
2.694 0.0 -0.7 0.2
 1.300 2.946
2.752 0.0 -1.3 6.7
 2.500 3.006
2.595 0.0 -2.9 -1.6
 2.500 3.289 AAA
2.765 0.0 -3.5 11.3
 2.750 2.910 AAA
2.871 0.0 -1.3 11.1
 2.500 3.006
2.875 0.0 4.8 16.7
 2.500 3.006
KR Credit(%,bp) YTM 1D 1W 1M
 2.500 3.006
3.336 0.0 -3.0 9.4
 2.500 3.006
3.279 0.0 -2.6 7.7
 2.500 3.006
6.622 0.0 -2.9 5.1
 2.910 3.047 AAA
KTB Futures(tick)
 1D 1W
KTBF 3Y 0.0 3.0
 (십억계약,%,년)
LKTBF 10Y 0.0 -12.0
KR Stock(%) Index 1D 1W 1M
KOSPI 0.00 -1.68 -2.30
KOSDAQ 0.00 -0.28 0.00
FX Market(%) Price 1D 1W 1M
1,472.5 0.00 1.11 5.58
932.5 0.00 0.45 0.31
1D(bp) 1D(bp) 1D(bp)
1Y 2.863 0.0 1Y 2.740 0
 16.9 0.0
2Y 2.728 0.0 2Y 2.615 0
 -2.4 0.0
3Y 2.705 0.0 3Y 2.620 0
 11.0 0.0
5Y 2.720 0.0 5Y 2.660 0
 -4.5 0.0
10Y 2.780 0.0 10Y 2.670 0
 -9.1 0.0
US Bond Market
US Bond(%,bp) YTM 1D 1W 1M
UST2Y 4.244 -0.2 -10.5 7.9
UST5Y 4.380 1.9 -6.5 32.1
UST10Y 4.601 6.6 1.0 42.3
UST30Y 4.787 3.5 2.3 41.9
KR Credit Market
 (계약수)
Bond Yield(%, bp) Yield 1D 1W 1M 3M 1Y
3.029 0.0 -1.0 1.1 -15.5 -66.3
2.910 0.0 -4.8 2.7 -14.6 -60.7
3.047 0.0 -4.7 11.7 -5.9 -43.8
3.036 0.0 -1.7 -0.2 -15.5 -67.5 Fund Flow (십억원)
2.943 0.0 -4.5 3.9 -14.1 -68.3 YTD
3.089 0.0 -3.5 12.3 -7.1 -61.7 -3,331
3.263 0.0 -0.5 5.7 -3.8 -60.1 32,258
3.244 0.0 -3.0 9.4 -3.9 -65.6 21,875
3.423 0.0 -3.5 13.5 -5.4 -60 100,285
3.341 0.0 -0.5 6.2 -4.9 -68.4 -10,138
3.336 0.0 -3.0 9.4 -5.1 -77.4 *는 T-2일 기준, 펀드는 설정액 및 ETF 제외 기준
3.531 0.0 -3.5 13.5 -5.9 -69.9 **는 T-4일 기준
4.014 0.0 -0.5 4.7 -13.9 -87.2
4.198 0.0 -3.0 8.6 -13.3 -82.7
 (십억원)
4.646 0.0 -3.5 13.0 -7.4 -55.7
4.731 0.0 -0.5 4.7 -14.4 -85.2
 AA- 10
4.991 0.0 -3.0 8.6 -13.3 -79.2
 AA0 8
5.330 0.0 -3.5 13.0 -7.4 -54.7
 AA- 6
5.303 0.0 -0.5 4.7 -13.9 -84.2
 - 6
5.631 0.0 -3.0 8.6 -12.3 -75.2 0 0 0
5.971 0.0 -3.5 13.0 -7.4 -53.9 0 0 0
3.133 0.0 -1.1 0.9 -8.8 -69 0 0 0
3.117 0.0 -2.7 7.0 -11.2 -56.2 0 0 0
3.199 0.0 -3.5 13.0 -6.4 -51.1 0 0 0
3.174 0.0 -0.9 2.9 -6.8 -71.7 0 0 0
3.205 0.0 -2.4 7.9 -9.2 -57.8 0 0 0
3.298 0.0 -3.5 13.8 -4.6 -58.7 0 0 0
3.201 0.0 -0.9 3.2 -6.4 -73.1 0 0 0
3.231 0.0 -2.4 7.7 -9.9 -59.2 0 0 0
3.358 0.0 -3.5 13.9 -4.9 -58.9 0 0 0
3.231 0.0 -0.9 3.2 -6.3 -74.1 0 0 0
3.279 0.0 -2.6 7.7 -9.9 -61 0 0 0
3.463 0.0 -3.5 14.1 -4.8 -59.6 0 0 0-10,475-471
9,675
-4,419
IRS(%) CRS(%) Spread(bp)
2,099
-2,174790
1,3981,582
1,528
264
261275
13,312
944
734
546
325
250
2360.000
0
0
0
0
0
0.000
0.000
0.000
0.000
0
0
0
0
0
0
0
0
-9,026
125,743 -331 1,556 5,2491M
167,726 -2,722 -10,711 -27,893
1D 1W
168,841 -185 -5,993
2099-12-31 4.048 4.44,854
60,438 521 -1,068 4111,716,878 2,136 977
- 10
1900-01-00 0 02054-11-12 4.528 4.56
2025-02-20 3.445 4
0 0
1900-01-00 0 01900-01-00 0 0
1900-01-00 0 0
0 0
1900-01-00 0 01900-01-00 0 0
1900-01-00 0 0
0 01900-01-00 0 0
1900-01-00 0 01900-01-00 0 0
1900-01-00 0 0▪
▪
▪
2,399.5
678.2106.7
116.9
1900-01-001900-01-001900-01-002027-06-21
MMF*
0
0
2 Jan. 2025
25-08-20 2.97 3 0.6            
 29-12-31 3.04 -12 5.0          
33-12-10 3.07 1 8.9            
 31-12-31 3.35 -2 7.0          
25-07-15 3.19 1 0.5            
 29-12-31 3.10 -1 5.0          
25-10-16 2.93 0 0.8            
 29-12-31 3.10 -1 5.0          
29-05-31 2.90 0 4.4            
 29-12-31 3.10 -1 5.0          
5 2.5            -17 5.3          
99-12-31 4.40 5 7,980.3     
 99-12-31 0.00 5 7,980.3   
00-01-00 0.00 0 125.1 -       #N/A #N/A #N/A #N/A #N/A
00-01-00 0.00 0 125.1 -       #N/A #N/A #N/A #N/A #N/A
00-01-00 0.00 0 125.1 -       #N/A #N/A #N/A #N/A #N/A
00-01-00 0.00 0 125.1 -       #N/A #N/A #N/A #N/A #N/A
5 7,980.3    #N/A #N/A
26-12-10 0.00 -10 1.9            
 26-12-10 2.75 -10 1.9          
00-01-00 0.00 0 125.1 -       #N/A #N/A #N/A #N/A #N/A
00-01-00 0.00 0 125.1 -       #N/A #N/A #N/A #N/A #N/A
00-01-00 0.00 0 125.1 -       #N/A #N/A #N/A #N/A #N/A
00-01-00 0.00 0 125.1 -       #N/A #N/A #N/A #N/A #N/A
-10 1.9            #N/A #N/A
33-12-10 3.11 30 8.9            
 52-09-10 2.84 -30 27.7       
42-09-10 2.92 6 17.7          
 26-03-10 2.70 -1 1.2          
33-06-10 3.03 0 8.4            
 26-03-10 2.71 0 1.2          
52-03-10 2.81 0 27.2          
 52-03-10 0.00 0 27.2       
26-03-10 0.00 0 1.2            
 33-06-10 0.00 0 8.4          
37 10.6          -30 27.3       
