0 0
0 0
0 0
0 0
0 0
KR Market
KR Bond(%,bp) YTM 1D 1W 1M
CD91D 3.440 4.0 5.0 0.0
2.694 -1.2 1.0 -11.3
 4.550 - AA0
2.757 -3.5 3.2 -6.0
 4.300 - -
2.625 -4.5 1.3 -11.5
 3.385 3.406 AA-
2.785 -4.0 2.5 0.5
 3.700 - -
2.885 -2.9 2.5 0.4
 3.371 3.387 AA-
2.871 2.1 8.0 4.1
 3.358 3.369 AA-
KR Credit(%,bp) YTM 1D 1W 1M
 3.352 3.371 AA-
3.366 -4.5 1.8 0.9
 3.358 3.369 AA-
3.306 -4.2 2.4 -1.1
 4.670 - -
6.650 -4.4 1.5 -5.1
 3.341 3.359 AA-
KTB Futures(tick)
 1D 1W
KTBF 3Y 10.0 -14.0
 (십억계약,%,년)
LKTBF 10Y 18.0 -66.0
KR Stock(%) Index 1D 1W 1M
KOSPI -1.02 0.03 -3.93
KOSDAQ -1.43 -0.35 -3.76
FX Market(%) Price 1D 1W 1M
1,467.5 0.18 1.11 5.05
931.5 -0.28 0.82 1.30
1D(bp) 1D(bp) 1D(bp)
1Y 2.860 -1.8 1Y 2.775 2
 16.6 -0.6
2Y 2.743 -3.2 2Y 2.680 4
 -1.5 0.2
3Y 2.720 -2.5 3Y 2.680 4.5
 9.5 2.0
5Y 2.735 -2.5 5Y 2.695 6
 -5.0 1.5
10Y 2.785 -2.3 10Y 2.720 6
 -10.0 0.7
US Bond Market
US Bond(%,bp) YTM 1D 1W 1M
UST2Y 4.332 -0.2 2.0 9.7
UST5Y 4.464 2.9 8.5 32.1
UST10Y 4.627 4.1 10.1 36.2
UST30Y 4.819 4.6 9.6 37.9
KR Credit Market
 (계약수)
Bond Yield(%, bp) Yield 1D 1W 1M 3M 1Y
3.029 -1.2 0.3 -16.4 -17.6 -66.3
2.940 -4.9 -0.3 -7.8 -15.2 -57.7
3.065 -4.2 0.8 1.5 -8.9 -42
3.040 -1.5 0.8 -17.8 -17.4 -67.1 Fund Flow (십억원)
2.973 -4.6 -0.3 -6.5 -14.7 -65.3 YTD
3.107 -4.2 2.0 1.1 -10.2 -59.9 3,656
3.268 0.0 2.0 -7.3 -4.3 -59.6 37,213
3.274 -4.5 1.8 0.9 -4.7 -62.6 22,007
3.443 -4.0 2.5 3.7 -7.7 -58 98,150
3.346 0.0 2.0 -6.8 -5.4 -67.9 -10,658
3.366 -4.5 1.8 0.9 -5.9 -74.4 *는 T-2일 기준, 펀드는 설정액 및 ETF 제외 기준
3.551 -4.0 2.5 3.7 -8.2 -67.9 **는 T-4일 기준
4.019 0.0 1.5 -9.3 -14.4 -86.7
4.228 -4.5 1.3 -0.9 -14.1 -79.7
 (십억원)
4.666 -4.0 2.5 2.2 -9.7 -53.7
4.736 0.0 1.5 -9.3 -14.9 -84.7
 AA0 69
5.021 -4.5 1.3 -0.9 -14.1 -76.2 KT201-1 AAA 60
5.350 -4.0 2.5 2.2 -9.7 -52.7
 AA0 47
5.308 0.0 1.5 -9.3 -14.4 -83.7
 AA0 30
5.661 -4.5 1.3 -0.9 -13.1 -72.2
 A0 30
5.991 -4.0 2.5 2.2 -9.7 -51.9
 AAA 20
3.135 -1.6 0.8 -10.3 -10.2 -68.8
 - 20
3.142 -4.6 2.1 -2.5 -12.1 -53.7 KT195-3 AAA 20
3.219 -4.0 2.3 2.6 -9.2 -49.1
 AA0 20
3.177 -1.4 1.6 -7.8 -8.0 -71.4
 AAA 20
3.231 -4.1 2.5 -1.2 -9.6 -55.2
 AAA 20
3.318 -4.0 2.4 3.8 -7.2 -56.7
 AA- 14
3.205 -1.4 1.6 -7.4 -7.5 -72.7
 AA- 14
3.258 -4.1 2.5 -1.2 -10.2 -56.5
 - 10
3.378 -4.0 2.3 3.9 -7.7 -56.9
 A0 10
3.234 -1.4 1.6 -7.5 -7.5 -73.8
 AA0 9
3.306 -4.2 2.4 -1.1 -10.2 -58.3
 - 8
3.483 -4.0 2.4 4.1 -7.6 -57.6
 AA- 8-8,7865,655
16,341
-4,356
IRS(%) CRS(%) Spread(bp)
-1,749
-8,680139
9761,261
890
600
500700
9,000
1,200
1,100
1,056
800
400
4000.000
0
0
0
0
0
0.000
0.000
0.000
0.000
0
0
0
0
0
0
0
0
-3,619
125,875 839 2,246 4,8551M
174,714 -2,412 -14,671 -21,344
1D 1W
173,796 -724 -1,858
2054-11-12 4.526 4.5810,113
59,917 0 -601 1,0251,714,742 0 1,156
3.446 3.44
2026-02-23 3.341 3.352027-12-02 3.068 3.05
2034-12-12 4.546 4.43
3.169 3.25
2025-02-28 3.576 4.122025-03-23 3.321 3.37
2031-06-10 - 3.42
3.976 3.99
2099-12-31 3.932 3.942027-07-30 3.111 3.09
2031-07-26 3.247 3.28
4.714 4.642028-02-14 3.186 3.2
2033-03-30 - 5.822025-12-27 - 6.5
2026-03-06 3.492 3.4▪
▪
▪
2,404.8
666.0106.6
116.8
2054-09-242099-12-312031-06-102025-06-20
MMF*
0
0
30 Dec. 2024
29-12-31 3.00 36 5.0            
 25-12-10 2.70 -40 0.9          
32-12-10 3.09 30 8.0            
 26-10-02 2.79 -30 1.8          
34-06-10 3.06 30 9.5            
 25-01-01 3.65 -30 0.0          
28-09-10 2.84 30 3.7            
 25-09-10 2.71 -20 0.7          
29-01-31 2.96 30 4.1            
 27-12-10 2.62 -11 2.9          
156 6.0            -131 1.0          
34-06-10 3.09 117 9.5            
 50-03-10 2.87 -67 25.2       
27-12-10 2.68 119 2.9            
 52-03-10 2.84 -30 27.2       
54-09-10 2.83 90 29.7          
 41-09-10 2.98 -20 16.7       
33-12-10 3.08 30 9.0            
 42-12-10 2.95 -20 18.0       
26-10-02 2.79 27 1.8            
 29-09-10 2.83 -11 4.7          
383 11.6          -148 22.0       
26-06-27 2.95 295 1.5            
 26-10-02 2.78 -97 1.8          
54-11-12 4.59 60 29.9          
 28-03-10 2.84 -20 3.2          
34-06-10 3.06 55 9.5            
 25-06-30 3.52 -20 0.5          
54-09-10 2.81 51 29.7          
 25-01-20 3.32 -20 0.1          
25-01-05 3.50 50 0.0            KT201-1 27-12-02 3.05 -20 2.9          
511 8.4            -177 1.7          
29-12-10 2.92 245 5.0            
 25-12-10 2.72 -201 0.9          
33-12-10 3.08 140 9.0            
 25-12-10 2.71 -1 0.9          
54-09-10 2.80 30 29.7          
 31-12-10 3.05 -1 7.0          
34-12-10 2.88 20 10.0          
 30-06-10 3.00 -1 5.4          
33-12-10 3.10 10 9.0            
 39-09-10 2.96 -1 14.7       
445 8.2            -204 1.0          
