5y
91d
20y
2y
0 0
KR Market
KR Bond(%,bp) YTM 1D 1W 1M
CD91D 3.520 0.0 0.0 2.0
3.031 -0.9 2.0 -11.7
 4.500 - AA
2.990 -1.5 -1.4 -5.0
 3.210 3.243 AAA
2.915 -2.0 -2.5 -5.7
 3.120 3.108 AAA
2.972 -1.7 1.1 -1.4
 3.570 3.351 AAA
3.050 -1.5 5.3 0.8
 3.290 3.282 AAA
3.056 -0.4 5.9 3.1
 3.230 3.219 AAA
KR Credit(%,bp) YTM 1D 1W 1M
 3.343 3.206 AAA
3.566 -1.0 0.5 9.6
 3.139 3.206 AAA
3.465 -0.9 0.7 3.5
 5.60 3.852 AAA
6.969 -2.0 -2.5 -6.6
 3.275 3.314 AAA
KTB Futures(tick)
 1D 1W
KTBF 3Y 4 -9
 (십억계약,%,년)
LKTBF 10Y 14 -70
KR Stock(%) Index 1D 1W 1M
KOSPI 0.02 -0.42 -2.74
KOSDAQ -0.32 -2.23 -5.63
FX Market(%) Price 1D 1W 1M
1339 0.60 0.18 -3.10
925.32 0.74 1.33 2.75
1D(bp) 1D(bp) 1D(bp)
1Y 3.190 -2.25 1Y 2.88 -4.5
 15.9 -1.35
2Y 2.980 -3.00 2Y 2.755 -2
 -1.0 -1.50
3Y 2.900 -3.50 3Y 2.725 -1
 -1.5 -1.50
5Y 2.880 -3.50 5Y 2.725 -0.5
 -9.2 -1.80
10Y 2.923 -3.50 10Y 2.64 -0.5
 -12.8 -2.00
US Bond Market
US Bond(%,bp) YTM 1D 1W 1M
UST2Y 3.875 -2.8 -6 -52.5
UST5Y 3.667 1.6 0.8 -41
UST10Y 3.837 1.3 3.5 -33.9
UST30Y 4.126 1.1 4.7 -29.9
KR Credit Market
 (계약수)
Bond Yield(%, bp) Yield 1D 1W 1M 3M 1Y
3.295 -0.2 3.6 -0.1 -29.7 -52.3
3.161 -1.7 -1.0 -0.1 -43.7 -90.9
3.192 -1.4 1.6 3.2 -43.6 -91.5
3.353 0.2 2.8 5.5 -27.8 -55.1 Fund Flow (십억원)
3.209 -1.7 -1.8 -1.9 -48.7 -99.6 YTD
3.249 -1.5 1.3 0.5 -54.4 -107.6 28414.7
3.468 -1.0 3.5 2.5 -27.4 -64.9 34156.8
3.452 -1.0 0.5 7.1 -40.6 -108.9 13970.2
3.592 -1.0 3.0 4.8 -51.5 -114.1 54271.8
3.540 -1.0 3.5 4.5 -26.0 -75.5 -5356.1
3.566 -1.0 0.5 9.6 -41.8 -123 *는 T-2일 기준, 펀드는 설정액 및 ETF 제외 기준
3.715 -1.0 3.0 4.8 -54.1 -122.5 **는 T-4일 기준
4.383 -1.5 0.5 -6.5 -37.3 -70.6
4.527 -2.5 -4.0 -2.4 -55.4 -107.3
 (십억원)
4.835 -1.8 1.2 -0.5 -56.0 -104.6
5.105 -1.5 0.5 -6.5 -36.8 -67.6
 AA 334
5.320 -2.5 -4.0 -2.4 -54.6 -103.3
 AA+ 80
5.519 -1.8 1.2 -0.5 -56.0 -103.1
 60
5.672 -1.5 0.5 -6.5 -37.3 -67.6
 59
5.950 -2.5 -4.0 -2.4 -54.1 -100.3
 AA0 50
6.160 -1.8 1.2 -0.5 -56.0 -102.3
 AA0 50
3.338 -0.2 2.8 -4.3 -33.5 -65.4
 AA- 50
3.303 -1.2 -0.7 -0.7 -44.7 -94.6 SK311-2 AA+ 40
3.336 -1.6 1.4 1.3 -48.6 -108.2
 AAA 40
3.365 -0.2 3.8 -3.5 -32.9 -72.1
 AAA 40
3.381 -1.0 0.6 2.9 -39.6 -102.3
 40
3.422 -0.8 1.9 3.6 -51.0 -117
 A0 30
3.386 -0.1 3.9 -3.6 -33.8 -74.4
 AA- 30
3.419 -1.0 0.7 3.1 -39.8 -102
 AA- 30
3.486 -0.8 1.9 3.6 -51.5 -116.7
 AAA 30
3.415 -0.2 3.8 -3.5 -33.6 -75.1
 30
3.465 -0.9 0.7 3.5 -39.6 -103.7
 A- 22
3.591 -0.7 2.0 3.7 -51.8 -117.2
 A0 2010435-14
-11265
-1108
IRS(%) CRS(%) Spread(bp)
1319
-772384
1342-1212
-1186
1500
12002000
6500
3000
2600
2500
2000
1000
10000.000
10000
5000
3000
3600
0
2.915
3.070
3.000
3.030
0
4251.9
117837.9 -275.7 -413.5 -123.81M
199472.2 916.5 -885.3 -7264.9
1D 1W
170740 189.6 789.6
2034-08-28 - 4.4926411.1
65219.3 -697 -1397.7 -4474.91670864.6 8833.6 13510
- 4.89
2025-10-27 3.424 3.472026-06-26 3.394 3.41
2025-04-30 - 3.28
3.329 3.38
2027-08-27 - 3.282026-03-18 3.4 3.43
2027-01-11 3.482 3.5
3.674 3.69
2025-05-27 3.474 3.532027-08-26 3.277 3.29
2028-04-21 - 5.52
3.678 3.772029-12-20 - 4.92
2027-08-27 - 6.182029-02-07 3.309 3.3
2026-04-30 3.237 3.27▪
▪
▪
2689.83
762.50105.89
116.55
2025-01-302026-02-042029-05-302029-12-20
MMF*
0
29 Aug. 2024
26-02-27 3.26 140 1.5            
 25-03-10 3.13 -137 0.5          
26-03-10 3.04 120 1.5            
 26-06-10 2.99 -50 1.8          
31-08-27 3.15 100 7.0            
 34-06-10 2.99 -32 9.8          
28-08-27 3.09 90 4.0            
 25-09-10 3.04 -21 1.0          
33-06-10 3.10 80 8.8            
 28-03-10 2.96 -20 3.5          
530 4.1            -260 2.2          
27-03-03 3.00 30 2.5            
 25-06-10 3.03 -120 0.8          
27-08-27 3.28 30 3.0            
 25-07-02 3.03 -100 0.8          
34-06-10 3.07 24 9.8            
 24-11-26 3.33 -70 0.2          
25-09-10 3.03 25 1.0            
 26-06-10 2.99 -60 1.8          
54-03-10 2.99 21 29.6          
 53-09-10 3.00 -40 29.1       
130 8.1            -390 3.8          
25-08-28 3.57 200 1.0            
 25-04-28 3.40 -100 0.7          
25-08-28 3.59 90 1.0            
 24-09-10 3.39 -50 0.0          
26-02-28 3.29 60 1.5            
 25-04-25 3.41 -50 0.7          
24-12-19 3.48 50 0.3            
 25-03-07 3.44 -40 0.5          
24-10-07 3.53 40 0.1            
 26-06-10 2.98 -33 1.8          
440 0.9            -273 0.7          
24-10-31 3.10 783 0.2            
 24-09-10 2.67 -73 0.0          
26-03-10 3.04 198 1.5            
 52-09-10 3.50 -70 28.1       
26-02-28 3.29 100 1.5            
 33-06-10 3.11 -64.7 8.8          
26-03-10 3.03 70 1.5            
 54-03-10 2.99 -53.0 29.6       
54-09-10 2.98 60 30.1          
 32-06-10 3.09 -9.0 7.8          
1,211 2.1            -270 15.5       
