0 0
0 0
0 0
0 0
0 0
KR Market
KR Bond(%,bp) YTM 1D 1W 1M
CD91D 2.880 -6.0 -10.0 -15.0
2.615 0.1 3.0 -3.5
 -2.827 AAA
2.656 -2.0 -0.6 2.1
 -2.854 AAA
2.615 -1.2 0.7 3.8
 3.097 3.196 AA-
2.730 -1.8 2.2 4.0
 -2.854 AAA
2.852 -3.3 0.6 2.8
 -2.930 AAA
2.759 -2.1 -0.5 0.4
 -2.762 AAA
KR Credit(%,bp) YTM 1D 1W 1M
 2.935 3.024 AAA
3.166 -1.7 -1.0 -3.2
 -3.196 AA-
3.196 -1.1 1.4 1.3
 - - A
6.528 -1.1 -0.7 -0.2
 3.824 3.520 A+
KTB Futures(tick)
 1D 1W
KTBF 3Y 5.0 -4.0
 (십억계약,%,년)
LKTBF 10Y 28.0 -10.0
KR Stock(%) Index 1D 1W 1M
KOSPI 0.02 2.45 4.22
KOSDAQ 0.83 2.42 5.78
FX Market(%) Price 1D 1W 1M
1,434.3 -0.25 -0.64 -0.23
953.5 -0.25 1.01 3.37
1D(bp) 1D(bp) 1D(bp)
1Y 2.698 -3.0 1Y 2.630 -3
 8.2 -3.1
2Y 2.633 -2.5 2Y 2.590 -2.5
 -2.4 -0.5
3Y 2.625 -2.5 3Y 2.590 -2
 1.0 -1.3
5Y 2.660 -2.7 5Y 2.630 -1.5
 -7.0 -0.9
10Y 2.723 -3.2 10Y 2.555 -3
 -13.0 0.1
US Bond Market
US Bond(%,bp) YTM 1D 1W 1M
UST2Y 4.202 -7.2 -6.1 -10.0
UST5Y 4.277 -7.0 -5.2 -16.1
UST10Y 4.435 -7.1 -4.2 -18.1
UST30Y 4.681 -6.8 -1.8 -14.7
KR Credit Market
 (계약수)
Bond Yield(%, bp) Yield 1D 1W 1M 3M 1Y
2.791 -0.3 2.6 -1.4 -41.3 -84.6
2.854 -1.6 0.0 3.2 -23.2 -74.2
2.930 -1.8 0.6 -0.6 -19.9 -68.7
2.846 -1.0 0.9 -1.0 -38.6 -83 Fund Flow (십억원)
2.897 -1.2 0.6 2.9 -20.9 -83.2 YTD
2.991 -1.9 1.3 0.2 -19.2 -88.3 46,226
2.949 0.0 2.8 -7.4 -39.2 -77.3 48,701
3.081 -1.7 -1.0 -2.5 -24.4 -83.6 32,402
3.326 -2.2 1.3 0.8 -17.4 -86.3 92,769
3.004 0.0 2.0 -9.2 -41.0 -86.4 -12,247
3.166 -1.7 -1.0 -3.2 -25.1 -98.1 *는 T-2일 기준, 펀드는 설정액 및 ETF 제외 기준
3.431 -2.2 1.0 0.5 -17.7 -95.5 **는 T-4일 기준
3.687 -0.5 1.0 -10.7 -43.5 -114.7
4.058 -1.7 -0.7 -3.2 -25.1 -109
 (십억원)
4.559 -2.2 1.3 1.3 -17.9 -84.1
4.404 -0.5 1.0 -10.7 -43.5 -113.2
 AA- 60
4.856 -1.7 -0.7 -2.7 -24.6 -105
 AAA 60
5.243 -2.2 1.3 1.3 -17.9 -83.1
 A0 60
4.976 -0.5 1.0 -10.7 -43.5 -113.2
 AA- 60
5.496 -1.7 -0.7 -2.7 -24.1 -103
 AA+ 50
5.884 -2.2 1.3 1.3 -17.9 -83.1
 AAA 50
2.904 -0.1 2.6 -7.7 -34.6 -82.1
 - 45
3.024 -1.1 1.0 0.9 -21.6 -76 E138-1 A+ 40
3.108 -1.6 2.2 2.8 -18.0 -75.1
 AAA 40
2.944 0.1 2.5 -7.2 -32.2 -85.8
 A+ 40
3.122 -1.1 1.5 1.3 -19.1 -77.9
 AAA 40
3.186 -1.8 1.5 2.0 -18.2 -85.5
 AA+ 40
2.973 0.1 2.5 -7.2 -31.9 -87
 A+ 40
3.148 -1.2 1.4 1.3 -19.1 -79.5
 AA- 40
3.248 -1.8 1.5 1.9 -17.9 -85.8
 AA- 40
3.004 0.1 2.5 -7.2 -31.7 -87.9
 - 40
3.196 -1.1 1.4 1.3 -19.0 -80.6
 A+ 40
3.353 -1.8 1.6 2.0 -17.7 -86.1
 AA+ 30▪
▪
▪
2,654.6
774.7106.7
118.3
2026-09-032029-03-062025-04-142026-11-06
MMF*
0
0
3.003 2.9602025-04-30 - 4.970
2026-03-04 3.197 3.1902027-07-23 3.051 3.050
2028-02-21 - 3.0403.072 3.120
2027-02-12 3.218 3.2602026-01-29 3.168 3.170
2025-06-22 3.035 3.1103.106 3.210
2028-02-21 - 2.9902027-01-15 2.894 2.900
2031-06-10 - 3.8503.260 3.140
2030-02-21 - 3.1902028-02-18 2.921 2.940
2026-03-06 3.677 3.530
2026-10-14 2.961 2.9906,088
58,328 -42 -933 -2,8531,709,362 1,840 17,853
8,093
136,270 -178 2,607 6,1761M
217,284 -250 3,493 14,565
1D 1W
185,285 655 3,534
0
0
0
0
0
0
0
0
0.000
0
0
0
0
0
0.000
0.000
0.000
0.000
800
7001,000
3,000
3,000
2,000
1,500
1,000
600
600
1,683-1,285
-8,393
-886
IRS(%) CRS(%) Spread(bp)
2,896
9,988396
633-931
-3,338
24 Feb. 2025
26-02-10 2.69 197 1.0            
 26-04-02 2.67 -70 1.1          
28-02-21 2.79 160 3.0            
 27-06-10 2.65 -60 2.3          
30-02-21 2.88 110 5.0            
 26-03-10 2.59 -58 1.0          
28-02-21 2.90 90 3.0            
 29-03-10 2.75 -50 4.0          
26-06-10 2.69 50 1.3            
 26-02-20 2.81 -50 1.0          
607 2.6            -288 1.8          
42-09-10 2.78 100 17.6          
 42-12-10 2.77 -100 17.8       
26-02-10 2.69 84 1.0            
 25-12-02 2.80 -60 0.8          
34-12-10 2.86 35 9.8            
 28-06-10 2.73 -40 3.3          
28-02-21 2.93 33 3.0            
 33-12-10 2.90 -31 8.8          
55-03-10 2.67 30 30.1          
 26-01-17 2.80 -30 0.9          
282 11.3          -261 8.7          
25-10-22 2.83 100 0.7            
 26-06-10 2.69 -72 1.3          
27-08-21 2.90 80 2.5            
 25-04-11 3.09 -60 0.1          
26-08-21 2.86 60 1.5            
 26-08-29 2.81 -30 1.5          
26-02-21 2.85 50 1.0            
 34-12-10 2.87 -23 9.8          
26-02-21 3.11 50 1.0            
 26-03-12 2.84 -20 1.0          
340 1.3            -205 1.9          
25-06-10 2.61 69 0.3            
 26-03-10 2.60 -50 1.0          
54-09-10 2.67 41 29.6          
 26-12-10 2.60 0 1.8          
27-09-03 2.68 40 2.5            
 48-03-10 2.73 0 23.1       
32-06-10 2.90 30 7.3            
 41-09-10 2.80 0 16.6       
26-06-10 2.69 30 1.3            
 53-03-10 2.69 0 28.1       
210 7.5            -51 1.2          
