91d
63d
0 0
0 0
0 0
KR Market
KR Bond(%,bp) YTM 1D 1W 1M
CD91D 3.490 -1.0 -2.0 -11.0
3.114 -2.2 -6.8 -16.0
 3.460 3.416 AAA
3.038 -2.2 -3.7 -16.7
 3.220 3.226 AAA
2.975 -2.5 -4.5 -19.0
 3.170 3.175 AAA
2.985 -3.5 -6.7 -20.7
 3.500 3.304 AAA
3.012 -4.5 -11.0 -26.8
 3.276 3.200 AAA
3.005 -3.2 -8.0 -23.7
 3.160 3.278 AAA
KR Credit(%,bp) YTM 1D 1W 1M
 3.106 - AAA
3.498 -2.0 -0.7 -17.5
 3.479 3.526 AA-
3.436 -2.1 -3.4 -18.9
 3.49 3.522 AA-
7.035 -2.4 -5.4 -25.7
 4.330 -
KTB Futures(tick)
 1D 1W
KTBF 3Y 8 11
 (십억계약,%,년)
LKTBF 10Y 43 84
KR Stock(%) Index 1D 1W 1M
KOSPI 0.25 2.47 -0.11
KOSDAQ 1.29 2.04 -1.97
FX Market(%) Price 1D 1W 1M
1366.2 -0.75 -1.39 -1.58
913.76 0.61 0.82 6.52
1D(bp) 1D(bp) 1D(bp)
1Y 3.245 -1.00 1Y 3.075 -3.5
 13.1 1.20
2Y 3.043 -2.75 2Y 2.83 -3.5
 0.5 -0.55
3Y 2.948 -3.25 3Y 2.76 -3.5
 -2.8 -0.75
5Y 2.890 -4.25 5Y 2.765 -3.5
 -9.5 -0.75
10Y 2.918 -4.75 10Y 2.675 -3.5
 -9.5 -0.25
US Bond Market
US Bond(%,bp) YTM 1D 1W 1M
UST2Y 4.152 -10.8 -28.7 -60.2
UST5Y 3.836 -7.9 -30.1 -56.4
UST10Y 3.978 -5.4 -26.5 -45.9
UST30Y 4.278 -2.8 -20.7 -33
KR Credit Market
 (계약수)
Bond Yield(%, bp) Yield 1D 1W 1M 3M 1Y
3.277 -1.9 -3.8 -16.0 -34.7 -53.1
3.176 -1.7 -1.6 -17.0 -49.6 -85.5
3.168 -3.2 -5.2 -18.9 -52.1 -91.2
3.293 -1.1 -2.1 -14.0 -38.6 -55.5 Fund Flow (십억원)
3.233 -2.1 -3.8 -18.1 -54.3 -93.6 YTD
3.244 -3.2 -5.9 -20.3 -64.7 -103.8 32013.5
3.433 -1.0 -3.0 -12.6 -34.8 -69.9 29969.2
3.404 -2.0 -1.2 -17.4 -50.4 -107.2 14025.7
3.547 -3.0 -6.2 -22.2 -64.6 -112.1 30289.4
3.485 -1.0 -3.0 -12.9 -36.6 -83.2 -1134
3.498 -2.0 -0.7 -17.5 -54.6 -121.8 *는 T-2일 기준, 펀드는 설정액 및 ETF 제외 기준
3.670 -3.0 -6.2 -23.0 -68.6 -120 **는 T-4일 기준
4.428 -1.0 -4.0 -12.6 -38.9 -65.8
4.559 -2.0 -3.0 -19.6 -60.5 -96.6
 (십억원)
4.843 -3.0 -6.2 -20.9 -63.4 -96.3
5.150 -1.0 -4.0 -12.6 -37.9 -62.8
 AA- 260
5.352 -2.0 -3.0 -19.6 -58.7 -92.6 S-Oil56-1 AA0 190
5.527 -3.0 -6.2 -20.9 -62.9 -94.8
 AA0 180
5.717 -1.0 -4.0 -12.6 -38.4 -63.8
 AA- 174
5.982 -2.0 -3.0 -19.1 -58.2 -90.1
 AA0 121
6.168 -3.0 -6.2 -20.9 -62.9 -94
 60
3.348 -2.1 -6.7 -16.2 -34.3 -64.3
 A+ 51
3.315 -2.1 -3.8 -18.2 -50.3 -89.6
 AA- 50
3.318 -3.3 -6.4 -18.5 -58.2 -105.7
 AAA 50
3.371 -1.7 -6.3 -15.9 -34.0 -71.6
 AA0 50
3.358 -2.1 -3.4 -18.4 -50.4 -100
 AA- 41
3.389 -2.9 -5.6 -20.5 -63.4 -114.9
 AA+ 40
3.391 -1.8 -6.5 -16.1 -34.9 -73.6
 AA- 40
3.393 -2.1 -3.5 -19.0 -51.4 -100.2
 40
3.453 -2.9 -5.6 -20.6 -63.8 -114.6
 AA0 40
3.421 -1.7 -6.3 -15.7 -35.3 -74.6
 A+ 33
3.436 -2.1 -3.4 -18.9 -52.9 -102.3
 AA0 30
3.557 -2.9 -5.6 -20.8 -64.2 -115.2
 AA0 30▪
▪
▪
2777.68
813.53105.77
117.02
2025-02-242026-06-262026-04-152024-10-25
MMF*
0
0
3.402 3.392053-06-29 - 6.83
2024-09-26 3.459 3.352025-04-18 - 4.01
2029-02-16 3.318 3.323.401 3.35
2024-10-08 3.59 3.572026-11-20 3.425 3.39
2024-10-07 3.646 3.63.48 3.45
2024-10-11 3.512 3.442029-06-11 - 4.33
2026-02-26 3.646 3.623.536 3.5
2025-02-14 3.364 3.342025-03-10 3.375 3.37
2025-02-25 3.404 3.39
2025-02-26 3.418 3.4-19993.6
69441.4 -145 -455.9 -12491646882.2 1624.3 -4323.3
11172
117893.4 -68.3 -1048.8 -346.21M
203071 -3666.1 -2343.6 -693.5
1D 1W
166552.4 64.3 1031.5
0
0
0
0
0.000
5000
10000
0
0
0
3.350
3.460
0.000
0.000
500
3001000
10000
4000
3000
2500
1500
200
100
-32711798
15775
6874
IRS(%) CRS(%) Spread(bp)
-8345
-22286187
386587
7559
02 Aug. 2024
26-08-01 3.17 290 2.0            
 26-12-10 3.01 -60 2.4          
26-02-01 3.22 250 1.5            
 26-07-02 3.02 -60 1.9          
24-09-10 3.31 80 0.1            
 32-12-10 3.03 -50 8.4          
25-08-01 3.26 80 1.0            
 28-09-10 2.98 -40 4.1          
26-06-10 3.02 50 1.9            
 28-03-10 2.98 -30 3.6          
750 1.5            -240 3.9          
43-09-10 3.00 27 19.1          
 26-03-10 3.04 -79 1.6          
26-09-10 3.60 20 2.1            
 34-06-10 3.00 -63 9.9          
26-07-02 3.02 20 1.9            
 24-09-10 3.27 -50 0.1          
26-02-01 3.22 20 1.5            
 25-09-10 3.07 -50 1.1          
26-12-10 3.00 18 2.4            
 27-12-10 3.06 -50 3.4          
105 6.4            -292 3.4          
25-08-01 3.50 190 1.0            
 29-03-10 2.98 -72 4.6          
24-11-17 3.45 70 0.3            
 26-06-10 3.04 -30 1.9          
43-09-10 3.00 54 19.1          
 53-09-10 2.92 -25 29.1       
25-08-01 3.56 50 1.0            
 34-06-10 3.02 -25 9.9          
26-02-01 3.22 50 1.5            
 33-06-10 3.02 -20 8.9          
414 3.3            -172 8.9          
29-03-10 2.96 51 4.6            
 25-01-19 3.44 -100 0.5          
52-03-10 2.93 50 27.6          
 25-08-16 3.32 -70 1.0          
54-03-10 2.91 22 29.6          
 24-12-10 3.04 -70.1 0.4          
29-06-10 2.98 20 4.9            
 25-10-30 3.29 -60.0 1.2          
32-06-10 3.07 16 7.9            
 24-12-10 3.24 -50.0 0.4          
160 15.7          -350 0.7          
