0 0
0 0
0 0
0 0
0 0
KR Market
KR Bond(%,bp) YTM 1D 1W 1M
CD91D 3.400 -10.0 -12.0 -11.0
2.863 -1.2 4.1 -1.8
 3.380 3.535 AA-
2.935 -2.0 9.0 1.5
 4.000 5.453 AA-
2.948 -1.4 12.3 13.3
 3.190 3.225 AAA
2.995 -1.4 9.9 14.8
 3.150 3.223 AAA
3.077 -1.0 8.2 13.9
 4.270 4.906 AA0
2.928 -0.6 4.2 7.3
 3.220 3.255 AAA
KR Credit(%,bp) YTM 1D 1W 1M
 3.273 3.425 AA-
3.524 -1.5 9.2 4.6
 3.140 3.262 AAA
3.515 -2.1 10.0 11.6
 6.500 - A-
6.964 -1.8 11.4 11.5
 3.721 - AA
KTB Futures(tick)
 1D 1W
KTBF 3Y 3 -45
 (십억계약,%,년)
LKTBF 10Y 5 -91
KR Stock(%) Index 1D 1W 1M
KOSPI -0.09 1.06 3.32
KOSDAQ -0.58 0.26 8.68
FX Market(%) Price 1D 1W 1M
1349.5 -0.05 1.18 0.78
907.4 -0.19 -1.56 -4.29
1D(bp) 1D(bp) 1D(bp)
1Y 3.135 -6.000 1Y 2.84 -3
 27.2 -4.8
2Y 3.013 -3.500 2Y 2.73 -1.5
 7.8 -1.5
3Y 2.978 -2.000 3Y 2.76 -1
 3.0 -0.6
5Y 2.963 0.000 5Y 2.78 -2
 -3.3 1.4
10Y 2.990 0.500 10Y 2.82 -1
 -8.7 1.5
US Bond Market
US Bond(%,bp) YTM 1D 1W 1M
UST2Y 3.96 -0.1 3.4 31.6
UST5Y 3.90 1.7 9.8 45.9
UST10Y 4.10 3.8 13.3 44.8
UST30Y 4.41 5.3 16.1 44.6
KR Credit Market
 (계약수)
Bond Yield(%, bp) Yield 1D 1W 1M 3M 1Y
3.218 -1.5 4.2 0.3 -13.5 -77.3
3.214 -1.3 11.4 12.9 -4.3 -112.2
3.253 -1.5 9.1 14.7 -1.2 -113.4
3.221 -1.8 3.2 -2.5 -11.3 -84.5 Fund Flow (십억원)
3.240 -1.5 11.2 12.3 -10.2 -120.2 YTD
3.306 -1.4 9.3 14.2 -5.1 -125.2 17609.4
3.323 -2.0 3.2 -5.5 -18.5 -89.6 35356.4
3.425 -1.5 9.7 6.1 -7.0 -134.3 17083.3
3.620 -1.5 9.0 11.0 -5.0 -136.8 67615.7
3.412 -2.0 3.2 -5.8 -15.1 -99.5 -8295.1
3.524 -1.5 9.2 4.6 -6.3 -151.6 *는 T-2일 기준, 펀드는 설정액 및 ETF 제외 기준
3.730 -1.5 8.7 10.2 -6.8 -146.5 **는 T-4일 기준
4.175 -2.0 3.2 -6.3 -32.8 -103.6
4.468 -1.5 9.2 4.6 -20.1 -135.9
 (십억원)
4.860 -1.5 8.7 10.7 -9.8 -127.1
4.897 -2.0 3.2 -6.3 -32.8 -100.6
 AA+ 60
5.261 -1.5 9.2 4.6 -20.1 -131.9
 AA+ 60
5.544 -1.5 8.7 10.7 -9.8 -125.6
 A- 54
5.464 -2.0 3.2 -6.3 -32.8 -100.1
 AA+ 50
5.891 -1.5 9.2 4.6 -19.6 -128.9
 - 36
6.185 -1.5 8.7 10.7 -9.8 -124.8
 AA0 31
3.251 -2.0 3.4 0.2 -19.0 -90.6
 AA- 30
3.367 -1.9 9.7 12.7 -5.6 -110.4
 AA- 30
3.404 -1.6 8.7 14.0 -2.6 -122.9
 AA0 30
3.278 -1.6 3.9 0.6 -18.3 -95.6
 AA0 30
3.437 -2.0 10.1 12.2 -2.6 -118
 AA- 30
3.484 -1.5 8.9 13.8 -1.5 -131.3
 AA- 30
3.300 -1.6 3.9 0.7 -18.7 -97.8
 AA- 30
3.467 -2.1 10.0 11.5 -3.5 -118.9
 A+ 30
3.545 -1.5 8.9 13.5 -1.9 -131.5
 AA0 29
3.330 -1.6 3.9 0.8 -18.3 -98.4
 AAA 24
3.515 -2.1 10.0 11.6 -3.0 -120.7
 AAA 24
3.647 -1.6 8.7 13.2 -2.2 -132.2
 AAA 23▪
▪
▪
2596.91
770.98105.82
116.43
2025-06-112028-06-292026-04-042025-10-08
MMF*
0
0
- 3.422025-02-11 - 3.5
2025-04-11 - 3.472025-02-06 3.58 3.54
2054-10-11 - 4.263.68 3.63
2027-10-08 - 3.382025-04-11 3.436 3.41
2025-09-05 3.452 3.413.509 3.51
2025-02-14 3.594 3.552025-01-21 3.428 3.35
2026-04-16 3.515 3.53.353 3.37
2027-06-21 - 1.632027-06-27 3.327 3.29
2026-04-10 - 6.5
2025-02-07 3.501 3.4213538.1
62280.3 -1205.4 -997 -1681.51684208.5 1355.8 -3301.5
104.3
120951 352.9 1917 7179.21M
188666.9 -3151.8 9779.8 -1176.5
1D 1W
171939.6 316.6 1068.1
0
0
0
0
0
0
0
0
0.000
0
0
0
0
0
0.000
0.000
0.000
0.000
2000
19002300
6000
4000
3000
2700
2300
890
600
-78677-4057
52130
4439
IRS(%) CRS(%) Spread(bp)
87
13624-183
57470
8279
14 Oct. 2024
26-10-11 3.15 270 2.0            
 26-03-03 2.93 -60 1.4          
26-04-11 3.19 90 1.5            
 26-04-02 2.99 -50 1.5          
27-10-11 3.22 90 3.0            
 25-10-10 3.18 -50 1.0          
27-03-03 3.01 80 2.4            
 26-10-02 2.92 -30 2.0          
26-12-10 2.99 60 2.2            
 32-12-10 3.12 -20 8.2          
590 2.1            -210 2.0          
54-09-10 2.92 58 29.9          
 25-07-02 2.87 -70 0.7          
33-12-10 3.09 30 9.2            
 29-09-17 3.22 -60 4.9          
26-02-11 3.36 22 1.3            
 26-03-10 2.99 -50 1.4          
26-04-11 3.38 22 1.5            
 29-12-19 3.20 -40 5.2          
26-06-11 3.40 22 1.7            
 28-03-10 3.04 -30 3.4          
154 13.7          -250 2.9          
54-09-10 2.91 129 29.9          
 54-03-10 2.92 -70 29.4       
25-10-02 3.19 60 1.0            
 25-01-19 3.36 -30 0.3          
34-06-10 3.08 51 9.7            
 26-12-10 3.01 -30 2.2          
27-06-10 2.95 34 2.7            
 25-08-02 3.28 -20 0.8          
32-12-10 3.12 30 8.2            
 25-05-07 3.33 -20 0.6          
304 15.6          -170 12.7       
25-10-10 3.18 50 1.0            
 51-03-10 2.39 -8 26.4       
28-03-10 3.04 30 3.4            
 29-12-10 3.07 -2 5.2          
31-12-10 3.11 20 7.2            
 33-06-10 3.11 -2.0 8.7          
54-09-10 2.90 13 29.9          
 43-09-10 3.01 -1.8 18.9       
29-03-10 3.03 2 4.4            
 26-06-10 2.99 -0.5 1.7          
115 6.1            -14 18.8       
