91d
63d
0 0
0 0
0 0
KR Market
KR Bond(%,bp) YTM 1D 1W 1M
CD91D 3.480 -1.0 -2.0 -10.0
3.090 -2.4 -7.8 -15.0
 3.300 3.293 AAA
3.005 -3.3 -7.5 -18.0
 3.500 3.293 AAA
2.936 -3.9 -8.1 -22.4
 4.951 4.237 A-
2.942 -4.3 -9.8 -25.0
 4.412 4.106 A-
2.970 -4.2 -13.4 -30.5
 3.950 3.495 AA-
2.962 -4.3 -12.0 -27.5
 4.894 4.203 A-
KR Credit(%,bp) YTM 1D 1W 1M
 3.900 3.491 AA-
3.468 -3.0 -3.7 -19.5
 7.500 - BBB
3.396 -4.0 -7.6 -22.2
 3.51 3.489 AA-
6.990 -4.5 -9.1 -29.2
 1.000 -
KTB Futures(tick)
 1D 1W
KTBF 3Y 14 25
 (십억계약,%,년)
LKTBF 10Y 43 127
KR Stock(%) Index 1D 1W 1M
KOSPI -3.65 -2.04 -4.22
KOSDAQ -4.20 -2.29 -6.79
FX Market(%) Price 1D 1W 1M
1371.2 0.37 -1.05 -1.40
910.07 -0.62 1.45 6.24
1D(bp) 1D(bp) 1D(bp)
1Y 3.223 -2.25 1Y 2.995 -8
 13.3 0.15
2Y 3.005 -3.75 2Y 2.79 -4
 0.0 -0.45
3Y 2.910 -3.75 3Y 2.72 -4
 -2.6 0.15
5Y 2.848 -4.25 5Y 2.72 -4.5
 -9.5 0.05
10Y 2.878 -4.00 10Y 2.63 -4.5
 -9.3 0.20
US Bond Market
US Bond(%,bp) YTM 1D 1W 1M
UST2Y 3.884 -26.8 -50.1 -83.4
UST5Y 3.62 -21.6 -45.8 -71.1
UST10Y 3.794 -18.4 -40.1 -57
UST30Y 4.109 -16.9 -34.4 -42.3
KR Credit Market
 (계약수)
Bond Yield(%, bp) Yield 1D 1W 1M 3M 1Y
3.258 -1.9 -5.2 -15.0 -36.6 -55.7
3.140 -3.6 -5.8 -20.1 -53.2 -92.9
3.130 -3.8 -8.1 -22.5 -55.9 -99.7
3.281 -1.2 -2.7 -12.5 -39.8 -57.5 Fund Flow (십억원)
3.199 -3.4 -7.0 -21.0 -57.7 -101.5 YTD
3.205 -3.9 -8.7 -24.0 -68.6 -113.4 33674.6
3.423 -1.0 -4.0 -12.1 -35.8 -71.9 30555
3.374 -3.0 -4.2 -19.7 -53.4 -114.2 14750.7
3.509 -3.8 -8.8 -26.0 -68.4 -121.2 33812.3
3.475 -1.0 -4.0 -12.4 -37.6 -85.7 -849
3.468 -3.0 -3.7 -19.5 -57.6 -129.3 *는 T-2일 기준, 펀드는 설정액 및 ETF 제외 기준
3.632 -3.8 -8.8 -26.8 -72.4 -129.6 **는 T-4일 기준
4.418 -1.0 -5.0 -12.1 -39.9 -68.3
4.529 -3.0 -5.7 -21.6 -63.5 -104.1
 (십억원)
4.805 -3.8 -8.8 -24.7 -67.2 -105.9
5.140 -1.0 -5.0 -12.1 -38.9 -64.8
 A- 74
5.322 -3.0 -5.7 -21.6 -61.7 -100.1
 AA0 60
5.489 -3.8 -8.8 -24.7 -66.7 -104.4
 A+ 60
5.707 -1.0 -5.0 -12.1 -39.4 -65.8
 AA0 50
5.952 -3.0 -5.7 -21.1 -61.2 -97.6
 A- 49
6.130 -3.8 -8.8 -24.7 -66.7 -103.6
 AAA 40
3.326 -2.2 -7.6 -16.1 -36.5 -67.3
 AA+ 40
3.276 -3.9 -7.6 -21.4 -54.2 -97.5
 A+ 40
3.276 -4.2 -9.5 -22.7 -62.4 -114.8
 AAA 40
3.348 -2.3 -7.4 -15.7 -36.3 -74.7
 A- 36
3.318 -4.0 -7.6 -21.7 -54.4 -108
 BBB 27
3.346 -4.3 -8.8 -24.6 -67.7 -124.7
 AA+ 20
3.369 -2.2 -7.5 -15.8 -37.1 -76.6
 20
3.353 -4.0 -7.7 -22.3 -55.4 -108.2
 AA- 8
3.410 -4.3 -8.9 -24.7 -68.1 -124.4
 AA0 8
3.398 -2.3 -7.4 -15.5 -37.6 -77.7
 A+ 7
3.396 -4.0 -7.6 -22.2 -56.9 -110.2
 AA0 5
3.514 -4.3 -8.8 -25.0 -68.5 -124.9 0 0 0-68931124
15567
-3598
IRS(%) CRS(%) Spread(bp)
1232
-18465213
8301299
8233
500
440630
3400
2100
1230
740
700
400
4000.000
5000
10000
0
0
0
3.350
3.460
0.000
0.000
0
0
0
0
11253.1
118618.4 725.0 1312.6 -219.81M
204732.1 1661.1 158.5 647.6
1D 1W
167138.2 585.8 1457.1
2026-07-31 - 4.88-871.1
69726.4 140 -210.5 -1517.91650405.1 5147.2 204.1
3.642 3.6
2025-08-01 - 4.312025-01-27 3.482 3.46
2054-06-27 - 6.39
3.71 3.65
2026-09-16 3.281 3.282026-08-28 3.219 3.21
2024-10-25 3.634 3.55
3.223 3.21
2029-07-02 - 5.132026-02-02 - 4.74
2025-08-01 - 6.66
0 02053-06-29 - 6.75
2052-05-30 4.804 4.872025-02-26 3.412 3.27
2026-09-06 3.253 3.25▪
▪
▪
2676.19
779.33105.91
117.45
1900-01-002027-06-272026-03-042025-08-29
MMF*
0
0
5 Aug. 2024
25-08-02 3.30 130 1.0            
 26-07-02 3.01 -70 1.9          
27-03-03 3.01 60 2.6            
 26-12-10 2.97 -44 2.4          
30-12-10 3.00 50 6.4            
 34-06-10 2.98 -30 9.9          
25-07-09 3.09 30 0.9            
 25-10-02 3.11 -30 1.2          
27-02-16 3.22 20 2.5            
 26-04-02 3.05 -30 1.7          
290 2.3            -204 3.0          
29-03-10 2.95 59 4.6            
 25-07-02 3.09 -110 0.9          
26-07-02 3.01 50 1.9            
 34-06-10 2.98 -51 9.9          
54-03-10 2.89 39 29.6          
 26-04-02 3.05 -50 1.7          
43-09-10 2.98 26 19.1          
 33-12-10 2.99 -40 9.4          
27-06-10 2.94 24 2.9            
 26-03-10 3.04 -42 1.6          
197 10.5          -293 3.8          
25-08-02 3.50 210 1.0            
 26-12-10 2.97 -59 2.4          
25-07-02 3.09 100 0.9            
 25-03-07 3.37 -30 0.6          
26-10-02 3.90 50 2.2            
 24-12-10 3.05 -30 0.4          
34-06-10 2.97 38 9.9            
 26-01-30 3.27 -20 1.5          
25-03-10 3.11 35 0.6            
 24-12-29 3.41 -20 0.4          
433 1.9            -159 1.3          
27-03-03 3.00 100 2.6            
 42-09-10 2.98 -284 18.1       
30-12-10 3.00 50 6.4            
 26-12-10 2.98 -240 2.4          
26-12-10 3.00 30 2.4            
 27-03-10 2.97 -200.0 2.6          
54-03-10 2.89 20 29.6          
 27-06-10 2.95 -183.6 2.9          
25-07-02 3.09 10 0.9            
 26-03-10 3.05 -160.0 1.6          
210 6.0            -1,068 6.6          
