10y
91d
2y
3y
0 0
KR Market
KR Bond(%,bp) YTM 1D 1W 1M
CD91D 3.030 5.0 4.0 -36.0
2.650 2.1 0.1 -3.4
 4.000 5.185 AA-
2.635 1.5 -4.3 -9.9
 2.954 - AA
2.577 0.7 -10.3 -3.2
 2.730 2.797 AAA
2.690 1.5 -9.2 -6.7
 2.939 - AA
2.824 1.4 -5.0 -2.1
 2.839 2.797 AAA
2.755 2.7 1.1 -1.3
 2.885 2.807 AAA
KR Credit(%,bp) YTM 1D 1W 1M
 3.076 3.183 AA-
3.198 0.7 -12.6 -15.3
 3.055 - AA
3.183 -0.1 -14.5 -10.3
 3.285 3.192 AA-
6.530 -0.6 -13.8 -10.2
 2.870 - AAA
KTB Futures(tick)
 1D 1W
KTBF 3Y -4.0 19.0
 (십억계약,%,년)
LKTBF 10Y -15.0 86.0
KR Stock(%) Index 1D 1W 1M
KOSPI 1.15 2.01 4.30
KOSDAQ 0.86 2.91 7.81
FX Market(%) Price 1D 1W 1M
1,437.6 -0.13 -1.62 -0.99
922.4 0.17 -0.59 -0.38
1D(bp) 1D(bp) 1D(bp)
1Y 2.710 1.8 1Y 2.635 1
 6.0 -0.3
2Y 2.615 1.5 2Y 2.535 1
 -2.0 0.0
3Y 2.593 1.5 3Y 2.550 1.5
 1.5 0.8
5Y 2.615 1.8 5Y 2.575 1.5
 -7.5 0.2
10Y 2.690 1.8 10Y 2.560 1.5
 -13.4 0.4
US Bond Market
US Bond(%,bp) YTM 1D 1W 1M
UST2Y 4.302 2.6 3.4 -4.2
UST5Y 4.438 4.0 -1.1 0.3
UST10Y 4.616 3.8 -3.9 2.7
UST30Y 4.828 1.7 -5.3 5.2
KR Credit Market
 (계약수)
Bond Yield(%, bp) Yield 1D 1W 1M 3M 1Y
2.805 2.0 -1.4 -22.1 -36.9 -75.3
2.822 1.5 -10.2 -11.7 -31.6 -81.5
2.936 1.5 -8.9 -11.7 -26.0 -69.9
2.856 1.8 0.5 -18.1 -34.4 -72.9 Fund Flow (십억원)
2.868 0.7 -10.5 -10.5 -31.3 -87.9 YTD
2.989 1.5 -9.6 -9.5 -26.8 -87.2 31,662
3.023 2.0 -2.5 -22.5 -28.3 -74.4 40,609
3.106 0.7 -12.6 -15.3 -26.3 -94.9 26,227
3.318 1.5 -10.2 -9.7 -25.9 -89 86,681
3.096 1.5 -3.0 -23.0 -28.9 -83.2 -9,394
3.198 0.7 -12.6 -15.3 -26.7 -108.2 *는 T-2일 기준, 펀드는 설정액 및 ETF 제외 기준
3.426 1.5 -10.2 -9.7 -25.9 -97.9 **는 T-4일 기준
3.794 1.5 -3.0 -20.5 -34.6 -101.5
4.090 0.7 -11.6 -12.3 -31.1 -107.5
 (십억원)
4.546 1.5 -10.2 -9.2 -26.9 -83.2
4.511 1.5 -3.0 -20.5 -34.6 -99.5
 AA0 150
4.883 0.7 -11.6 -12.3 -31.1 -104
 AA 130
5.230 1.5 -10.2 -9.2 -26.9 -82.2
 AA0 120
5.083 1.5 -3.0 -20.5 -34.6 -98.5
 AAA 100
5.523 0.7 -11.6 -12.3 -30.1 -100.5
 AAA 80
5.871 1.5 -10.2 -9.2 -26.9 -81.4
 A+ 74
2.981 1.2 -2.6 -14.8 -23.9 -73.2
 AA- 60
3.015 0.0 -13.2 -10.5 -29.9 -79.3
 AA- 60
3.080 1.2 -10.5 -11.3 -28.9 -78.4
 AAA 60
3.016 0.7 -2.5 -14.9 -21.9 -76.9
 AA- 60
3.109 -0.1 -14.4 -10.1 -27.1 -81.8 KT&G4-2 AAA 60
3.166 1.0 -11.6 -12.5 -27.8 -87.3
 AAA 50
3.045 0.7 -2.5 -14.7 -21.2 -78.2
 AA+ 50
3.135 -0.2 -14.5 -10.1 -27.6 -83.4
 AA0 50
3.229 1.0 -11.5 -12.3 -27.6 -87.2
 A+ 40
3.076 0.7 -2.5 -14.5 -21.1 -79.1
 AA0 40
3.183 -0.1 -14.5 -10.3 -27.6 -85.1
 AA 40
3.333 1.0 -11.5 -12.3 -27.4 -88
 AA 40▪
▪
▪
2,547.1
732.3106.9
118.4
2028-01-212026-06-022026-10-232026-01-31
MMF*
0
- 2.9402026-02-13 3.063 3.030
2027-01-22 - 2.8302027-01-20 2.972 2.980
2027-01-22 - 3.3702.880 2.900
2026-03-06 3.042 3.0202028-02-23 3.094 3.190
2027-10-08 2.927 2.9402.931 2.930
2025-08-08 3.081 3.0902028-01-21 - 3.770
2025-10-24 3.050 3.0502.869 2.910
2026-11-25 2.885 2.9102028-01-22 - 2.960
2027-04-08 2.929 2.950
2030-01-20 2.984 3.020-10,895
61,181 -265 -124 -1101,703,274 3,331 -2,400
2,128
130,094 -112 2,219 7,2561M
202,719 -2,000 1,683 19,361
1D 1W
177,192 277 1,636
0
 0.000
24,000
12,000
5,000
3,000
0
2.840
2.810
2.660
2.670
1,900
1,7002,000
4,050
3,800
3,200
2,400
2,000
1,600
1,500
27,726-4,954
-3,695
3,756
IRS(%) CRS(%) Spread(bp)
2,460
-6,04920
-3,072-60
-10,347
23 Jan. 2025
5
 5
25
 0200 -0122 -1 27-01-22 2.73 100 2.0            
 DC025-0422 -0910 25-04-22 2.83 -130 0.2          
02750 -5409 (24-8) 54-09-10 2.69 62 29.7          
 03250 -2803 (23-1) 28-03-10 2.67 -80 3.1          
02250 -2512 (15-8) 25-12-10 2.65 60 0.9            
 23
 0300 -0421 -1 26-04-21 2.80 -40 1.2          
1457 27-01-22 2.84 50 2.0            
 04000 -3112 (11-7) 31-12-10 2.87 -30 6.9          
04250 -2512 (22-13) 25-12-10 2.65 50 0.9            
 03200 -2607 -02 26-07-02 2.68 -30 1.4          
322 6.9            -310 1.9          
/
 5
 /
 5
DC025-0422 -0910 25-04-22 2.83 140 0.2            
 02250 -2512 (15-8) 25-12-10 2.65 -30 0.9          
02750 -5409 (24-8) 54-09-10 2.69 41 29.7          
 04125 -3312 (23-11) 33-12-10 2.89 -20 8.9          
03500 -3406 (24-5) 34-06-10 2.87 39 9.4            
 05750 -2603 (06-1) 26-03-10 2.63 -20 1.1          
03200 -2607 -02 26-07-02 2.68 30 1.4            
 843 28-05-13 2.90 -20 3.3          
26-2 28-01-21 3.77 30 3.0            
 03250 -2903 (24-1) 29-03-10 2.72 -15 4.1          
280 6.3            -105 3.4          
5
 5
03250 -4209 (22-11) 42-09-10 2.75 100 17.6          
 03500 -3406 (24-5) 34-06-10 2.87 -205 9.4          
1457 27-01-22 2.84 90 2.0            
 505 29-11-08 2.88 -30 4.8          
556-2 28-01-20 3.29 60 3.0            
 03125 -2606 (23-4) 26-06-10 2.66 -30 1.4          
(
)2501
 1.5A-22 26-07-22 2.76 60 1.5            
 254-1 25-07-24 3.10 -20 0.5          
556-1 28-01-19 3.29 53 3.0            
 25
 0100 -0102 -1 26-01-02 2.83 -20 0.9          
363 6.5            -305 7.0          
5
 5
02750 -5409 (24-8) 54-09-10 2.68 111 29.7          
 04000 -3112 (11-7) 31-12-10 2.88 -97 6.9          
01375 -2912 (19-8) 29-12-10 2.76 36 4.9            
 04250 -3212 (22-14) 32-12-10 2.89 -39 7.9          
02250 -2512 (15-8) 25-12-10 2.62 32 0.9            
 03250 -2706 (24-4) 27-06-10 2.60 -30 2.4          
02375 -3112 (21-11) 31-12-10 2.86 30 6.9            
 01125 -2509 (20-6) 25-09-10 2.53 -24 0.6          
02875 -2712 (24-12) 27-12-10 2.58 30 2.9            
 03125 -2709 (22-8) 27-09-10 2.67 -22 2.6          
239 15.9          -213 5.3          
