0 0
0 0
0 0
0 0
0 0
KR Market
KR Bond(%,bp) YTM 1D 1W 1M
CD91D 3.430 0.0 0.0 -8.0
2.827 -1.3 -1.6 -4.3
 3.090 3.208 AAA
2.925 -2.5 -2.5 -1.3
 3.100 3.141 AAA
2.882 -4.0 -6.0 -5.3
 3.090 3.208 AAA
2.937 -4.0 -6.0 -6.4
 3.130 3.172 AAA
3.037 -5.7 -5.3 -4.3
 3.240 3.219 AAA
2.988 -3.1 -3.3 4.1
 3.100 3.210 AAA
KR Credit(%,bp) YTM 1D 1W 1M
 3.203 3.212 AAA
3.477 -4.3 -6.0 -4.8
 3.199 3.219 AAA
3.450 -3.4 -6.6 -5.7
 3.280 3.196 AAA
6.849 -4.0 -8.2 -10.7
 3.240 3.232 AAA
KTB Futures(tick)
 1D 1W
KTBF 3Y 13.0 18.0
 (십억계약,%,년)
LKTBF 10Y 57.0 53.0
KR Stock(%) Index 1D 1W 1M
KOSPI -0.14 0.74 -1.28
KOSDAQ 1.34 1.97 -4.48
FX Market(%) Price 1D 1W 1M
1386.4 -0.73 0.51 2.72
916.61 1.88 1.60 0.67
1D(bp) 1D(bp) 1D(bp)
1Y 3.130 -2.000 1Y 2.85 -5.5
 30.3 -0.7
2Y 2.965 -4.000 2Y 2.71 -4
 4.0 -1.5
3Y 2.918 -5.250 3Y 2.68 -3
 3.5 -1.3
5Y 2.900 -6.750 5Y 2.66 -2
 -3.7 -2.7
10Y 2.935 -7.250 10Y 2.71 -1.5
 -10.2 -1.5
US Bond Market
US Bond(%,bp) YTM 1D 1W 1M
UST2Y 4.3 5.2 4.6 23.2
UST5Y 4.2 1.9 -3.4 27.5
UST10Y 4.3 -2.2 -7.8 23.2
UST30Y 4.5 -6.0 -11.0 12.8
KR Credit Market
 (계약수)
Bond Yield(%, bp) Yield 1D 1W 1M 3M 1Y
3.187 -0.9 0.0 -4.1 -5.1 -89.7
3.136 -3.7 -5.8 -6.5 -0.3 -119.7
3.184 -3.5 -5.5 -7.6 3.2 -113.5
3.233 -0.8 0.0 -0.2 -4.7 -88.9 Fund Flow (십억원)
3.172 -4.0 -6.2 -5.9 -3.1 -119.3 YTD
3.241 -4.2 -6.5 -7.0 1.8 -119.9 29840.7
3.337 -1.0 0.3 -0.9 -6.1 -100.7 40615.9
3.381 -4.3 -6.0 -4.0 -0.6 -144.7 17576.6
3.560 -4.0 -6.0 -7.7 3.1 -138 84650.8
3.416 -1.0 0.3 -1.9 -3.9 -112.1 -9623.2
3.477 -4.3 -6.0 -4.8 -2.4 -161.1 *는 T-2일 기준, 펀드는 설정액 및 ETF 제외 기준
3.668 -4.0 -6.0 -8.2 1.6 -147.9 **는 T-4일 기준
4.135 -1.0 -1.0 -6.3 -24.8 -120.1
4.387 -4.3 -6.3 -8.2 -16.5 -147.1
 (십억원)
4.798 -4.0 -6.0 -8.2 -2.2 -127.5
4.852 -1.0 -1.0 -6.8 -25.3 -117.6
 - 180
5.180 -4.3 -6.3 -8.2 -16.5 -143.1
 A 101
5.482 -4.0 -6.0 -8.2 -2.2 -126
 AA- 90
5.424 -1.0 -1.0 -6.3 -24.8 -116.6 KT188-2 AAA 80
5.815 -4.3 -6.3 -7.7 -16.0 -139.6
 - 76
6.123 -4.0 -6.0 -8.2 -2.2 -125.2
 A0 70
3.235 -1.0 0.2 -3.1 -5.0 -101.1
 AA0 50
3.297 -3.4 -5.6 -7.0 0.4 -114.1
 AA- 50
3.344 -4.0 -6.4 -7.1 4.5 -117.5
 - 50
3.259 -1.3 0.1 -2.7 -4.3 -106.2
 AA- 50
3.372 -3.4 -6.5 -5.7 3.4 -121.2
 A0 50
3.424 -4.0 -6.4 -6.9 5.8 -126.4
 A+ 50
3.283 -1.3 0.1 -2.5 -4.0 -108
 AA0 50
3.402 -3.4 -6.6 -5.7 2.7 -122.3
 A 44
3.485 -4.0 -6.4 -6.9 5.5 -126.8
 A 42
3.312 -1.3 0.0 -2.5 -4.0 -108.8
 AA0 40
3.450 -3.4 -6.6 -5.7 3.2 -124
 AAA 40
3.588 -4.0 -6.3 -6.9 5.4 -127.4
 AA0 40▪
▪
▪
2561.15
743.38106.00
116.76
2025-01-302025-02-282025-11-212025-01-29
MMF*
0
0
3.595 3.432025-04-11 3.536 3.6
2025-10-13 3.359 3.362026-05-08 - 4.22
2026-11-06 - 3.983.39 3.63
2024-12-06 3.623 3.492031-11-07 - 4.06
2025-03-02 3.659 3.733.488 3.46
2054-11-08 - 5.082026-02-23 3.481 3.46
2026-04-28 3.624 3.63.33 3.61
2025-11-08 - 3.852027-11-08 - 4.08
2025-01-27 3.519 3.62
2024-12-20 - 5.3818390.9
60952.2 - -180.3 -2533.51701243.6 - 4063.2
5576.1
121444.3 870.1 1152.2 846.21M
200898.2 -503.7 7217.7 9079.5
1D 1W
177199.1 95.6 1333.6
0
0
0
0
0
0
0
0
0.000
0
0
0
0
0
0.000
0.000
0.000
0.000
1500
23001100
1100
2100
500
2300
2600
2000
1000
-10776-2513
12293
8672
IRS(%) CRS(%) Spread(bp)
-2968
-3311664
1940-3071
-713
11 Nov. 2024
27-05-08 3.10 180 2.5            
 26-10-02 2.93 -160 1.9          
26-11-08 3.13 140 2.0            
 25-06-22 3.27 -150 0.6          
29-11-08 3.20 130 5.0            
 25-07-17 3.25 -100 0.7          
29-11-08 3.24 70 5.0            
 30-12-10 3.07 -60 6.1          
29-09-10 2.94 67 4.8            
 25-06-10 2.94 -50 0.6          
587 3.5            -520 1.6          
26-10-02 2.93 110 1.9            
 27-06-10 2.90 -70 2.6          
29-11-08 3.45 100 5.0            
 25-03-10 2.87 -67 0.3          
44-11-08 3.10 70 20.0          
 27-12-10 2.95 -60 3.1          
34-06-10 3.05 53 9.6            
 25-10-02 2.82 -50 0.9          
31-11-07 4.06 50 7.0            
 29-09-10 2.94 -36 4.8          
383 7.7            -283 2.1          
29-11-08 3.20 100 5.0            
 26-06-10 2.92 -64 1.6          
26-11-06 3.20 80 2.0            
 25-05-16 3.36 -40 0.5          
25-11-08 3.24 70 1.0            
 42-09-10 3.03 -35 17.8       
26-05-08 3.24 70 1.5            
 25-07-24 3.42 -30 0.7          
26-11-06 3.43 50 2.0            
 26-09-10 2.93 -30 1.8          
370 2.5            -199 4.1          
25-06-22 3.27 150 0.6            
 28-09-10 2.97 -32 3.8          
25-07-17 3.25 100 0.7            
 28-06-10 0.69 -20 3.6          
25-12-10 2.91 32 1.1            
 29-09-10 2.94 -15.5 4.8          
30-12-10 3.07 20 6.1            
 51-03-10 2.92 -1.0 26.3       
34-06-10 0.71 10 9.6            
 31-06-10 3.06 0.5 6.6          
312 1.3            -68 4.3          
