5y
91d
20y
0 0
0 0
KR Market
KR Bond(%,bp) YTM 1D 1W 1M
CD91D 3.430 0.0 3.0 -9.0
2.843 0.2 1.0 1.3
 3.150 3.147 AAA
2.950 0.0 6.9 14.0
 3.210 3.200 AAA
2.942 1.2 6.2 16.0
 3.280 3.375 AAA
2.997 1.2 4.7 15.5
 3.253 3.229 AAA
3.090 -0.5 3.0 15.5
 3.571 3.504 AA-
3.021 0.9 3.3 18.5
 3.531 3.431 AA-
KR Credit(%,bp) YTM 1D 1W 1M
 3.192 3.182 AAA
3.537 1.2 8.2 15.0
 3.400 3.206 AAA
3.516 1.2 6.5 13.8
 3.190 3.209 AAA
6.931 1.2 6.2 12.1
 3.230 3.222 AAA
KTB Futures(tick)
 1D 1W
KTBF 3Y -3 -18
 (십억계약,%,년)
LKTBF 10Y 0 -37
KR Stock(%) Index 1D 1W 1M
KOSPI -0.54 -1.58 -0.75
KOSDAQ -1.89 0.23 -4.34
FX Market(%) Price 1D 1W 1M
1379.4 -0.04 -0.67 4.56
902.15 -0.15 -1.29 -1.66
1D(bp) 1D(bp) 1D(bp)
1Y 3.125 0.500 1Y 2.86 0
 28.2 0.3
2Y 3.008 0.500 2Y 2.75 0.5
 5.7 0.5
3Y 2.975 0.250 3Y 2.73 0.5
 3.3 -1.0
5Y 2.965 0.250 5Y 2.71 0.5
 -3.2 -1.0
10Y 2.998 0.000 10Y 2.765 0
 -9.2 0.5
US Bond Market
US Bond(%,bp) YTM 1D 1W 1M
UST2Y 4.2 3.6 10.3 56.7
UST5Y 4.2 6.7 16.1 67.2
UST10Y 4.4 9.8 14.3 60.2
UST30Y 4.6 10.5 8.0 44.9
KR Credit Market
 (계약수)
Bond Yield(%, bp) Yield 1D 1W 1M 3M 1Y
3.187 0.5 1.9 0.3 -7.1 -91
3.194 1.2 6.4 13.8 5.4 -128.6
3.239 1.0 4.8 13.3 10.9 -126.3
3.233 0.2 3.3 4.2 -4.8 -90.7 Fund Flow (십억원)
3.234 1.2 6.2 15.0 3.5 -128.2 YTD
3.306 1.2 5.2 14.6 10.1 -132.1 22623
3.334 0.0 3.3 3.3 -8.9 -99.5 39282.3
3.441 1.2 8.2 15.8 6.7 -150.7 16424.4
3.620 1.0 4.5 14.3 11.1 -148 80587.6
3.413 0.0 3.3 2.3 -6.2 -109.9 -9442.9
3.537 1.2 8.2 15.0 6.9 -166.8 *는 T-2일 기준, 펀드는 설정액 및 ETF 제외 기준
3.728 1.0 4.5 13.8 9.6 -157.9 **는 T-4일 기준
4.145 0.0 1.5 -0.8 -27.3 -116.6
4.450 1.2 6.2 11.9 -7.9 -152.5
 (십억원)
4.858 1.0 4.5 13.8 5.3 -137.5
4.862 0.0 1.5 -1.3 -27.8 -114.1
 AA- 120
5.243 1.2 6.2 11.9 -7.9 -148.5
 AA- 90
5.542 1.0 4.5 13.8 5.3 -136
 AA- 80
5.434 0.0 1.5 -0.8 -27.3 -113.1
 AA- 80
5.878 1.2 6.7 12.4 -7.4 -145
 AA0 60
6.183 1.0 4.5 13.8 5.3 -135.2
 50
3.233 0.4 2.5 1.2 -9.3 -101.5
 41
3.353 1.1 5.2 12.4 7.7 -121.6
 AA0 40
3.408 0.7 4.2 14.5 13.2 -129.1
 AA- 40
3.258 0.3 2.8 1.6 -9.0 -106.5
 AA+ 30
3.437 1.2 6.5 14.0 11.9 -128
 AA0 30
3.488 1.2 4.7 14.4 14.2 -138.4
 AAA 30
3.282 0.3 3.0 1.7 -8.7 -108.5
 AA+ 20
3.468 1.2 6.5 13.8 11.5 -128.9
 AAA 20
3.549 1.2 4.7 14.2 13.9 -138.7
 AAA 20
3.312 0.4 3.0 1.8 -8.6 -109.1
 AAA 10
3.516 1.2 6.5 13.8 12.0 -130.6
 AA- 10
3.651 1.2 4.7 14.0 13.7 -139.5
 AA0 10-57094034
-9647
-6498
IRS(%) CRS(%) Spread(bp)
1006
12773-144
-50348
1349
800
700900
3000
3000
2200
1400
1100
700
7000.000
12000
8000
4000
0
0
2.995
3.010
3.025
0.000
 0
0
4994
120292.1 -916.1 -138.7 1258.11M
193680.5 -4094.3 -5128.8 14793.4
1D 1W
175865.5 123.8 1654.4
2027-11-01 - 3.5714168.2
61132.5 -11.6 113.1 -12811697180.4 3150.1 214.3
3.382 3.37
2031-05-13 3.831 3.582026-10-30 - 3.53
2027-07-23 3.387 3.39
3.652 3.6
2025-02-23 3.52 3.582024-12-20 3.481 4.18
2029-09-10 - 0.67
3.4 3.37
2026-03-04 3.343 3.352026-01-30 3.328 3.36
2027-01-30 3.44 3.45
3.408 3.382029-05-23 3.284 3.31
2027-10-04 3.327 3.292030-09-09 3.502 3.45
2028-06-27 3.316 3.31▪
▪
▪
2542.36
729.05105.82
116.23
2027-10-292024-11-282025-02-282027-10-08
MMF*
0
0
4 Nov. 2024
27-05-01 3.15 290 2.5            
 25-06-15 3.31 -100 0.6          
25-05-01 3.34 140 0.5            
 25-06-10 2.96 -40 0.6          
26-06-10 2.96 90 1.6            
 27-01-25 3.43 -30 2.2          
26-05-01 3.19 70 1.5            
 32-12-10 3.11 -20 8.1          
34-06-10 3.09 64 9.6            
 28-09-10 3.00 -20 3.9          
654 2.5            -210 1.9          
34-06-10 3.09 117 9.6            
 25-07-02 2.84 -40 0.7          
26-04-02 3.00 60 1.4            
 31-05-13 3.58 -40 6.5          
27-11-01 3.23 60 3.0            
 27-12-10 2.99 -30 3.1          
29-10-31 3.19 60 5.0            
 27-03-10 2.98 -20 2.3          
26-07-02 3.01 50 1.7            
 26-06-10 2.97 -12 1.6          
347 5.1            -142 3.1          
26-05-01 3.21 130 1.5            
 54-03-10 2.93 -37 29.4       
29-03-10 3.02 70 4.4            
 26-12-10 2.96 -30 2.1          
25-11-01 3.40 70 1.0            
 27-01-22 3.37 -30 2.2          
27-06-10 2.94 67 2.6            
 26-09-10 2.98 -30 1.9          
27-11-01 3.57 60 3.0            
 24-12-20 4.18 -25 0.1          
397 2.3            -152 8.4          
27-03-03 2.98 110 2.3            
 27-09-10 2.97 -40 2.9          
25-06-15 3.31 100 0.6            
 44-12-10 3.05 -20 20.1       
25-06-10 2.94 59 0.6            
 37-09-10 3.09 -20 12.9       
26-09-10 2.98 50 1.9            
 43-09-10 3.03 -12 18.9       
25-06-10 2.94 40 0.6            
 28-03-10 2.99 -9 3.4          
359 1.3            -101 10.2       
