0 0
0 0
0 0
0 0
0 0
KR Market
KR Bond(%,bp) YTM 1D 1W 1M
CD91D 3.000 0.0 -15.0 -33.0
2.639 1.4 0.5 -5.4
 2.680 2.722 AAA
2.610 3.0 -0.6 -5.9
 2.730 2.902 AAA
2.570 7.4 10.0 3.5
 2.883 2.905 AAA
2.682 4.7 4.7 6.7
 - - -
2.840 4.6 7.5 15.3
 2.871 2.947 AAA
2.748 3.8 0.9 13.8
 3.112 3.201 AA-
KR Credit(%,bp) YTM 1D 1W 1M
 3.037 3.120 AA-
3.256 5.0 5.0 0.6
 4.025 3.946 A+
3.229 6.4 7.8 3.0
 3.952 3.852 A+
6.570 6.7 7.6 1.2
 3.040 3.143 AA-
KTB Futures(tick)
 1D 1W
KTBF 3Y -18.0 -11.0
 (십억계약,%,년)
LKTBF 10Y -58.0 -60.0
KR Stock(%) Index 1D 1W 1M
KOSPI -0.24 3.02 3.00
KOSDAQ -0.78 1.72 6.21
FX Market(%) Price 1D 1W 1M
1,465.0 0.31 -0.23 2.29
933.7 1.09 -0.15 -1.06
1D(bp) 1D(bp) 1D(bp)
1Y 2.718 5.0 1Y 2.645 2.5
 7.9 3.6
2Y 2.625 4.7 2Y 2.565 4
 1.5 1.8
3Y 2.620 5.0 3Y 2.585 5
 5.0 -2.4
5Y 2.670 6.0 5Y 2.650 6.5
 -1.2 1.3
10Y 2.750 6.3 10Y 2.660 6.5
 -9.0 1.7
US Bond Market
US Bond(%,bp) YTM 1D 1W 1M
UST2Y 4.381 11.7 10.0 22.4
UST5Y 4.575 11.4 16.1 43.9
UST10Y 4.761 7.1 16.1 48.6
UST30Y 4.948 1.6 13.6 46.4
KR Credit Market
 (계약수)
Bond Yield(%, bp) Yield 1D 1W 1M 3M 1Y
2.828 -0.4 -9.0 -17.8 -39.0 -75.3
2.843 5.2 5.6 -1.4 -37.1 -75
2.944 3.9 2.7 4.2 -30.9 -63.8
2.836 -0.9 -8.0 -16.1 -38.5 -75.1 Fund Flow (십억원)
2.883 5.6 6.7 -0.4 -35.7 -81 YTD
3.001 4.4 4.2 6.4 -30.5 -79.9 29,010
3.073 -0.5 -8.0 -14.0 -25.0 -72.1 37,061
3.164 5.0 5.0 0.6 -26.1 -82.6 24,743
3.328 4.0 3.5 6.7 -29.2 -79.7 108,990
3.151 -0.5 -8.0 -13.5 -26.1 -80.4 -10,696
3.256 5.0 5.0 0.6 -26.8 -95.1 *는 T-2일 기준, 펀드는 설정액 및 ETF 제외 기준
3.436 4.0 3.5 6.7 -29.4 -89.1 **는 T-4일 기준
3.849 0.0 -5.5 -12.5 -32.6 -98.2
4.128 5.5 6.0 0.3 -34.0 -97.4
 (십억원)
4.556 4.0 4.0 6.7 -30.4 -74.4
4.566 0.0 -5.5 -12.5 -33.1 -96.2
 AA0 120
4.921 5.5 6.0 0.3 -34.0 -93.9
 AAA 120
5.240 4.0 4.0 6.7 -30.4 -73.4
 AAA 100
5.138 0.0 -5.5 -12.5 -32.6 -95.2
 AA+ 60
5.561 5.5 6.0 0.3 -33.0 -90.4
 A+ 51
5.881 4.0 4.0 6.7 -30.4 -72.6
 AA- 50
3.009 0.3 -2.9 -11.5 -24.2 -72.5 LSELECTRIC185-2 AA- 50
3.063 6.1 7.0 3.1 -30.4 -68.4
 AA- 50
3.104 4.4 3.8 6.0 -30.0 -68.8
 AAA 50
3.041 0.1 -3.8 -10.5 -23.7 -76.6
 AA0 40
3.155 6.5 7.9 3.1 -28.2 -70.7
 AAA 40
3.203 4.4 4.0 6.0 -28.1 -76.9
 AAA 40
3.070 0.2 -3.6 -10.2 -23.0 -77.9
 AAA 40
3.182 6.5 7.9 3.1 -28.5 -72.1
 AAA 40
3.263 4.4 4.0 6.1 -28.2 -77.3
 AAA 40
3.100 0.3 -3.6 -10.1 -23.0 -78.9
 AAA 40
3.229 6.4 7.8 3.0 -28.6 -73.9
 AA- 40
3.368 4.4 4.0 6.4 -27.9 -78
 AA- 40▪
▪
▪
2,515.8
717.9106.8
117.4
2028-10-112027-11-102025-02-182026-01-30
MMF*
0
0
3.250 3.2502027-11-29 2.922 2.950
2027-07-30 3.161 3.1602027-10-01 2.911 2.960
2029-10-04 2.966 3.0102.892 2.890
2027-06-17 2.889 2.9202025-02-14 3.223 3.220
2027-10-29 2.890 2.8903.354 3.450
2025-06-23 3.177 3.0302026-02-23 2.982 3.000
2026-04-28 2.935 2.9303.072 2.960
2025-04-25 3.345 3.3202026-01-19 2.966 2.930
2027-01-08 - 2.870
2025-01-25 3.232 4.5606,214
59,879 0 0 -2,2911,725,583 0 0
-5,168
128,611 393 4,048 5,9051M
200,068 -2,275 27,561 9,196
1D 1W
173,645 424 4,017
0
0
0
0
0
0
0
0
0.000
0
0
0
0
0
0.000
0.000
0.000
0.000
800
800900
5,000
3,000
2,200
1,000
1,000
600
500
13,985-245
-22,553
-903
IRS(%) CRS(%) Spread(bp)
-3,532
7,8371,026
2,2702,960
-1,573
13 Jan. 2025
27-01-09 2.73 400 2.0            
 28-03-10 2.63 -280 3.2          
28-01-09 2.80 80 3.0            
 30-12-10 2.81 -80 5.9          
34-06-10 2.89 69 9.4            
 25-06-10 2.75 -70 0.4          
26-04-09 2.78 70 1.2            
 25-01-14 3.11 -70 0.0          
29-03-10 2.67 50 4.2            
 28-09-10 2.65 -40 3.7          
669 3.0            -540 2.8          
33-12-10 2.92 140 8.9            
 34-06-10 2.89 -157 9.4          
54-09-10 2.71 106 29.7          
 27-06-10 2.62 -70 2.4          
27-07-09 2.80 80 2.5            
 26-03-10 2.58 -60 1.2          
29-01-09 3.10 50 4.0            
 29-09-10 2.64 -36 4.7          
53-03-10 2.70 39 28.2          
 27-06-10 2.57 -34 2.4          
415 14.2          -356 5.5          
26-10-10 2.68 150 1.7            
 27-03-10 2.66 -54 2.2          
25-11-10 2.79 120 0.8            
 34-06-10 2.95 -38 9.4          
27-01-08 3.04 65 2.0            
 26-06-10 2.64 -31 1.4          
29-09-10 2.66 57 4.7            
 33-12-10 2.99 -20 8.9          
25-03-10 2.99 50 0.2            
 26-10-08 2.97 -20 1.7          
442 1.7            -163 4.5          
54-09-10 2.70 141 29.7          
 30-06-10 2.75 -50 5.4          
26-10-10 2.68 140 1.7            
 29-03-10 2.68 -29 4.2          
26-06-10 2.64 90 1.4            
 26-09-10 2.64 -30 1.7          
25-12-10 2.60 50 0.9            
 25-09-10 2.54 -10 0.7          
26-09-10 2.61 30 1.7            
 29-06-10 2.71 -10 4.4          
451 10.3          -129 3.8          
