5y
0 0
0 0
0 0
0 0
KR Market
KR Bond(%,bp) YTM 1D 1W 1M
CD91D 3.600 0.0 1.0 5.0
3.370 1.6 -1.2 -4.8
 3.500 3.590 AAA
3.427 2.7 -3.7 -6.8
 3.460 3.575 AAA
3.407 3.2 -4.5 -7.0
 3.460 3.575 AAA
3.442 3.2 -5.3 -10.8
 2.000 -
3.497 4.2 -5.8 -9.3
 4.100 -
3.453 5.6 -3.7 -3.7
 5.600 7.283 BBB+
KR Credit(%,bp) YTM 1D 1W 1M
 8.000 -
3.966 3.2 -3.5 -7.0 0 ###### 0.000 0.000 0
3.847 2.9 -4.6 -12.3 0 ###### 0.00 0.000 0
7.583 2.0 -7.5 -19.5 0 ###### 0.000 0.000 0
KTB Futures(tick)
 1D 1W
KTBF 3Y -11 12
 (십억계약,%,년)
LKTBF 10Y -45 44
KR Stock(%) Index 1D 1W 1M
KOSPI 0.64 0.55 5.80
KOSDAQ -0.93 -0.86 0.61
FX Market(%) Price 1D 1W 1M
1355.9 0.07 -0.90 -1.90
870.45 0.20 -0.82 -2.77
1D(bp) 1D(bp) 1D(bp)
1Y 3.573 1.00 1Y 3.49 2
 20.3 -0.60
2Y 3.475 2.50 2Y 3.29 1.5
 4.8 -0.20
3Y 3.410 3.50 3Y 3.28 2
 0.3 0.30
5Y 3.368 4.00 5Y 3.24 1
 -7.5 0.80
10Y 3.370 4.25 10Y 3.095 0.5
 -12.7 0.05
US Bond Market
US Bond(%,bp) YTM 1D 1W 1M
UST2Y 4.858 2.3 -1.6 -13.9
UST5Y 4.473 2.2 -4 -20.4
UST10Y 4.449 2.4 -4.2 -17.6
UST30Y 4.588 2.6 -4.5 -12.5
KR Credit Market
 (계약수)
Bond Yield(%, bp) Yield 1D 1W 1M 3M 1Y
3.576 1.7 -0.6 -2.1 -5.7 -14.8
3.579 3.1 -4.1 -4.9 -7.6 -14
3.584 3.2 -5.2 -9.1 -10.2 -15.3
3.623 1.1 -2.1 -0.4 -5.6 -15.1 Fund Flow (십억원)
3.678 3.0 -4.3 -6.9 -11.3 -19.3 YTD
3.769 3.0 -5.9 -13.6 -17.4 -19.9 37071.6
3.735 1.5 -1.0 0.5 0.3 -23.5 15572.1
3.835 3.2 -3.5 -5.3 -15.4 -25.6 8996.6
4.080 3.2 -5.3 -12.1 -18.4 -34.6 13100.4
3.798 1.0 -1.5 -0.3 -9.0 -32 -143.6
3.966 3.2 -3.5 -7.0 -25.3 -35.2 *는 T-2일 기준, 펀드는 설정액 및 ETF 제외 기준
4.233 2.2 -6.3 -13.1 -22.8 -41.7 **는 T-4일 기준
4.754 1.5 -1.0 -3.5 -9.5 -22.2
5.071 3.2 -4.0 -7.5 -14.9 -13.4
 (십억원)
5.372 3.2 -4.8 -10.3 -10.3 -14.2
5.466 1.5 -1.0 -3.5 -8.0 -19.2
 AA- 211.991
5.851 3.2 -4.0 -6.5 -12.7 -11.7
 150.0
6.051 3.2 -4.8 -10.3 -9.8 -14.8 POSCO311-1 AA+ 100.086
6.038 1.5 -1.0 -3.5 -8.0 -22.7
 AA0 80
6.476 3.2 -4.0 -6.5 -12.2 -10.2
 80
6.692 3.2 -4.8 -10.3 -9.8 -14.4
 60
3.655 1.5 -0.1 -3.6 -8.2 -20.2
 AA- 50
3.717 3.2 -4.0 -10.1 -13.7 -20.9
 AA- 40
3.786 3.0 -5.2 -12.7 -15.2 -30.6 SK305-1 AA+ 40
3.679 1.8 0.3 -2.8 -13.5 -26.9
 AA0 40
3.755 3.0 -4.4 -11.6 -21.5 -28.4
 AA0 40
3.902 3.1 -5.4 -14.1 -21.6 -33.1
 AA0 40
3.706 1.7 0.3 -3.7 -14.9 -28.4
 40
3.795 3.0 -4.4 -11.9 -21.7 -28.4
 AAA 35
3.969 3.0 -5.5 -13.8 -21.4 -32.7
 AA0 30
3.736 1.7 0.1 -4.4 -15.9 -29.5
 AA0 30
3.847 2.9 -4.6 -12.3 -22.9 -29.7
 30
4.077 3.0 -5.5 -13.8 -21.7 -33
 AA- 27-133714651
19867
-41
IRS(%) CRS(%) Spread(bp)
-6267
-16751235
16591141
3100
1900-01-00
1900-01-00
1900-01-0050
050
2700
900
600
180
150
0
00.000
23000
0
0
0
0
3.420
0.000
0.000
0.000
0
0
0
0
0
0
4901.3
112864.3 -339.3 333.1 4021.21M
208129.1 1675.6 2008.7 -1492.9
1D 1W
152155.3 369.4 923
2024-08-11 3.685 3.67-869.3
70431.8 -149.1 -675.2 -513.91629693.2 5223.3 5914.8
3.665 3.7
2030-07-26 - 3.582024-12-27 - 5.72
2024-09-13 3.528 3.6
3.671 3.67
2024-12-06 3.626 3.652030-07-26 - 3.41
2025-01-24 3.791 3.78
3.722 3.73
2025-12-01 - 4.82026-07-06 3.704 3.78
2028-10-19 3.703 3.72
4.083 4.062025-02-17 3.647 3.67
2028-12-20 - 5.512024-07-14 3.569 3.75
2025-02-28 3.873 3.8▪
▪
▪
2742.14
847.08104.43
112.51
2027-04-292026-03-062027-04-142027-01-22
MMF*
0
0
21 May. 2024
26-06-10 3.42 90 2.1            
 25-03-10 3.44 -104 0.8          
26-04-02 3.43 90 1.9            
 24-06-10 3.66 -72 0.1          
24-08-20 3.45 90 0.3            
 25-09-10 3.44 -70 1.3          
25-12-10 3.44 60 1.6            
 24-06-01 3.56 -50 0.0          
54-03-10 3.35 56 29.8          
 25-03-10 3.44 -45 0.8          
386 5.5            -341 0.6          
25-09-10 3.44 140 1.3            
 29-12-19 3.80 -30 5.6          
25-03-10 3.44 134 0.8            
 27-12-18 3.54 -20 3.6          
54-03-10 3.36 96 29.8          
 24-08-09 3.86 -20 0.2          
33-12-10 3.50 83 9.6            
 28-10-05 3.53 -10 4.4          
29-03-10 3.44 61 4.8            
 31-12-10 3.50 -10 7.6          
514 8.3            -90 4.0          
26-12-10 3.41 240 2.6            
 24-12-10 3.34 -41 0.6          
29-03-10 3.44 86 4.8            
 28-09-10 3.43 -40 4.3          
24-06-10 3.66 72 0.1            
 25-09-10 3.44 -40 1.3          
24-06-01 3.56 50 0.0            
 33-12-10 3.50 -37 9.6          
27-03-10 3.43 40 2.8            
 24-12-30 3.62 -30 0.6          
488 2.3            -188 3.3          
54-03-10 3.35 105 26.8          
 25-06-10 3.44 -50 0.8          
32-12-10 3.51 20 29.3          
 25-03-10 3.45 -50 0.8          
43-09-10 3.44 10 29.8          
 25-03-10 3.45 -45 1.3          
27-06-10 3.39 3 1.8            
 30-06-10 3.49 -3.3 27.8       
34-06-10 3.47 1 2.8            
 27-03-10 3.43 -2.2 5.6          
45 23.0          -135 3.0          
