3y
91d
5y
3y
0 0
KR Market
KR Bond(%,bp) YTM 1D 1W 1M
CD91D 2.990 -1.0 -5.0 -39.0
2.649 1.0 1.2 -3.5
 3.259 3.295 AA-
2.678 2.3 7.4 1.4
 2.730 2.802 AAA
2.680 3.3 18.0 12.9
 2.760 2.772 AAA
2.782 4.5 13.5 13.2
 2.790 2.804 AAA
2.874 2.9 8.9 16.2
 3.137 3.137 AA+
2.744 1.2 2.0 10.9
 3.044 3.084 AAA
KR Credit(%,bp) YTM 1D 1W 1M
 2.857 2.909 AAA
3.324 1.8 10.8 4.3
 2.910 2.895 AAA
3.328 3.2 15.6 11.4
 2.820 2.819 AAA
6.668 3.0 15.4 9.5
 4.483 5.085 A-
KTB Futures(tick)
 1D 1W
KTBF 3Y -11.0 -48.0
 (십억계약,%,년)
LKTBF 10Y -46.0 -121.0
KR Stock(%) Index 1D 1W 1M
KOSPI -0.02 -0.96 0.31
KOSDAQ -0.90 -1.11 1.87
FX Market(%) Price 1D 1W 1M
1,461.2 -0.14 0.43 1.83
927.9 -0.03 0.55 -0.77
1D(bp) 1D(bp) 1D(bp)
1Y 2.765 1.5 1Y 2.680 -0.5
 11.6 0.5
2Y 2.703 2.5 2Y 2.625 -1
 2.5 0.2
3Y 2.705 2.7 3Y 2.655 -2.5
 2.5 -0.6
5Y 2.758 3.0 5Y 2.695 -2.5
 -2.5 -1.5
10Y 2.833 3.3 10Y 2.705 -2.5
 -4.2 0.4
US Bond Market
US Bond(%,bp) YTM 1D 1W 1M
UST2Y 4.268 -10.1 -1.9 1.3
UST5Y 4.449 -14.9 -1.4 18.9
UST10Y 4.650 -14.4 -4.2 24.8
UST30Y 4.870 -10.7 -6.4 26.9
KR Credit Market
 (계약수)
Bond Yield(%, bp) Yield 1D 1W 1M 3M 1Y
2.819 0.0 -5.4 -18.9 -38.3 -72.7
2.924 2.9 12.8 4.8 -23.4 -66.9
3.025 4.0 10.8 7.9 -17.9 -56.3
2.851 0.9 -2.1 -15.6 -35.1 -70.6 Fund Flow (십억원)
2.973 3.2 13.8 6.4 -21.5 -72.4 YTD
3.085 4.3 11.4 10.9 -17.5 -72.6 29,979
3.048 0.0 -5.5 -17.5 -26.0 -71.4 38,973
3.232 1.8 10.8 4.3 -14.1 -76.8 24,008
3.420 4.0 11.5 11.9 -16.0 -72.3 89,081
3.126 0.0 -5.5 -17.0 -26.6 -79.7 -9,270
3.324 1.8 10.8 4.3 -14.7 -89.8 *는 T-2일 기준, 펀드는 설정액 및 ETF 제외 기준
3.528 4.0 11.5 11.9 -16.2 -81.2 **는 T-4일 기준
3.824 0.0 -4.0 -15.5 -33.1 -97.5
4.206 1.8 12.8 5.8 -20.9 -90.6
 (십억원)
4.648 4.0 12.0 12.4 -17.2 -66.5
4.541 0.0 -4.0 -15.5 -33.6 -95.5
 AA- 620
4.999 1.8 12.8 5.8 -20.9 -87.1 POSCO314-2 AA+ 100
5.332 4.0 12.0 12.4 -17.2 -65.5
 AA0 85
5.113 0.0 -4.0 -15.5 -33.1 -94.5
 AA0 80
5.639 1.8 12.8 5.8 -19.9 -83.6
 AAA 70
5.973 4.0 12.0 12.4 -17.2 -64.7
 A+ 60
3.007 0.9 -1.5 -11.0 -23.9 -69.1
 AA0 50
3.147 2.4 13.3 9.6 -17.6 -60.3
 AA- 50
3.185 3.9 11.2 10.4 -18.4 -62
 AAA 50
3.041 0.9 -1.6 -10.4 -22.1 -73.4
 - 40
3.253 3.1 15.5 11.4 -13.6 -62
 AAA 40
3.282 3.5 10.9 10.4 -16.0 -69.8
 AA- 40
3.070 0.9 -1.5 -10.0 -21.5 -74.6
 AA0 40
3.280 3.1 15.5 11.4 -14.0 -63.5
 - 40
3.344 3.4 11.0 10.6 -15.9 -70.1
 AA- 30
3.101 0.9 -1.3 -9.9 -21.3 -75.5
 AA- 30
3.328 3.2 15.6 11.4 -14.0 -65.3
 A+ 30
3.448 3.4 11.0 10.7 -15.8 -70.8
 AA- 30▪
▪
▪
2,496.8
711.6106.5
116.8
2026-09-182025-04-272025-02-212025-01-24
MMF*
0
3.256 3.1302028-07-05 3.371 3.400
2025-02-06 3.324 3.7402054-10-15 - 5.030
2025-11-21 3.292 3.1403.311 3.380
2029-09-12 3.160 3.1002025-04-11 - 3.600
2026-11-20 2.955 2.9503.398 3.350
2028-03-27 3.045 3.0402026-03-04 3.264 3.260
2025-02-14 3.151 3.4003.259 3.130
2025-04-10 3.109 3.2202028-01-14 3.069 3.100
2025-02-02 3.146 3.410
2028-01-14 - 3.260-12,948
61,306 -856 321 -3951,705,674 -5,521 -8,011
-3,356
127,876 56 139 3,4271M
201,036 2,047 -352 10,786
1D 1W
175,556 723 2,693
0
 0.000
25,000
10,000
22,000
19,800
0
2.625
2.880
2.725
2.760
1,062
9001,500
3,500
3,000
2,000
1,800
1,600
500
500
-6,797499
-8,390
-2,507
IRS(%) CRS(%) Spread(bp)
726
4,5992
1,999-176
4,028
16 Jan. 2025
27-09-03 2.75 590 2.6            
 27-04-07 2.79 -20 2.2          
26-01-15 2.80 180 1.0            
 25-03-12 3.13 -20 0.2          
27-04-15 2.79 160 2.2            
 25-06-09 3.00 -20 0.4          
26-03-03 2.56 150 1.1            
 30-12-10 2.90 -20 5.9          
27-01-15 2.76 150 2.0            
 54-09-10 2.70 -18 29.7       
1,230 2.1            -98 7.2          
33-12-10 3.03 105 8.9            
 34-06-10 3.00 -52 9.4          
29-01-15 3.14 80 4.0            
 26-03-31 2.70 -28 1.2          
26-12-10 2.73 60 1.9            
 28-03-10 2.81 -30 3.2          
26-06-18 2.85 50 1.4            
 25-06-05 2.97 -20 0.4          
27-12-10 2.66 30 2.9            
 34-04-17 3.04 -10 9.3          
325 4.7            -140 5.1          
26-01-15 2.80 100 1.0            
 27-06-10 2.71 -38 2.4          
28-01-14 3.26 95 3.0            
 29-03-10 2.81 -20 4.2          
27-01-09 2.75 50 2.0            
 26-06-10 2.70 -20 1.4          
POSCO314-2 28-01-14 3.10 33 3.0            
 27-03-10 2.73 -20 2.1          
27-12-10 2.67 33 2.9            
 25-10-21 2.89 -20 0.8          
311 2.2            -118 2.2          
33-12-10 3.02 60 8.9            
 25-03-10 2.72 -60 0.1          
54-09-10 2.68 59 29.7          
 26-03-03 2.56 -30 1.1          
26-06-10 2.70 50 1.4            
 27-12-10 2.65 -30 2.9          
30-06-10 2.84 32 5.4            
 25-09-10 2.56 -29 0.7          
26-09-10 2.70 30 1.7            
 51-03-10 2.71 -19 26.2       
231 11.2          -169 3.9          
