10y
91d
0 0
0 0
0 0
KR Market
KR Bond(%,bp) YTM 1D 1W 1M
CD91D 3.510 0.0 5.0 -1.0
3.022 -0.3 -2.2 -20.8
 3.270 3.236 AAA
2.990 0.3 -0.7 -13.3
 - - A
2.922 0.0 -2.3 -15.0
 3.210 3.185 AAA
2.939 0.9 -2.0 -15.6
 3.270 3.259 AAA
2.985 1.0 -1.7 -16.7
 3.220 3.284 AAA
2.967 1.5 -2.3 -13.8
 4.200 -
KR Credit(%,bp) YTM 1D 1W 1M
 3.320 3.259 AAA
3.538 0.5 3.2 -1.2
 5.300 6.833
3.436 0.8 1.0 -8.6
 3.35 3.311 AAA
6.976 0.0 -2.3 -19.9
 3.280 3.227 AAA
KTB Futures(tick)
 1D 1W
KTBF 3Y 0 -3
 (십억계약,%,년)
LKTBF 10Y -6 -6
KR Stock(%) Index 1D 1W 1M
KOSPI -0.85 2.14 -4.33
KOSDAQ -1.13 0.61 -6.18
FX Market(%) Price 1D 1W 1M
1334 -1.74 -2.77 -3.80
913.25 0.47 -1.71 3.33
1D(bp) 1D(bp) 1D(bp)
1Y 3.208 0.50 1Y 2.86 -3.5
 18.6 0.80
2Y 3.000 1.50 2Y 2.73 0
 1.0 1.20
3Y 2.908 1.50 3Y 2.685 0.5
 -1.5 1.50
5Y 2.858 0.75 5Y 2.68 0
 -8.2 -0.15
10Y 2.878 0.50 10Y 2.59 0
 -10.8 -0.50
US Bond Market
US Bond(%,bp) YTM 1D 1W 1M
UST2Y 4.105 14.3 6.5 -31.6
UST5Y 3.808 12.7 -2.1 -26.7
UST10Y 3.939 10.1 -5.2 -22
UST30Y 4.206 7.9 -7.4 -16.8
KR Credit Market
 (계약수)
Bond Yield(%, bp) Yield 1D 1W 1M 3M 1Y
3.264 0.5 2.0 -9.7 -31.4 -52.9
3.159 0.5 1.4 -6.5 -42.3 -89.8
3.155 0.9 0.1 -10.0 -43.2 -97.3
3.316 0.5 3.0 -2.5 -30.8 -54.7 Fund Flow (십억원)
3.211 0.0 0.3 -11.1 -47.2 -97.9 YTD
3.215 0.7 -0.9 -13.2 -55.6 -113.1 26036.6
3.433 1.0 3.0 -7.0 -30.2 -67.7 32690.7
3.424 0.5 3.2 -3.4 -41.6 -110.4 12590.2
3.539 0.7 0.7 -11.3 -54.4 -121.1 38841.5
3.500 1.0 4.0 -5.8 -29.8 -78.7 -3791.6
3.538 0.5 3.2 -1.2 -43.3 -124 *는 T-2일 기준, 펀드는 설정액 및 ETF 제외 기준
3.662 0.7 0.7 -11.8 -57.4 -129.5 **는 T-4일 기준
4.378 0.0 -0.5 -14.0 -37.6 -70.3
4.544 0.0 -1.3 -9.7 -53.2 -103.8
 (십억원)
4.800 0.7 -2.3 -14.8 -57.5 -109.8
5.100 0.0 -0.5 -14.0 -36.6 -67.3
 AA- 150
5.337 0.0 -1.3 -9.7 -51.9 -99.8
 120
5.484 0.7 -2.3 -14.8 -57.0 -108.3
 90
5.667 0.0 -0.5 -14.0 -37.1 -68.3
 AAA 80
5.967 0.0 -1.3 -9.7 -51.4 -97.3
 AA- 60
6.125 0.7 -2.3 -14.8 -57.0 -107.5
 AA0 50
3.296 0.7 1.1 -16.4 -36.0 -68
 A+ 50
3.292 0.7 -0.6 -11.5 -43.0 -95.2
 AA+ 50
3.301 1.7 -0.3 -12.0 -48.8 -114
 AA0 40
3.315 0.8 1.2 -16.9 -36.8 -75.3
 AAA 40
3.353 0.8 0.7 -9.1 -40.5 -104
 AAA 40
3.377 1.4 0.8 -10.8 -52.6 -123.1
 A0 40
3.336 0.9 1.2 -17.0 -37.5 -77.6
 39
3.390 0.7 0.6 -9.0 -40.6 -103.8
 39
3.441 1.4 0.7 -10.9 -53.0 -122.8
 AA+ 30
3.365 0.8 1.2 -16.9 -37.4 -78.3
 BBB+ 30
3.436 0.8 1.0 -8.6 -41.1 -105.5
 AA- 20
3.545 1.4 0.8 -11.0 -53.4 -123.4
 A0 20-5000-2965
2649
2421
IRS(%) CRS(%) Spread(bp)
-1259
-2216625
4132003
4176
300
300500
4000
2700
2000
1100
700
200
2000.000
20000
5000
0
0
0
2.980
3.140
0.000
0.000
0
0
0
0
11467.4
116457.9 1011.2 2927.2 -3858.11M
197094.1 -410.9 -8091.5 -14378
1D 1W
169273.9 270.3 1170.7
2025-02-19 - 4.26536.6
66783.8 -2780.4 -3549.4 -1440.81655434.3 -2558 415.2
3.171 3.23
4.895 4.922030-07-26 - 3.6
2031-06-10 - 3.73
3.506 3.53
2027-01-22 3.398 3.432024-12-06 3.664 3.52
2024-09-03 3.475 3.64
3.641 3.72
2026-05-14 - 1.622028-02-17 3.195 3.22
2030-02-26 3.171 3.22
3.632 4.922026-08-19 - 5.3
2025-04-11 3.54 4.162026-05-14 - 1.48
2027-01-25 3.451 3.48▪
▪
▪
2674.36
777.47105.95
117.29
2025-04-112025-01-302025-02-072031-01-15
MMF*
0
0
20 Aug. 2024
26-02-19 3.27 350 1.5            
 26-04-02 3.04 -130 1.6          
26-08-19 3.21 110 2.0            
 34-06-10 2.98 -118 9.8          
26-02-19 3.27 100 1.5            
 25-03-10 3.09 -80 0.6          
24-11-19 3.17 70 0.3            
 27-03-03 3.02 -40 2.5          
27-03-10 2.97 60 2.6            
 31-06-10 3.00 -20 6.8          
690 1.5            -388 4.3          
34-06-10 2.99 144 9.8            
 33-12-10 3.00 -31 9.3          
25-03-10 3.11 60 0.6            
 99-12-31 3.51 -30 7,980.7   
54-03-10 2.87 39 29.6          
 26-12-10 2.96 -11 2.3          
43-09-10 2.97 27 19.1          
 33-12-10 3.04 -14 9.3          
72-09-10 2.68 100 48.1          
 26-01-09 3.50 -10 1.4          
371 21.4          -96 2,511.8  
27-06-10 2.94 87 2.8            
 25-07-02 3.05 -110 0.9          
42-09-10 2.98 52 18.1          
 54-03-10 2.85 -50 29.6       
29-03-10 2.94 20 4.6            
 26-12-10 2.98 -40 2.3          
24-09-05 3.50 20 0.0            
 34-06-10 2.99 -26 9.8          
25-08-13 3.55 20 1.0            
 54-03-10 2.86 -23 29.6       
199 6.5            -249 10.5       
24-11-19 3.16 370 0.3            
 25-03-10 3.12 -80 0.6          
27-03-10 2.97 100 2.6            
 52-09-10 3.17 -10 28.1       
26-12-10 2.98 60 2.3            
 31-12-10 3.00 -0.7 7.3          
27-03-03 3.00 50 2.5            
 52-09-10 2.89 -0.5 28.1       
25-06-10 3.05 50 0.8            
 27-03-10 2.96 -0.3 2.6          
630 1.0            -92 3.8          
