10Y
91d
3Y
0 0
0 0
KR Market
KR Bond(%,bp) YTM 1D 1W 1M
CD91D 3.390 1.0 8.0 -5.0
2.683 1.7 -0.6 -15.8
 2.980 2.960
2.705 5.5 3.5 -23.5
 -2.966 AAA
2.600 6.0 5.3 -28.7
 4.400 - AAA
2.730 7.5 10.0 -20.5
 7.850 - BBB0
2.810 7.5 11.0 -22.5
 5.050 5.977
2.752 4.2 15.4 -23.1
 -2.930 AAA
KR Credit(%,bp) YTM 1D 1W 1M
 1.000 - AAA
3.336 5.5 6.6 -14.1
 3.030 3.022 AAA
3.268 5.2 5.7 -18.0
 3.340 3.303 AA-
6.623 5.6 5.3 -22.3
 -2.930 AAA
KTB Futures(tick)
 1D 1W
KTBF 3Y -23.0 7.0
 (십억계약,%,년)
LKTBF 10Y -86.0 -126.0
KR Stock(%) Index 1D 1W 1M
KOSPI -1.95 -1.86 -1.46
KOSDAQ -1.89 0.15 -0.26
FX Market(%) Price 1D 1W 1M
1,451.9 1.14 1.40 4.39
921.7 -1.64 -1.73 1.62
1D(bp) 1D(bp) 1D(bp)
1Y 2.835 3.8 1Y 2.680 3
 15.2 2.1
2Y 2.700 6.8 2Y 2.560 6
 -0.5 1.3
3Y 2.650 7.2 3Y 2.555 5.5
 5.0 1.2
5Y 2.643 7.3 5Y 2.515 5.5
 -8.7 -0.2
10Y 2.685 6.7 10Y 2.540 5.5
 -12.5 -0.8
US Bond Market
US Bond(%,bp) YTM 1D 1W 1M
UST2Y 4.314 -4.7 11.9 2.9
UST5Y 4.412 0.7 22.8 14.8
UST10Y 4.563 4.5 23.4 16.2
UST30Y 4.748 6.9 20.1 16.4
KR Credit Market
 (계약수)
Bond Yield(%, bp) Yield 1D 1W 1M 3M 1Y
3.019 1.8 1.6 -19.7 -20.2 -71.2
2.930 5.9 6.2 -21.6 -17.8 -66.5
3.027 7.3 10.2 -15.5 -10.8 -54.7
3.022 2.0 2.6 -22.8 -21.6 -73.5 Fund Flow (십억원)
2.963 5.9 6.2 -21.1 -17.4 -74.2 YTD
3.057 7.3 10.4 -18.3 -13.3 -73.8 19,033
3.238 2.0 2.0 -11.7 -11.0 -65.6 42,468
3.244 5.5 6.6 -13.9 -10.2 -71.8 21,263
3.388 7.2 11.2 -17.0 -12.7 -72.5 96,993
3.316 2.5 2.5 -11.5 -12.4 -73.9 -10,058
3.336 5.5 6.6 -14.1 -12.4 -83.1 *는 T-2일 기준, 펀드는 설정액 및 ETF 제외 기준
3.496 7.2 11.2 -17.0 -13.7 -82.4 **는 T-4일 기준
3.994 2.0 1.5 -14.8 -21.4 -92.2
4.203 5.5 5.8 -17.6 -20.1 -88.4
 (십억원)
4.611 7.2 10.7 -18.5 -14.7 -68.2
4.711 2.0 1.5 -14.8 -21.9 -90.2
 AA- 140
4.996 5.5 5.8 -17.6 -20.1 -84.9
 - 45
5.295 7.2 10.7 -18.5 -14.7 -67.2
 AA0 41
5.283 2.0 1.5 -14.8 -21.4 -89.2 SK296-2 AA+ 40
5.636 5.5 5.8 -17.1 -19.1 -80.9
 AA- 30
5.936 7.2 10.7 -18.5 -14.7 -66.4
 AA+ 30
3.126 1.9 0.5 -13.7 -12.7 -72.4
 AA0 30
3.108 5.5 6.3 -19.5 -16.3 -64.8
 AAA 30
3.166 7.5 10.7 -18.0 -12.6 -63.7
 AA+ 30
3.158 2.0 1.2 -12.5 -11.7 -75.5
 AA- 30
3.192 5.3 5.6 -18.1 -14.7 -66.2
 AAA 20
3.264 7.6 10.8 -16.2 -10.4 -70.8
 AA+ 20
3.184 2.0 1.2 -12.5 -11.3 -77
 AA0 20
3.219 5.3 5.6 -18.1 -15.5 -67.6
 AA- 20
3.325 7.7 11.0 -16.0 -10.8 -71 S-Oil59-2 AA0 20
3.213 2.0 1.2 -12.5 -11.3 -78.1
 A+ 12
3.268 5.2 5.7 -18.0 -15.4 -69.2
 AA- 5
3.429 7.6 11.1 -15.9 -10.8 -71.7
 - 5▪
▪
▪
2,435.9
684.4106.9
118.0
2028-06-212026-09-112026-05-272026-06-04
MMF*
0
0
3.364 4.352099-12-31 4.986 4.92
2025-01-17 3.32 3.62026-11-27 3.302 3.32
2030-06-19 3.094 3.163.242 3.26
2025-01-24 3.407 3.742025-03-17 3.59 3.67
2027-09-06 3.147 3.22.956 3.04
2025-05-27 3.278 3.372026-02-06 3.16 3.19
2027-01-25 3.065 3.073.053 3.13
2026-10-08 3.207 3.252031-06-10 - 2.75
2025-01-30 3.49 3.66
2027-12-17 - 3.397,976
60,518 -529 -1,565 1,5681,713,586 -7,998 172
2,481
125,131 256 2,001 6,6521M
190,091 587 -606 -12,396
1D 1W
179,051 14 296
0
0
 0.000
2,000
5,000
8,000
0
0
2.665
2.950
2.720
0.000
1,200
1,0001,600
3,000
2,800
2,000
2,000
2,000
1,000
800
-59,44113,608
58,325
-20,715
IRS(%) CRS(%) Spread(bp)
6,315
7,115-132
-9251,001
-4,119
20 Dec. 2024
26-12-19 2.90 170 2.0            
 25-04-02 2.83 -30 0.3          
26-10-02 2.71 110 1.8            
 30-06-10 2.89 -30 5.5          
27-06-10 2.67 100 2.5            
 26-08-26 2.91 -20 1.7          
26-07-02 2.74 100 1.5            
 25-03-11 3.48 -20 0.2          
26-06-10 2.74 100 1.5            
 25-09-10 2.61 -20 0.7          
580 1.9            -120 1.9          
34-06-10 2.93 235 9.5            
 26-07-02 2.74 -120 1.5          
33-12-10 2.96 205 9.0            
 27-03-10 2.74 -70 2.2          
54-09-10 2.69 214 29.7          
 40-09-10 2.85 -40 15.7       
54-12-19 2.76 80 30.0          
 29-09-10 2.74 -19 4.7          
27-12-17 3.39 40 3.0            
 31-06-10 2.93 -20 6.5          
774 16.7          -269 4.4          
27-06-10 2.67 144 2.5            
 26-10-02 2.71 -90 1.8          
26-12-19 2.90 100 2.0            
 25-07-19 3.24 -50 0.6          
29-09-10 2.73 76 4.7            
 25-12-10 2.69 -20 1.0          
25-12-19 3.20 60 1.0            
 26-04-02 2.72 -20 1.3          
34-12-10 2.81 54 10.0          
 26-06-10 2.74 -20 1.5          
434 3.5            -200 1.3          
26-06-10 2.73 110 1.5            
 26-12-10 2.74 -29 2.0          
30-06-10 2.86 31 5.5            
 52-03-10 2.70 -10 27.2       
54-09-10 2.68 16 29.7          
 51-03-10 2.46 -11 26.2       
27-09-10 2.73 10 2.7            
 25-12-10 2.72 -2 1.0          
26-06-10 2.73 10 1.5            
 27-12-10 2.75 -2 3.0          
177 4.8            -53 11.6       
