5y
20y
0 0
0 0
0 0
KR Market
KR Bond(%,bp) YTM 1D 1W 1M
CD91D 3.510 -1.0 -3.0 -9.0
3.204 -2.3 0.8 -14.1
 3.484 3.537 AA-
3.098 -3.4 -1.2 -15.7
 3.220 3.322 AAA
3.045 -4.2 -0.8 -14.7
 3.260 3.267 AAA
3.074 -3.8 0.0 -13.8
 3.220 3.218 AAA
3.132 -4.0 -0.8 -13.0
 3.270 3.242 AAA
3.087 -3.0 -1.5 -15.3
 3.472 - AA
KR Credit(%,bp) YTM 1D 1W 1M
 3.260 3.267 AAA
3.530 -3.5 -1.0 -17.3
 3.593 3.671 AA-
3.492 -4.6 -1.3 -16.5
 3.29 - AAA
7.141 -4.3 -2.0 -19.1
 3.408 - AA
KTB Futures(tick)
 1D 1W
KTBF 3Y 12 2
 (십억계약,%,년)
LKTBF 10Y 39 -2
KR Stock(%) Index 1D 1W 1M
KOSPI -0.56 -2.97 -0.22
KOSDAQ 0.26 -1.83 -3.24
FX Market(%) Price 1D 1W 1M
1383.8 -0.17 0.17 -0.37
890.78 0.18 0.88 2.47
1D(bp) 1D(bp) 1D(bp)
1Y 3.283 -2.00 1Y 3.165 -2.5
 7.9 0.30
2Y 3.095 -4.00 2Y 2.92 -4
 -0.3 -0.60
3Y 3.030 -3.75 3Y 2.855 -4.5
 -1.5 0.45
5Y 2.995 -4.50 5Y 2.855 -4.5
 -7.9 -0.70
10Y 3.030 -4.50 10Y 2.765 -5.5
 -10.2 -0.50
US Bond Market
US Bond(%,bp) YTM 1D 1W 1M
UST2Y 4.432 -5.9 -0.8 -30.2
UST5Y 4.175 1 9.6 -8.7
UST10Y 4.287 3.5 12.8 5
UST30Y 4.544 5.9 16.8 17.7
KR Credit Market
 (계약수)
Bond Yield(%, bp) Yield 1D 1W 1M 3M 1Y
3.336 -2.1 -0.2 -18.1 -28.2 -47.1
3.214 -2.8 0.7 -16.4 -48.5 -80.2
3.237 -3.6 0.2 -13.9 -51.7 -78.9
3.332 -1.4 1.6 -18.3 -34.1 -51.5 Fund Flow (십억원)
3.295 -4.0 -0.8 -15.1 -51.4 -85.6 YTD
3.325 -3.8 -0.1 -14.9 -64.9 -89.4 33858.8
3.483 -1.7 1.0 -15.2 -27.5 -65.4 28979.7
3.441 -3.5 -0.7 -15.7 -50.2 -100 15351.4
3.632 -3.7 -0.8 -16.2 -63.4 -97.6 39856.4
3.535 -1.7 0.7 -14.8 -29.6 -76.7 -1126.2
3.530 -3.5 -1.0 -17.3 -55.9 -114.4 *는 T-2일 기준, 펀드는 설정액 및 ETF 제외 기준
3.760 -3.7 -0.8 -17.0 -66.9 -103.8 **는 T-4일 기준
4.488 -2.2 0.5 -14.1 -32.4 -59.3
4.614 -4.2 -1.0 -17.1 -59.0 -88.6
 (십억원)
4.928 -3.7 0.0 -14.9 -62.2 -81.1
5.210 -2.2 0.5 -14.1 -31.4 -56.8
 AAA 110
5.407 -4.2 -1.0 -17.1 -56.7 -84.6
 AA- 100
5.612 -3.7 0.0 -14.9 -61.7 -80.2
 AAA 90
5.777 -2.2 0.5 -14.6 -31.9 -57.8
 85
6.037 -4.2 -1.0 -16.6 -56.2 -82.1
 60
6.253 -3.7 0.0 -14.9 -61.7 -79.3
 AA0 50
3.436 -2.2 0.5 -15.1 -27.0 -54.7
 AA0 50
3.377 -4.0 -1.2 -14.8 -48.7 -80.8
 AA+ 50
3.403 -3.8 0.1 -12.8 -58.0 -91.4
 BBB+ 43
3.457 -2.4 0.5 -15.3 -26.1 -61.9
 AA0 40
3.414 -4.6 -1.1 -15.8 -49.4 -91
 AA0 40
3.464 -3.8 -0.7 -15.7 -64.2 -101.1
 AAA 40
3.479 -2.4 0.3 -15.2 -27.2 -63.9
 AA- 40
3.450 -4.5 -1.2 -16.3 -50.0 -91.4
 AA0 40
3.529 -3.8 -0.7 -16.0 -64.2 -101
 AAA 40
3.506 -2.4 0.4 -15.4 -28.1 -64.7 SK297-1 AA+ 30
3.492 -4.6 -1.3 -16.5 -51.6 -93.3
 AAA 30
3.633 -3.8 -0.8 -16.7 -64.6 -101.3
 AAA 30▪
▪
▪
2758.71
814.25105.59
115.90
2025-03-052025-08-272024-10-222028-12-20
MMF*
0
0
3.408 3.432024-09-13 3.411 3.34
2027-07-22 3.27 3.282027-02-25 3.349 3.33
2024-09-27 3.401 3.473.397 3.36
2027-04-23 3.608 3.562025-02-14 3.519 3.5
2025-02-28 3.693 3.643.555 3.52
2054-07-24 - 6.672027-03-18 3.542 3.47
2027-01-25 3.549 3.51- 4.29
2028-04-21 - 5.392027-07-23 - 3.49
2026-07-24 - 3.32
2025-06-25 3.406 3.4312744.5
69449.2 1373.4 396.4 -1869.31656449.2 5907.4 9270
11091.9
119219.1 458.1 -1300 3003.21M
204916.3 -1273.3 -4515.3 9197.3
1D 1W
165562.9 185.3 7756.4
0
0
0
0
0.000
11000
5000
0
0
0
3.110
3.085
0.000
0.000
1500
12001900
4800
3200
3100
3000
2000
1100
1100
12770-5750
-7667
5324
IRS(%) CRS(%) Spread(bp)
729
309624
-499799
-2172
25Jul. 2024
24-08-22 3.48 270 0.1            
 26-03-10 3.13 -180 1.6          
27-01-24 3.22 220 2.5            
 28-09-10 3.10 -150 4.1          
25-07-24 3.32 170 1.0            
 26-01-02 3.18 -90 1.4          
26-01-24 3.25 80 1.5            
 25-01-26 3.36 -90 0.5          
26-07-24 3.32 50 2.0            
 25-12-10 3.15 -70 1.4          
790 1.2            -580 2.0          
27-07-24 3.27 150 3.0            
 24-09-10 3.25 -90 0.1          
26-07-24 3.26 80 2.0            
 26-03-10 3.11 -60 1.6          
54-03-10 3.02 53 29.6          
 26-03-10 3.13 -60 1.6          
44-07-24 3.90 50 20.0          
 27-12-10 3.10 -40 3.4          
33-12-10 3.17 37 9.4            
 29-03-10 3.09 -29 4.6          
370 9.5            -279 1.7          
24-08-22 3.48 185 0.1            
 42-09-10 3.12 -60 18.1       
26-07-24 3.26 100 2.0            
 25-03-11 3.42 -50 0.6          
25-03-22 3.39 100 0.7            
 52-03-10 3.02 -30 27.6       
27-07-24 3.29 60 3.0            
 27-06-10 3.07 -26 2.9          
26-07-24 3.26 50 2.0            
 28-03-10 3.11 -22 3.6          
495 1.1            -188 11.2       
24-08-22 3.49 140 0.1            
 25-09-10 3.18 -1 1.1          
27-06-10 3.04 100 2.9            
 26-09-10 3.09 0 2.1          
26-03-10 3.13 50 1.6            
 31-12-10 3.14 -0.2 7.4          
27-03-03 3.13 30 2.6            
 53-03-10 3.02 -0.2 28.6       
32-06-10 3.17 20 7.9            
 27-06-10 3.04 -0.2 2.9          
340 1.8            -1 5.7          
