3Y
91d
0 0
0 0
0 0
KR Market
KR Bond(%,bp) YTM 1D 1W 1M
CD91D 3.510 0.0 -1.0 4.0
2.932 -2.2 -9.6 -11.5
 3.150 3.216
2.958 1.3 -9.2 -3.2
 3.315 3.357 AA+
2.895 1.5 -9.7 -4.5
 -3.164 AAA
2.960 3.0 -9.2 0.3
 3.220 3.232 AAA
3.030 4.3 -9.5 1.8
 -3.193 AAA
3.045 3.5 -8.0 4.5
 -3.184 AAA
KR Credit(%,bp) YTM 1D 1W 1M
 3.328 3.383 AA+
3.563 1.0 -8.8 6.2
 3.280 3.281 AAA
3.467 1.5 -8.7 4.9
 3.28 3.281 AAA
6.939 1.5 -10.7 -5.5
 4.650 5.949 A+
KTB Futures(tick)
 1D 1W
KTBF 3Y -7 23
 (십억계약,%,년)
LKTBF 10Y -40 69
KR Stock(%) Index 1D 1W 1M
KOSPI -0.33 -5.41 -2.03
KOSDAQ 1.11 -7.12 -6.54
FX Market(%) Price 1D 1W 1M
1339.8 0.92 0.10 -1.82
935.6 -0.30 2.54 0.88
1D(bp) 1D(bp) 1D(bp)
1Y 3.158 0.50 1Y 2.83 -1
 22.6 2.70
2Y 2.940 1.50 2Y 2.655 -1
 -1.8 0.20
3Y 2.858 2.00 3Y 2.64 1
 -3.8 0.50
5Y 2.818 3.00 5Y 2.67 1
 -14.3 0.00
10Y 2.850 4.00 10Y 2.625 2.5
 -18.0 -0.30
US Bond Market
US Bond(%,bp) YTM 1D 1W 1M
UST2Y 3.671 2.3 -25 -38.6
UST5Y 3.489 0.1 -21.5 -30.9
UST10Y 3.701 -0.9 -20.4 -24.1
UST30Y 4.002 -1.8 -19.4 -21.9
KR Credit Market
 (계약수)
Bond Yield(%, bp) Yield 1D 1W 1M 3M 1Y
3.262 -1.9 -6.6 2.4 -29.9 -59.4
3.164 1.3 -8.2 2.5 -34.0 -96.3
3.184 2.9 -8.8 3.2 -31.6 -96.9
3.288 -1.6 -8.0 0.8 -29.5 -65.6 Fund Flow (십억원)
3.193 1.4 -9.4 -1.0 -39.8 -106.9 YTD
3.240 2.9 -8.9 1.7 -40.8 -112.4 23178.2
3.418 -1.5 -7.2 2.0 -28.7 -70.9 35074.8
3.449 1.0 -8.8 6.2 -30.9 -114.7 10454.4
3.580 3.0 -9.2 5.1 -38.4 -120.3 53703.6
3.505 -1.5 -7.2 5.0 -24.8 -80 -5873.8
3.563 1.0 -8.8 6.2 -31.1 -128.8 *는 T-2일 기준, 펀드는 설정액 및 ETF 제외 기준
3.698 3.0 -9.2 4.6 -40.5 -129.2 **는 T-4일 기준
4.273 -2.5 -9.7 -11.0 -43.6 -83.6
4.507 1.5 -9.7 -4.5 -45.4 -114.3
 (십억원)
4.823 3.0 -9.2 0.3 -42.4 -110.8
4.995 -2.5 -9.7 -11.0 -43.6 -80.6
 A- 40
5.300 1.5 -9.7 -4.5 -44.6 -110.3
 AA0 30
5.507 3.0 -9.2 0.3 -42.4 -109.3 SK292-2 AA+ 30
5.562 -2.5 -9.7 -11.0 -44.1 -80.1
 AA0 30
5.930 1.5 -9.7 -4.5 -44.1 -107.3
 AA- 30
6.148 3.0 -9.2 0.3 -42.4 -108.5
 AAA 30
3.283 -0.9 -6.2 -0.2 -36.4 -74
 AA0 30
3.308 1.3 -7.9 1.5 -35.7 -98.5
 AA- 30
3.339 2.9 -7.9 4.0 -33.9 -111.1
 AA+ 30
3.316 -1.1 -5.8 1.4 -34.5 -79.9
 AA+ 30
3.383 1.5 -8.7 4.5 -30.5 -106.9
 AA- 30
3.426 2.9 -8.1 6.0 -35.5 -119.5
 A+ 30
3.337 -1.1 -5.8 1.4 -34.7 -82.2
 A- 21
3.421 1.5 -8.7 4.6 -30.5 -106.6
 AAA 20
3.490 2.9 -8.1 6.0 -36.0 -119.2
 AA+ 20
3.366 -1.1 -5.8 1.4 -34.7 -82.9
 AA+ 20
3.467 1.5 -8.7 4.9 -30.5 -108.2
 AAA 20
3.595 2.9 -8.1 6.1 -36.7 -119.7
 AAA 20▪
▪
▪
2535.93
714.46105.88
116.59
2025-11-062025-04-072027-01-112025-09-25
MMF*
0
0
3.256 3.282025-09-19 3.413 3.43
2026-04-29 3.252 3.292026-09-20 3.178 3.23
2026-04-23 3.385 3.433.603 3.59
2026-03-09 - 5.992026-01-30 3.376 3.41
2027-01-24 3.331 3.343.459 3.47
2026-03-04 3.379 3.412028-05-22 3.248 3.27
2026-04-28 3.678 3.73.292 3.31
2025-02-25 3.61 3.592025-10-27 3.352 3.37
2025-06-03 3.335 3.36
2026-09-09 - 6.0415277.3
64701.6 0 -232.7 -5631.61670296.4 0 4634.1
2881.8
114322.1 -918.3 -3474 -122.81M
194235.7 -2780.8 -1188.8 -6939
1D 1W
171658 249.0 1017.1
0
0
0
0
0.000
16000
8000
0
0
0
2.875
3.150
0.000
0.000
1700
15002000
8000
3300
3000
2100
2000
1500
1400
14973-6449
-21865
4997
IRS(%) CRS(%) Spread(bp)
1637
9145-718
-126-29
-1976
10 Sep. 2024
25-09-06 3.30 400 1.8            
 28-06-10 0.72 -21 4.8          
25-09-10 2.95 270 9.8            
 25-06-10 3.02 -20 2.3          
54-03-10 2.94 102 29.5          
 25-09-12 3.30 -10 1.0          
34-06-10 3.01 100 5.0            
 30-12-10 3.00 -2 30.0       
26-03-10 3.02 100 7.8            
 51-03-10 2.96 0 8.3          
438 8.8            -230 7.6          
25-09-06 3.30 400 1.5            
 28-06-10 0.72 -21 1.0          
25-09-10 2.95 270 3.0            
 25-06-10 3.02 -20 29.5       
54-03-10 2.94 102 20.0          
 25-09-12 3.30 -10 3.7          
34-06-10 3.01 100 30.0          
 30-12-10 3.00 -2 29.0       
26-03-10 3.02 100 3.0            
 51-03-10 2.96 0 4.5          
409 11.0          -261 8.3          
25-09-06 3.30 400 1.5            
 28-06-10 0.72 -21 29.5       
25-09-10 2.95 270 1.0            
 25-06-10 3.02 -20 2.8          
54-03-10 2.94 102 3.0            
 25-09-12 3.30 -10 0.1          
34-06-10 3.01 100 1.5            
 30-12-10 3.00 -2 9.8          
26-03-10 3.02 100 1.2            
 51-03-10 2.96 0 1.8          
377 1.7            -207 10.6       
25-09-06 3.30 400 1.0            
 28-06-10 0.72 -21 3.8          
25-09-10 2.95 270 1.0            
 25-06-10 3.02 -20 0.8          
54-03-10 2.94 102 29.5          
 25-09-12 3.30 -10.0 1.0          
34-06-10 3.01 100 9.8            
 30-12-10 3.00 -1.6 6.3          
26-03-10 3.02 100 1.5            
 51-03-10 2.96 -0.5 26.5       
973 5.0            -53 2.4          
