3Y
91d
2Y
0 0
0 0
KR Market
KR Bond(%,bp) YTM 1D 1W 1M
CD91D 3.300 2.0 2.0 -13.0
2.693 -0.2 0.1 -13.4
 2.905 3.013 AAA
2.657 0.7 -0.1 -26.8
 3.067 3.102 AA+
2.516 -5.8 -6.9 -36.6
 2.918 3.009 AAA
2.582 1.0 -1.8 -35.5
 3.045 3.075 AA+
2.640 -3.2 -7.2 -39.7
 3.078 3.233 AA-
2.567 0.2 -7.8 -42.1
 3.058 3.086 AA+
KR Credit(%,bp) YTM 1D 1W 1M
 2.963 3.272 AAA
3.222 0.5 1.0 -25.5
 3.086 3.236 AA-
3.175 0.4 -0.6 -27.5
 3.089 3.220 AA-
6.540 0.4 -0.4 -30.9
 3.070 3.225 AA-
KTB Futures(tick)
 1D 1W
KTBF 3Y -3.0 11.0
 (십억계약,%,년)
LKTBF 10Y -35.0 60.0
KR Stock(%) Index 1D 1W 1M
KOSPI 2.43 -3.29 -5.60
KOSDAQ 5.52 -4.23 -11.00
FX Market(%) Price 1D 1W 1M
1,426.9 -0.70 1.71 2.92
945.5 -0.90 -0.38 3.15
1D(bp) 1D(bp) 1D(bp)
1Y 2.783 0.5 1Y 2.555 5.5
 9.0 0.7
2Y 2.593 0.0 2Y 2.395 3.5
 -6.5 -0.7
3Y 2.538 0.2 3Y 2.355 3.5
 2.2 6.0
5Y 2.520 1.3 5Y 2.305 3
 -6.2 0.3
10Y 2.558 2.3 10Y 2.330 2.5
 -8.3 5.5
US Bond Market
US Bond(%,bp) YTM 1D 1W 1M
UST2Y 4.139 1.2 -4.3 -11.7
UST5Y 4.093 1.7 -2.0 -10.0
UST10Y 4.221 1.5 -0.6 -8.6
UST30Y 4.412 2.3 0.8 -5.9
KR Credit Market
 (계약수)
Bond Yield(%, bp) Yield 1D 1W 1M 3M 1Y
3.007 0.1 0.5 -18.0 -20.8 -88.3
2.838 0.3 -1.4 -29.8 -24.7 -99.4
2.871 1.3 -0.7 -31.3 -23.5 -96.3
2.993 0.0 -0.5 -24.0 -25.3 -91.9 Fund Flow (십억원)
2.868 0.0 -1.0 -30.4 -24.9 -108.1 YTD
2.902 1.0 -1.4 -33.9 -26.2 -116.3 22,496
3.206 0.0 1.0 -13.1 -17.2 -82.8 42,110
3.130 0.5 1.0 -25.1 -23.4 -108.2 18,257
3.228 1.5 -0.8 -33.2 -28.2 -116 95,431
3.279 0.0 1.0 -13.7 -19.1 -92.3 -10,548
3.222 0.5 1.0 -25.5 -25.6 -121 *는 T-2일 기준, 펀드는 설정액 및 ETF 제외 기준
3.336 1.5 -0.8 -33.2 -29.2 -125.9 **는 T-4일 기준
3.972 0.0 1.0 -16.3 -26.6 -107.9
4.097 0.5 1.0 -29.0 -32.5 -123
 (십억원)
4.456 1.5 -0.8 -34.2 -29.7 -110.7
4.689 0.0 1.0 -16.3 -27.1 -105.9
 - 70
4.890 0.5 1.0 -29.0 -32.5 -119.5
 AA0 40
5.140 1.5 -0.8 -34.2 -29.7 -109.7
 - 40
5.261 0.0 1.0 -16.3 -26.6 -104.9
 AAA 30
5.530 0.5 1.0 -28.5 -31.5 -115.5
 AA- 30
5.781 1.5 -0.8 -34.2 -29.7 -108.9
 A+ 22
3.122 -0.2 -0.7 -11.3 -12.7 -87.2
 AAA 20
3.013 0.1 -0.7 -28.4 -22.7 -96.9
 AAA 20
3.009 1.2 -1.2 -33.5 -25.5 -106.1
 A+ 20
3.146 -0.3 0.1 -11.3 -12.6 -91.4
 - 20
3.100 0.4 -0.5 -27.2 -21.5 -99.4
 - 20
3.106 1.2 -0.9 -31.8 -24.0 -113.5
 AAA 20
3.172 -0.1 0.3 -11.1 -12.1 -92.8
 AAA 20
3.128 0.4 -0.4 -27.4 -22.4 -100.6
 AA- 20
3.165 1.2 -0.9 -32.0 -24.5 -113.9
 AA- 20
3.201 -0.1 0.2 -11.1 -12.1 -93.7
 AA0 10
3.175 0.4 -0.6 -27.5 -22.4 -102.4
 AA0 10
3.268 1.2 -0.9 -32.0 -24.7 -114.7
 AA0 105143,555
-6,042
1,507
IRS(%) CRS(%) Spread(bp)
-6,070
-2,02143
1,594-35
2,677
400
400500
1,700
1,100
900
700
600
300
3000.000
2,000
5,000
1,000
0
0
2.530
2.960
2.595
0.000
 0
0
1,371
122,124 -137 1,083 8711M
193,554 -4,092 -4,386 -4,756
1D 1W
178,693 136 781
2030-07-26 - 3.4310,724
60,027 0 0 -4671,712,024 0 0
3.276 3.34
2025-09-19 3.415 3.432027-10-04 2.974 3.02
2028-06-20 - 3.87
3.11 3.11
2025-06-05 3.19 4.542099-12-31 4.934 4.9
2025-03-08 3.417 3.5
- 3.11
2029-02-26 2.903 2.972028-07-06 - 3.86
2027-11-01 - 5.65
3.034 3.072025-02-14 3.272 2.88
2027-12-03 3.046 3.082027-10-07 3.254 3.23
2026-01-23 3.382 4.2▪
▪
▪
2,417.8
661.6106.9
119.9
2029-12-042027-12-112027-03-302025-06-05
MMF*
0
0
11 Dec. 2024
26-10-02 2.66 200 1.8            
 25-09-10 2.77 -60 0.8          
27-06-10 2.83 140 2.5            
 30-12-10 2.73 -35 6.0          
26-12-10 2.84 140 2.0            
 26-04-02 2.70 -30 1.3          
26-06-10 2.89 120 1.5            
 26-11-13 2.86 -30 1.9          
29-12-10 2.92 120 5.0            
 29-03-10 2.63 -20 4.2          
720 2.5            -175 2.5          
26-12-10 2.96 200 2.0            
 27-12-10 2.64 -50 3.0          
29-12-10 2.97 110 5.0            
 30-06-10 2.70 -30 5.5          
26-12-10 2.95 80 2.0            
 53-03-10 2.53 -20 28.3       
25-09-10 2.77 70 0.8            
 26-12-10 2.65 -20 2.0          
29-12-10 2.92 70 5.0            
 29-12-10 2.68 -20 5.0          
530 2.9            -140 7.3          
26-12-10 3.13 108 2.0            
 27-06-10 2.58 -124 2.5          
24-12-19 3.09 100 0.0            
 26-12-10 2.65 -85 2.0          
29-09-10 2.59 77 4.8            
 29-03-10 2.66 -55 4.2          
28-03-10 2.65 70 3.2            
 25-05-09 3.31 -30 0.4          
26-10-02 2.66 67 1.8            
 43-09-10 2.63 -24 18.8       
422 2.2            -318 3.7          
54-09-10 2.50 101 29.8          
 25-06-10 2.83 -32 0.5          
25-12-10 2.68 97 1.0            
 25-03-10 2.93 -20 0.2          
29-03-10 2.67 50 4.2            
 27-06-10 2.63 -9 2.5          
26-12-10 2.67 50 2.0            
 26-12-10 2.66 -1 2.0          
25-12-10 2.67 42 1.0            
 40-09-10 2.65 -1 15.8       
340 10.1          -63 1.0          
