5y
91d
20y
0 0
0 0
KR Market
KR Bond(%,bp) YTM 1D 1W 1M
CD91D 3.430 0.0 3.0 -10.0
2.841 0.0 0.0 -0.4
 1.300 3.195 AAA
2.950 0.0 7.0 10.0
 2.500 3.422 AAA
2.930 -0.5 4.0 12.5
 2.500 3.249 -
2.985 -1.5 3.2 10.0
 2.500 3.249 AA+
3.095 -0.7 2.5 10.3
 2.500 3.249 AA+
3.012 -1.5 1.7 10.1
 2.500 3.249 AA+
KR Credit(%,bp) YTM 1D 1W 1M
 2.500 3.249 AA+
3.525 0.0 6.0 11.5
 2.500 3.249 AA+
3.504 -0.7 4.5 10.8
 2.500 3.249 AA+
6.919 -0.5 2.0 8.6
 2.500 3.249 AA+
KTB Futures(tick)
 1D 1W
KTBF 3Y 1 -15
 (십억계약,%,년)
LKTBF 10Y 6 -37
KR Stock(%) Index 1D 1W 1M
KOSPI -1.45 -0.96 -1.43
KOSDAQ 0.66 1.15 -2.73
FX Market(%) Price 1D 1W 1M
1379.9 -0.18 -0.02 5.51
903.54 0.25 -0.72 -2.24
1D(bp) 1D(bp) 1D(bp)
1Y 3.120 0.000 1Y 2.86 2.5
 27.9 0.0
2Y 3.003 -0.250 2Y 2.745 -0.5
 5.2 -0.2
3Y 2.973 0.250 3Y 2.725 -1.5
 4.3 0.7
5Y 2.963 -0.250 5Y 2.705 -1.5
 -2.3 1.3
10Y 2.998 -0.500 10Y 2.765 -2
 -9.8 0.2
US Bond Market
US Bond(%,bp) YTM 1D 1W 1M
UST2Y 4.2 -0.4 9.3 56.8
UST5Y 4.2 -0.8 12.5 65.0
UST10Y 4.3 -1.4 7.3 55.4
UST30Y 4.5 -2.8 0.0 40.3
KR Credit Market
 (계약수)
Bond Yield(%, bp) Yield 1D 1W 1M 3M 1Y
3.182 0.3 0.8 -1.5 -7.6 -91.8
3.182 -0.3 4.4 10.4 4.2 -137.7
3.229 -1.1 3.3 8.0 9.9 -137.7
3.231 0.5 3.1 2.6 -5.0 -91.5 Fund Flow (십억원)
3.222 -0.5 4.1 11.8 2.3 -137.6 YTD
3.294 -1.2 3.7 9.1 8.9 -143.9 26717.3
3.334 0.8 2.8 2.8 -8.9 -100 39158.5
3.429 0.0 6.0 12.3 5.5 -159.9 17340.5
3.610 -1.5 3.3 9.5 10.1 -159.8 77437.5
3.413 0.8 2.8 1.8 -6.2 -109.9 -9431.3
3.525 0.0 6.0 11.5 5.7 -176 *는 T-2일 기준, 펀드는 설정액 및 ETF 제외 기준
3.718 -1.5 3.3 9.0 8.6 -169.7 **는 T-4일 기준
4.145 0.0 0.5 -1.3 -27.3 -116.6
4.438 0.0 3.7 8.4 -9.1 -161.7
 (십억원)
4.848 -1.5 3.3 9.0 4.3 -149.3
4.862 0.0 0.5 -1.8 -27.8 -114.1
 AAA 150
5.231 0.0 3.7 8.4 -9.1 -157.7
 AA- 150
5.532 -1.5 3.3 9.0 4.3 -147.8
 AAA 60
5.434 0.0 0.5 -1.3 -27.3 -113.1
 AA0 60
5.866 0.0 4.2 8.9 -8.6 -154.2 KT194-2 AAA 50
6.173 -1.5 3.3 9.0 4.3 -147
 AAA 43
3.229 0.6 0.9 -0.2 -9.7 -102.4
 AAA 40
3.342 -1.0 2.8 9.1 6.6 -130.4
 AA0 40
3.401 -1.6 3.2 9.5 12.5 -140.7
 AAA 40
3.255 0.3 2.0 -0.1 -9.3 -107.3
 - 40
3.425 -0.7 4.5 10.9 10.7 -137.2
 - 40
3.476 -1.5 3.2 9.1 13.0 -150.4
 AA+ 30
3.279 0.5 2.2 0.1 -9.0 -109.3
 A0 30
3.456 -0.7 4.5 10.8 10.3 -138.1
 AAA 30
3.537 -1.5 3.2 8.7 12.7 -150.8
 AA0 30
3.308 0.5 2.1 0.1 -9.0 -110
 AAA 30
3.504 -0.7 4.5 10.8 10.8 -139.8
 AAA 30
3.639 -1.6 3.2 8.5 12.5 -151.5 SKC145-1 A+ 226380-2191
-16756
-2160
IRS(%) CRS(%) Spread(bp)
2925
111236
2071439
-484
34
5667
13636
548
175
53
95
29
220.000
12000
8000
4000
0
0
2.995
3.010
3.025
0.000
 0
0
5437.7
121208.2 -201.2 -147.8 2208.31M
197774.8 1376.7 -2173.1 21617.6
1D 1W
175741.7 209.6 3095.1
2025-11-23 3.165 3.2111018.1
61144.1 -95.5 364.1 -1269.41694030.3 -663.9 443.3
3.388 3.55
2026-01-27 3.15 3.032027-05-07 3.728 3.76
2027-10-01 3.242 3.31
3.439 3.46
2027-04-29 3.237 3.262025-10-28 3.179 3.13
2029-07-22 3.3 3.32
3.316 3.34
2025-02-28 3.604 3.692028-06-20 - 3.97
2028-06-27 - 3.55
3.996 3.982027-03-30 3.421 3.42
2028-04-21 3.269 3.32026-10-31 - 3.3
2027-10-29 3.402 3.4▪
▪
▪
2556.15
743.06105.85
116.23
2026-10-292025-09-282027-01-302025-01-27
MMF*
0
0
01 Nov. 2024
26-10-02 2.98 230 1.9            
 25-10-02 2.84 -70 0.9          
29-03-10 3.05 170 4.4            
 30-12-10 3.13 -50 6.1          
29-09-10 3.01 110 4.9            
 25-11-23 3.21 -30 1.1          
25-07-31 3.27 110 0.7            
 26-03-11 3.20 -30 1.4          
25-09-10 2.86 99 0.9            
 26-10-17 3.19 -20 2.0          
719 2.6            -200 2.4          
34-06-10 3.12 93 9.6            
 25-09-10 2.87 -50 0.9          
34-10-31 3.22 60 10.0          
 25-07-02 2.85 -20 0.7          
26-07-02 3.03 50 1.7            
 40-09-10 3.09 -20 15.9       
33-12-10 3.14 40 9.1            
 50-03-10 2.93 -20 25.4       
44-09-10 3.04 30 19.9          
 72-09-10 2.88 -10 47.9       
273 9.3            -120 11.3       
25-10-31 3.40 140 1.0            
 26-06-10 2.99 -30 1.6          
26-10-31 3.22 90 2.0            
 26-07-02 3.01 -30 1.7          
26-10-31 3.17 80 2.0            
 27-06-10 2.94 -22 2.6          
34-06-10 3.11 51 9.6            
 54-03-10 2.96 -20 29.4       
25-07-31 3.27 40 0.7            
 27-05-07 3.76 -20 2.5          
401 2.5            -122 6.5          
34-06-10 3.11 88 9.6            
 25-06-10 2.99 -72 0.6          
29-03-10 3.04 88 4.4            
 30-12-10 3.13 -59 6.1          
54-03-10 2.96 72 29.4          
 31-06-10 3.13 -30.0 6.6          
33-12-10 3.14 66 9.1            
 29-06-10 3.09 -14.7 4.6          
32-06-10 3.13 63 7.6            
 33-12-10 3.12 -10.1 9.1          
377 11.7          -186 4.1          
