0 0
0 0
0 0
0 0
0 0
KR Market
KR Bond(%,bp) YTM 1D 1W 1M
CD91D 2.990 0.0 -1.0 -39.0
2.620 -1.2 -1.9 -4.6
 2.780 2.808 AAA
2.598 -2.7 -1.2 -5.2
 2.710 2.792 AAA
2.587 -3.8 1.7 4.7
 2.830 2.832 AAA
2.690 -3.5 0.8 3.5
 3.113 3.268 AA-
2.814 0.4 -2.6 7.9
 2.830 2.803 AAA
2.727 0.7 -2.1 1.7
 3.128 3.176 AA-
KR Credit(%,bp) YTM 1D 1W 1M
 3.013 3.063 AA-
3.216 -4.3 -4.0 -6.5
 3.047 3.094 AA-
3.225 -4.3 -0.4 0.9
 3.245 3.261 AA-
6.568 -4.0 -0.2 0.1
 3.550 - -
KTB Futures(tick)
 1D 1W
KTBF 3Y 15.0 3.0
 (십억계약,%,년)
LKTBF 10Y 31.0 42.0
KR Stock(%) Index 1D 1W 1M
KOSPI -0.16 0.31 1.57
KOSDAQ 0.06 0.95 3.89
FX Market(%) Price 1D 1W 1M
1,458.3 0.11 -0.46 1.59
936.0 0.07 0.24 -0.12
1D(bp) 1D(bp) 1D(bp)
1Y 2.698 -3.0 1Y 2.635 -0.5
 7.7 -1.8
2Y 2.608 -3.8 2Y 2.530 -4.5
 1.0 -1.1
3Y 2.600 -4.0 3Y 2.550 -3.5
 1.3 -0.2
5Y 2.643 -4.5 5Y 2.590 -3
 -4.7 -1.0
10Y 2.728 -3.2 10Y 2.585 -3.5
 -8.7 -3.6
US Bond Market
US Bond(%,bp) YTM 1D 1W 1M
UST2Y 4.287 5.5 -9.4 -7.4
UST5Y 4.435 3.7 -14.0 3.0
UST10Y 4.629 1.5 -13.2 11.1
UST30Y 4.859 0.1 -8.9 18.0
KR Credit Market
 (계약수)
Bond Yield(%, bp) Yield 1D 1W 1M 3M 1Y
2.778 -1.3 -5.0 -22.3 -43.4 -77.7
2.830 -3.7 -1.3 -4.1 -34.3 -79.9
2.928 -3.7 -1.6 -2.6 -30.7 -70.4
2.820 -1.2 -1.6 -18.2 -39.7 -74.8 Fund Flow (십억원)
2.878 -3.8 -0.5 -2.6 -32.6 -85.7 YTD
2.990 -3.7 -1.1 0.6 -30.2 -86.6 34,744
3.003 -2.0 -7.0 -21.5 -32.0 -76.9 39,691
3.124 -4.3 -4.0 -6.5 -26.7 -91.1 25,288
3.323 -3.5 -0.5 0.7 -28.9 -87 85,003
3.081 -2.0 -7.0 -21.0 -32.6 -85.2 -9,351
3.216 -4.3 -4.0 -6.5 -27.3 -104.4 *는 T-2일 기준, 펀드는 설정액 및 ETF 제외 기준
3.431 -3.5 -0.5 0.7 -28.9 -95.9 **는 T-4일 기준
3.779 -2.0 -7.0 -19.5 -39.1 -102.5
4.108 -3.8 -2.0 -4.0 -32.5 -104.2
 (십억원)
4.551 -3.5 -0.5 1.2 -29.9 -81.2
4.496 -2.0 -7.0 -19.5 -39.6 -100.5
 AA- 150
4.901 -3.8 -2.0 -4.0 -32.5 -100.7
 AA- 70
5.235 -3.5 -0.5 1.2 -29.9 -80.2
 60
5.068 -2.0 -7.0 -19.5 -39.1 -99.5
 AAA 50
5.541 -3.8 -2.0 -4.0 -31.5 -97.2
 AA0 50
5.876 -3.5 -0.5 1.2 -29.9 -79.4
 AA0 50
2.967 -1.6 -4.2 -14.0 -29.5 -74.1
 AAA 50
3.044 -3.9 -1.9 -0.9 -29.8 -74.9
 AAA 50
3.088 -3.5 -1.6 -0.3 -31.4 -76.1
 AA0 50
3.007 -1.7 -3.4 -13.1 -27.0 -77.3
 AA+ 50
3.150 -4.3 -0.5 1.1 -25.7 -76.4 SK309-1 AA+ 50
3.183 -3.5 -2.0 -0.5 -29.2 -84.6
 AA0 50
3.036 -1.7 -3.4 -12.8 -26.4 -78.5
 AA- 50
3.177 -4.3 -0.5 1.1 -26.1 -77.9
 AAA 50
3.245 -3.5 -1.8 -0.3 -29.1 -84.8
 AAA 40
3.067 -1.7 -3.3 -12.6 -26.2 -79.4
 AA0 40
3.225 -4.3 -0.4 0.9 -26.1 -79.6
 40
3.350 -3.5 -1.8 -0.3 -28.8 -85.4
 304,959-7,520
2,015
16,778
IRS(%) CRS(%) Spread(bp)
-6,017
-3,226-1,429
-1,714-108
-2,988
300
300500
5,000
2,500
2,000
1,600
700
300
3000.000
0
0
0
0
0
0.000
0.000
0.000
0.000
0
0
0
0
0
0
0
0
-2,763
129,156 1,460 545 4,2811M
205,801 2,435 5,733 16,298
1D 1W
176,274 393 2,630
2028-01-17 - 3.110-19,988
61,225 88 -675 1781,701,596 -4,078 -9,599
2.938 2.910
2026-04-24 2.965 2.9402025-09-09 3.511 3.280
2028-11-03 - 3.530
2.987 2.950
2026-02-13 2.925 2.9202026-04-27 2.914 2.880
2025-05-25 3.107 2.930
3.161 3.140
2025-10-27 3.485 3.2802026-03-13 2.915 2.940
2026-12-11 3.002 2.970
- 3.5502025-04-11 3.311 3.180
2029-06-11 - 4.7002025-07-17 3.113 3.100
2026-03-04 2.901 2.900▪
▪
▪
2,523.6
724.7106.9
117.8
2034-06-102025-06-302027-10-012026-02-20
MMF*
0
0
20 Jan. 2025
27-07-17 2.78 200 2.5            
 27-06-10 2.62 -80 2.4          
29-09-10 2.68 89 4.6            
 29-03-10 2.70 -50 4.1          
74-09-10 2.57 59 49.7          
 29-06-10 2.74 -40 4.4          
25-04-08 2.84 50 0.2            
 28-03-10 2.65 -30 3.1          
33-12-10 2.92 40 8.9            
 25-11-14 2.80 -30 0.8          
438 9.6            -230 3.0          
74-09-10 2.57 73 49.7          
 26-07-07 2.75 -50 1.5          
74-09-10 2.46 66 49.7          
 26-04-26 2.78 -40 1.3          
34-06-10 2.93 59 9.4            
 29-06-10 2.74 -40 4.4          
54-03-10 2.68 45 29.2          
 28-03-10 2.68 -30 3.1          
27-12-10 2.59 41 2.9            
 26-12-10 2.64 -32 1.9          
284 31.3          -192 2.4          
34-06-10 2.93 116 9.4            
 25-04-08 2.84 -100 0.2          
27-07-17 2.78 88 2.5            
 42-09-10 2.74 -49 17.7       
29-09-10 2.69 55 4.6            
 27-12-10 2.59 -52 2.9          
26-01-17 2.78 50 1.0            
 27-11-29 3.00 -40 2.9          
28-01-17 3.11 50 3.0            
 26-09-05 2.75 -30 1.6          
359 4.9            -271 4.4          
74-09-10 2.57 110 49.7          
 25-09-10 2.63 -60 0.6          
28-03-10 2.67 90 3.1            
 27-03-10 2.64 -30 2.1          
54-09-10 2.66 71 29.7          
 25-07-02 2.72 -30 0.4          
25-12-10 2.61 50 0.9            
 25-03-10 2.70 -17 0.1          
27-12-10 2.67 10 2.9            
 48-03-10 2.71 -14 23.2       
331 23.9          -151 2.9          
