3y
91d
2y
1y
0 0
KR Market
KR Bond(%,bp) YTM 1D 1W 1M
CD91D 3.490 0.0 1.0 -5.0
3.020 -1.0 -5.0 -17.8
 5.950 - A+
2.953 -1.8 -3.2 -17.2
 3.120 3.096 AAA
2.887 -2.8 -4.4 -18.5
 3.210 3.189 AAA
2.898 -3.2 -5.2 -19.9
 3.210 - AAA
2.940 -3.5 -6.2 -23.5
 3.170 3.141 AAA
2.930 -3.2 -5.9 -21.5
 3.491 3.316 AA+
KR Credit(%,bp) YTM 1D 1W 1M
 3.090 3.070 AAA
3.483 -0.8 0.5 -7.9
 3.195 3.139 AAA
3.389 -1.5 -1.3 -13.3
 3.34 3.286 AAA
6.941 -2.8 -4.4 -24.2
 3.210 3.288 AAA
KTB Futures(tick)
 1D 1W
KTBF 3Y 9 9
 (십억계약,%,년)
LKTBF 10Y 34 55
KR Stock(%) Index 1D 1W 1M
KOSPI 0.88 2.96 -7.56
KOSDAQ 1.56 3.78 -8.92
FX Market(%) Price 1D 1W 1M
1360.6 -0.72 -1.18 -1.61
922.12 -0.26 -1.05 5.31
1D(bp) 1D(bp) 1D(bp)
1Y 3.183 0.75 1Y 2.875 0
 16.3 1.75
2Y 2.943 -2.00 2Y 2.735 0
 -1.1 -0.20
3Y 2.853 -2.75 3Y 2.69 0
 -3.5 0.05
5Y 2.815 -2.50 5Y 2.69 0
 -8.3 0.70
10Y 2.845 -3.00 10Y 2.6 0
 -9.5 0.50
US Bond Market
US Bond(%,bp) YTM 1D 1W 1M
UST2Y 4.105 14.3 6.5 -31.6
UST5Y 3.808 12.7 -2.1 -26.7
UST10Y 3.939 10.1 -5.2 -22
UST30Y 4.206 7.9 -7.4 -16.8
KR Credit Market
 (계약수)
Bond Yield(%, bp) Yield 1D 1W 1M 3M 1Y
3.246 0.3 -0.1 -10.0 -30.8 -56.5
3.109 -1.8 -2.4 -12.7 -44.1 -97.2
3.114 -2.5 -2.9 -14.3 -44.3 -103
3.290 0.4 0.9 -4.2 -32.8 -57.8 Fund Flow (십억원)
3.174 -1.5 -2.0 -14.7 -47.6 -104.8 YTD
3.176 -2.7 -4.0 -17.3 -57.0 -117.7 28252.8
3.403 0.0 -0.5 -10.0 -31.7 -73.2 32184.6
3.369 -0.8 -0.5 -10.1 -43.1 -118.2 11368.7
3.489 -2.3 -2.8 -17.3 -56.4 -126.7 41399.5
3.470 1.0 1.0 -8.8 -31.8 -86.2 -1011.2
3.483 -0.8 0.5 -7.9 -44.8 -131.8 *는 T-2일 기준, 펀드는 설정액 및 ETF 제외 기준
3.612 -2.3 -2.8 -17.8 -60.4 -135.1 **는 T-4일 기준
4.373 0.0 -2.5 -13.0 -36.6 -73.3
4.509 -1.8 -3.0 -13.2 -53.2 -109.6
 (십억원)
4.760 -3.3 -5.3 -19.0 -58.5 -114.4
5.095 0.0 -2.5 -13.0 -35.6 -69.8
 AA- 60
5.302 -1.8 -3.0 -13.2 -51.9 -105.6
 AA+ 50
5.444 -3.3 -5.3 -19.0 -58.0 -112.9
 AAA 50
5.662 0.0 -2.5 -13.0 -36.1 -70.8
 AAA 50
5.932 -1.8 -3.0 -13.2 -51.4 -103.1
 A+ 50
6.085 -3.3 -5.3 -19.0 -58.0 -112.1
 A+ 50
3.273 -0.8 -3.3 -16.3 -36.5 -72.6
 AA+ 38
3.246 -2.5 -3.6 -15.6 -44.1 -102.9 SK289-2 AA+ 30
3.250 -2.7 -3.7 -17.3 -51.3 -120.6
 - 20
3.291 -0.8 -3.6 -16.5 -36.9 -80.2
 - 18
3.306 -1.8 -1.8 -13.6 -42.5 -111.8
 - 15
3.327 -2.2 -2.7 -16.5 -54.9 -129.7
 - 12
3.311 -0.9 -3.7 -16.9 -37.6 -82.3
 AA- 8
3.344 -1.8 -1.5 -13.6 -42.7 -111.5
 AA0 6
3.392 -2.2 -2.7 -16.5 -55.2 -129.3
 - 6
3.341 -0.8 -3.6 -16.5 -37.8 -83.2
 A- 5
3.389 -1.5 -1.3 -13.3 -43.6 -113.3
 BB+ 5
3.495 -2.2 -2.7 -16.7 -55.7 -129.9 0 0 0▪
▪
▪
2644.50
776.83106.07
117.69
1900-01-002024-12-202024-09-202025-07-24
MMF*
0
0 02025-06-13 6.311 6.2
2025-08-14 - 72024-10-07 3.361 3.55
2053-06-29 - 7.783.587 5
2024-10-02 3.461 3.32025-08-14 - 7.18
2054-07-31 - 03.413 3.42
2052-04-18 - 4.72024-10-08 4.132 4.29
2034-08-06 4.281 4.273.256 3.24
2024-09-14 3.408 3.662026-02-25 3.265 3.27
2025-05-25 3.258 3.24
2027-07-09 3.449 3.68279
69564.2 -487.9 -592.3 -1108.81657992.3 1776.4 8073.2
10933.6
115236.4 791.5 2895.8 -5088.31M
199310.3 -1864.4 -9026.8 -6480.8
1D 1W
168767.8 -8.4 307.3
0
 0.000
20000
5000
7000
7200
0
2.935
3.210
3.000
3.000
1300
12001400
7000
4000
3500
3500
2600
1100
1100
92616011
-4721
-3095
IRS(%) CRS(%) Spread(bp)
-3844
-7906-256
-427152
912
16 Aug. 2024
24-09-13 3.35 292 0.1            
 25-06-10 3.03 -130 0.8          
27-02-14 3.12 290 2.5            
 26-06-10 2.93 -90 1.8          
25-07-09 3.01 270 0.9            
 25-09-10 3.04 -67 1.1          
26-12-10 2.94 160 2.3            
 28-09-10 2.92 -60 4.1          
26-08-14 3.17 150 2.0            
 26-04-02 2.99 -50 1.6          
1,162 1.4            -397 1.7          
29-08-14 3.50 68 5.0            
 26-12-10 2.94 -130 2.3          
26-08-14 3.17 50 2.0            
 54-03-10 2.85 -63 29.6       
53-03-10 2.87 36 28.6          
 33-06-10 2.96 -50 8.8          
26-04-02 2.99 30 1.6            
 50-03-10 2.81 -53 25.6       
52-03-10 3.16 24 27.6          
 25-08-18 3.25 -40 1.0          
208 10.5          -336 11.9       
25-08-14 3.57 80 1.0            
 27-06-10 2.89 -66 2.8          
34-06-10 2.94 42 9.8            
 24-09-20 3.52 -30 0.1          
29-08-14 3.49 42 5.0            
 26-12-10 2.91 -23 2.3          
24-09-01 3.55 40 0.0            
 25-09-01 3.27 -20 1.0          
25-08-13 3.55 40 1.0            
 25-05-09 3.10 -20 0.7          
244 3.1            -159 1.8          
24-09-13 3.35 533 0.1            
 25-06-10 3.07 -132 0.8          
25-07-09 3.00 370 0.9            
 24-09-10 3.01 -80 0.1          
26-12-10 2.94 210 2.3            
 31-12-10 2.98 -62.0 7.3          
54-03-10 2.84 151 29.6          
 25-09-11 3.30 -60.0 1.1          
25-07-02 3.03 100 0.9            
 25-06-10 3.07 -60.0 0.8          
1,364 4.0            -394 1.7          
