10y
10y
91d
2y
0 0
KR Market
KR Bond(%,bp) YTM 1D 1W 1M
CD91D 3.600 1.0 2.0 4.0
3.376 -0.6 -1.7 1.0
 3.570 3.395 AAA
3.465 0.1 0.3 5.5
 3.650 3.653 AAA
3.452 0.0 0.9 5.4
 3.670 3.644 AAA
3.495 0.0 1.5 4.3
 -3.620 AAA
3.545 -1.0 0.8 0.8
 -3.634 AAA
3.473 -1.7 0.8 2.3
 - - BBB+
KR Credit(%,bp) YTM 1D 1W 1M
 5.800 - AA-
4.001 0.0 1.5 1.0
 - - BBB+
3.893 0.0 -0.5 -3.6
 8.90 7.059 BBB+
7.643 -1.5 -3.6 -7.6
 6.300 - BBB+
KTB Futures(tick)
 1D 1W
KTBF 3Y -1 -6
 (십억계약,%,년)
LKTBF 10Y 10 -13
KR Stock(%) Index 1D 1W 1M
KOSPI 0.11 -0.15 1.81
KOSDAQ 0.90 -1.05 0.20
FX Market(%) Price 1D 1W 1M
1369.1 0.07 0.66 -0.46
875.22 -0.27 -0.67 -2.45
1D(bp) 1D(bp) 1D(bp)
1Y 3.593 0.75 1Y 3.495 1.5
 21.7 1.35
2Y 3.503 0.75 2Y 3.33 1
 3.8 0.65
3Y 3.450 0.25 3Y 3.32 1.5
 -0.2 0.25
5Y 3.420 -0.50 5Y 3.305 1
 -7.5 -0.50
10Y 3.425 -0.50 10Y 3.185 0
 -12.0 0.50
US Bond Market
US Bond(%,bp) YTM 1D 1W 1M
UST2Y 4.825 -4.9 -1.4 -8.2
UST5Y 4.461 -5.2 -1.6 -10.3
UST10Y 4.445 -4.6 -1.7 -8.2
UST30Y 4.587 -4.6 -1.4 -4.6
KR Credit Market
 (계약수)
Bond Yield(%, bp) Yield 1D 1W 1M 3M 1Y
3.578 -0.4 -1.1 2.8 -6.8 -6.4
3.620 0.0 1.1 5.0 -6.4 -3
3.634 -0.2 1.5 3.8 -6.5 -2.3
3.644 0.0 0.2 7.0 -3.6 -4.3 Fund Flow (십억원)
3.721 0.0 0.7 3.3 -9.4 -7.8 YTD
3.826 -0.2 0.7 0.2 -12.1 -6.7 33852.6
3.745 0.0 -0.1 4.5 -0.7 -16.2 14740.9
3.870 0.0 2.5 3.9 -16.2 -16.4 8598.9
4.128 -0.5 0.7 0.5 -15.9 -22.3 11080.8
3.813 0.0 -0.3 2.7 -9.5 -24.7 886.4
4.001 0.0 1.5 1.0 -26.1 -28.5 *는 T-2일 기준, 펀드는 설정액 및 ETF 제외 기준
4.291 -0.5 0.7 -1.3 -19.3 -28.4 **는 T-4일 기준
4.764 0.0 -1.3 0.0 -9.5 -15.4
5.111 0.0 1.0 1.0 -13.7 -4.7
 (십억원)
5.420 0.0 1.5 1.8 -6.3 -1.9
5.476 0.0 -1.3 0.0 -8.0 -12.4
 AAA 176.6
5.891 0.0 1.5 2.5 -11.5 -3
 BBB 100.0
6.099 0.0 1.5 1.8 -5.8 -2.5
 AAA 90
6.048 0.0 -1.3 0.0 -7.0 -15.9
 AA- 70
6.516 0.0 1.5 2.5 -9.5 -1.5
 AAA 70
6.740 0.0 1.5 1.8 -5.0 -2.1
 60
3.653 -0.3 -0.3 -1.7 -9.7 -12.9
 55
3.755 -0.2 -0.1 -0.9 -12.6 -11
 AA+ 50
3.843 0.5 1.4 1.0 -10.7 -17.5
 AA0 50
3.673 -0.3 -0.6 -2.3 -17.1 -20.6
 AAA 40
3.799 0.0 0.1 -3.0 -20.9 -17.9
 A+ 40
3.956 0.0 0.5 -2.9 -17.2 -20.9
 AA0 30
3.701 -0.2 -0.6 -3.2 -18.4 -22
 AAA 30
3.839 0.0 -0.3 -3.4 -21.1 -17.9
 30
4.024 0.0 0.5 -2.5 -16.9 -20.7
 AA0 30
3.732 -0.3 -0.9 -3.9 -19.3 -22.9
 AA0 30
3.893 0.0 -0.5 -3.6 -22.1 -19.4
 AA0 30
4.132 0.0 0.5 -2.5 -17.2 -20.4
 21.763143307
11670
-619
IRS(%) CRS(%) Spread(bp)
-5467
-23304-386
-285552
903
110
103200
20000
2300
1900
1300
700
100
300.000
16000
11000
3200
19000
0
3.540
3.520
3.450
3.470
0
4798.9
112466.6 -64.6 1815.4 13961M
204910.1 -1210.3 -2129.9 2085
1D 1W
151324.1 91.8 938
2026-04-28 - 4-10949.9
71461.8 546.8 622.8 262.31627673.6 5873.6 3039.8
3.809 3.83
2029-04-29 3.675 3.722054-05-14 - 10.66
2024-06-27 3.58 3.64
- 3.73
2025-02-25 3.649 3.632029-12-20 - 4.94
2028-05-24 - 4.45
3.721 3.71
2027-01-25 3.675 3.72026-07-26 3.65 3.66
2026-03-20 4.065 3.97
- 5.112024-09-19 3.622 3.62
2024-11-01 3.594 3.622028-12-20 - 4.13
2025-05-09 3.757 3.77▪
▪
▪
2730.34
862.15104.31
112.07
2028-04-212028-01-192028-05-122025-02-07
MMF*
0
16 May. 2024
24-07-18 3.56 594 0.2            
 25-01-02 3.38 -50 0.6          
29-03-10 3.50 200 4.8            
 28-09-10 3.50 -40 4.3          
27-05-14 3.67 110 3.0            
 25-12-10 3.48 -30 1.6          
31-05-14 3.73 100 7.0            
 25-10-18 3.63 -30 1.4          
26-12-10 3.45 80 2.6            
 25-10-02 3.46 -30 1.4          
1,084 2.1            -180 1.9          
27-05-14 3.67 130 3.0            
 25-05-13 3.58 -50 1.0          
33-12-10 3.56 122 9.6            
 25-03-09 3.59 -30 0.8          
29-05-14 3.58 80 5.0            
 25-02-25 3.62 -20 0.8          
27-05-14 3.58 60 3.0            
 53-03-10 3.41 -20 28.8       
44-05-14 3.78 60 20.0          
 26-06-10 3.45 -10 2.1          
452 7.4            -130 5.3          
24-07-18 3.57 236 0.2            
 29-03-10 3.49 -42 4.8          
25-11-14 3.66 120 1.5            
 24-08-17 3.59 -40 0.3          
27-05-14 3.67 90 3.0            
 25-04-11 3.85 -30 0.9          
25-05-14 3.70 90 1.0            
 26-04-02 3.47 -30 1.9          
25-11-14 3.66 60 1.5            
 24-06-14 3.60 -30 0.1          
596 1.1            -172 1.7          
25-05-14 3.57 100 1.5            
 32-12-10 3.59 -133 17.3       
24-07-18 3.58 100 29.8          
 29-12-10 3.51 -70 5.6          
26-05-14 3.57 80 9.6            
 28-12-10 3.54 -21 0.6          
53-03-10 3.38 68 9.1            
 52-03-10 3.03 -20.1 42.4       
33-12-10 3.56 45 2.6            
 29-06-10 3.53 -1.5 12.3       
160 9.7            -86 16.8       
