0 0
0 0
0 0
0 0
0 0
KR Market
KR Bond(%,bp) YTM 1D 1W 1M
CD91D 3.600 0.0 -1.0 2.0
3.363 -1.0 -2.8 -3.0
 3.570 3.398 AAA
3.340 -2.5 -11.3 -11.5
 3.450 3.587 AAA
3.308 -3.5 -14.4 -12.9
 3.570 3.587 AAA
3.330 -3.7 -17.2 -14.5
 3.420 3.587 AAA
3.385 -4.7 -19.5 -14.7
 3.660 3.587 AAA
3.327 -3.8 -17.8 -14.0
 3.531 3.576 AAA
KR Credit(%,bp) YTM 1D 1W 1M
 4.048 4.514 A0
3.842 -3.2 -15.2 -14.4
 3.956 4.224 A0
3.735 -3.4 -13.9 -15.5
 3.69 3.654 AA+
7.438 -3.8 -15.0 -22.9
 3.460 3.576 AAA
KTB Futures(tick)
 1D 1W
KTBF 3Y 10 47
 (십억계약,%,년)
LKTBF 10Y 37 177
KR Stock(%) Index 1D 1W 1M
KOSPI 1.23 3.27 -0.82
KOSDAQ 1.81 3.12 -0.72
FX Market(%) Price 1D 1W 1M
1365.3 -0.56 -1.39 0.28
878.46 -0.04 -0.24 0.25
1D(bp) 1D(bp) 1D(bp)
1Y 3.480 -2.00 1Y 3.365 -3
 11.7 -1.00
2Y 3.373 -2.50 2Y 3.175 -3
 3.3 0.00
3Y 3.318 -3.00 3Y 3.16 -3
 1.0 0.50
5Y 3.273 -3.50 5Y 3.14 -4
 -5.8 0.20
10Y 3.285 -3.50 10Y 2.98 -4
 -10.0 1.20
US Bond Market
US Bond(%,bp) YTM 1D 1W 1M
UST2Y 4.897 16.3 1.4 5
UST5Y 4.467 16.2 -4.5 -3.8
UST10Y 4.439 14.7 -6.4 -6
UST30Y 4.557 11.8 -9.4 -8.5
KR Credit Market
 (계약수)
Bond Yield(%, bp) Yield 1D 1W 1M 3M 1Y
3.552 -0.9 -3.9 -3.4 -7.6 -23.2
3.467 -3.5 -14.3 -13.6 -6.4 -46.8
3.477 -3.5 -16.4 -13.7 -4.9 -47.3
3.575 -1.2 -5.1 -6.4 -8.0 -27.4 Fund Flow (십억원)
3.555 -3.8 -15.1 -15.3 -10.3 -53.7 YTD
3.626 -3.9 -17.8 -18.7 -14.9 -53.3 33952.9
3.702 -1.0 -3.5 -4.1 -2.5 -31.3 17473.9
3.726 -2.7 -14.2 -11.9 -10.8 -56.3 9987.8
3.939 -4.0 -17.5 -17.7 -14.7 -63.7 22865
3.750 -1.0 -4.5 -6.3 -12.3 -38.3 2281.8
3.842 -3.2 -15.2 -14.4 -21.2 -64.4 *는 T-2일 기준, 펀드는 설정액 및 ETF 제외 기준
4.078 -4.0 -18.0 -20.1 -20.2 -71.2 **는 T-4일 기준
4.711 -1.0 -4.0 -6.3 -10.8 -30.5
4.929 -3.7 -16.2 -17.2 -13.7 -46.1
 (십억원)
5.222 -4.0 -18.0 -17.8 -7.5 -45.7
5.428 -1.0 -4.0 -5.8 -9.8 -29
 AAA 60
5.714 -3.7 -16.2 -16.2 -11.0 -44.9
 AAA 40
5.906 -4.0 -18.0 -17.3 -6.5 -45.8
 AA0 40
6.000 -1.0 -4.0 -5.8 -9.8 -31
 AA- 40
6.339 -3.7 -16.2 -16.2 -11.0 -43.4
 AA- 32
6.547 -4.0 -18.0 -17.3 -6.5 -45.4
 AAA 30
3.639 -0.4 -3.2 -1.5 -5.3 -28.1
 AAA 30
3.623 -2.8 -13.6 -12.6 -8.5 -50.3
 AA- 30
3.654 -3.7 -17.7 -16.9 -11.0 -61
 AA0 30
3.652 -0.6 -4.2 -2.5 -9.4 -36.1
 AA- 30
3.651 -3.1 -14.0 -14.0 -15.5 -59.5
 AAA 30
3.763 -3.7 -18.0 -18.2 -17.6 -64.5
 AA- 30
3.676 -1.3 -4.8 -2.9 -11.2 -37.9
 AA0 30
3.689 -3.3 -14.2 -14.5 -15.9 -59.7
 A- 28
3.832 -3.7 -18.0 -18.0 -17.1 -64
 BBB+ 21
3.705 -1.3 -4.6 -3.5 -12.3 -39.1
 AA- 20
3.735 -3.4 -13.9 -15.5 -17.2 -61.1
 AAA 20
3.943 -3.7 -17.7 -17.7 -16.8 -63.6
 AAA 20▪
▪
▪
2722.67
866.18104.74
113.55
2025-04-122027-06-042027-01-152026-01-12
MMF*
0
0
3.569 3.62025-02-07 3.784 3.73
2024-11-28 3.608 3.622025-12-07 - 6.8
2025-09-05 - 4.43.719 3.72
2025-04-22 3.917 3.822026-07-05 3.771 3.75
2024-09-06 3.588 3.593.916 3.75
2025-01-22 3.639 3.612025-04-10 3.584 3.57
2027-03-29 3.575 3.553.75 3.73
2027-05-07 4.023 3.982025-03-23 3.584 3.61
2025-04-24 3.696 3.68
2025-06-16 3.653 3.6417006.4
72857.2 0 303.9 1652.91639457.8 0 9040.9
3079.1
113855.5 670.3 580 1464.61M
205010.4 -1027.9 -6087.6 -5877.6
1D 1W
154057.1 335.8 836.9
0
0
0
0
0
0
0
0
0.000
0
0
0
0
0
0.000
0.000
0.000
0.000
1810
16301900
20000
4000
3500
3000
3000
1500
1200
33623-6187
-26899
8059
IRS(%) CRS(%) Spread(bp)
-5523
-5631444
-16162097
203
10 June. 2024
24-08-09 3.58 451 0.2            
 24-09-10 3.45 -170 4.3          
26-03-10 3.38 105 1.8            
 27-09-10 3.38 -25 2.0          
31-06-10 3.42 90 2.7            
 25-03-10 3.38 -20 2.2          
33-12-10 3.43 61 3.0            
 28-03-10 3.38 -20 1.0          
54-03-10 3.30 60 7.0            
 26-12-10 3.39 -20 1.9          
790 1.5            -330 2.6          
24-08-09 3.58 451 29.8          
 24-09-10 3.45 -170 9.5          
26-03-10 3.38 105 0.8            
 27-09-10 3.38 -25 29.3       
31-06-10 3.42 90 6.1            
 25-03-10 3.38 -20 1.1          
33-12-10 3.43 61 3.0            
 28-03-10 3.38 -20 0.5          
54-03-10 3.30 60 3.0            
 26-12-10 3.39 -20 2.5          
233 16.1          -371 12.1       
24-08-09 3.58 451 3.0            
 24-09-10 3.45 -170 0.1          
26-03-10 3.38 105 0.2            
 27-09-10 3.38 -25 9.5          
31-06-10 3.42 90 1.0            
 25-03-10 3.38 -20 2.5          
33-12-10 3.43 61 2.5            
 28-03-10 3.38 -20 2.0          
54-03-10 3.30 60 28.3          
 26-12-10 3.39 -20 0.1          
415 5.6            -520 3.3          
24-08-09 3.58 451 0.2            
 24-09-10 3.45 -170 0.3          
26-03-10 3.38 105 1.8            
 27-09-10 3.38 -25 3.3          
31-06-10 3.42 90 7.0            
 25-03-10 3.38 -20 0.8          
33-12-10 3.43 61 9.5            
 28-03-10 3.38 -20.0 3.8          
54-03-10 3.30 60 29.8          
 26-12-10 3.39 -20.0 2.5          
766 4.2            -255 1.0          
