2Y
91d
30y
0 0
0 0
KR Market
KR Bond(%,bp) YTM 1D 1W 1M
CD91D 3.050 -5.0 -34.0 -23.0
2.637 -1.1 -5.7 -6.7
 2.830 2.890
2.625 -2.0 -12.7 -6.7
 2.750 2.828 AAA
2.511 -1.1 -8.4 -11.1
 3.892 3.839 A+
2.662 -2.3 -10.3 2.8
 3.085 3.148 AA+
2.794 -2.6 -7.7 5.0
 3.929 3.906 A+
2.738 -2.6 -13.7 9.3
 3.995 4.059 A+
KR Credit(%,bp) YTM 1D 1W 1M
 2.850 2.916 AAA
3.231 -1.5 -10.5 -2.3
 2.800 - AAA
3.189 -1.4 -9.0 -2.7
 3.964 4.115 A+
6.529 -1.8 -9.3 -5.1
 3.892 3.839 A+
KTB Futures(tick)
 1D 1W
KTBF 3Y 7.0 20.0
 (십억계약,%,년)
LKTBF 10Y 39.0 92.0
KR Stock(%) Index 1D 1W 1M
KOSPI 0.14 3.86 2.63
KOSDAQ 0.05 5.91 8.61
FX Market(%) Price 1D 1W 1M
1,453.5 -1.10 -1.29 2.42
923.2 -0.25 -1.00 -2.34
1D(bp) 1D(bp) 1D(bp)
1Y 2.725 -5.0 1Y 2.660 -2.5
 8.8 -3.9
2Y 2.628 -3.0 2Y 2.530 -2.5
 0.2 -1.0
3Y 2.608 -2.7 3Y 2.530 -2.5
 9.6 -1.7
5Y 2.628 -3.0 5Y 2.580 -2.5
 -3.5 -0.7
10Y 2.693 -3.0 10Y 2.590 -2.5
 -10.2 -0.4
US Bond Market
US Bond(%,bp) YTM 1D 1W 1M
UST2Y 4.295 1.8 5.1 18.7
UST5Y 4.467 3.7 8.7 43.1
UST10Y 4.687 5.5 8.6 53.1
UST30Y 4.915 6.5 12.8 57.6
KR Credit Market
 (계약수)
Bond Yield(%, bp) Yield 1D 1W 1M 3M 1Y
2.886 -2.2 -14.3 -12.3 -34.2 -74.2
2.812 -1.6 -9.8 -7.7 -38.9 -84.5
2.936 -2.3 -11.1 2.4 -32.4 -70
2.892 -2.4 -14.4 -10.8 -34.3 -74 Fund Flow (십억원)
2.848 -1.7 -9.5 -6.7 -38.3 -91.4 YTD
2.986 -2.3 -10.3 3.7 -32.5 -86.9 25,371
3.123 -2.5 -14.0 -8.3 -22.3 -71.6 35,597
3.139 -1.5 -10.5 -2.3 -28.2 -91.1 23,645
3.320 -2.3 -10.3 4.9 -31.7 -86 108,990
3.201 -2.5 -14.0 -7.8 -23.4 -79.9 -10,696
3.231 -1.5 -10.5 -2.3 -29.4 -103.4 *는 T-2일 기준, 펀드는 설정액 및 ETF 제외 기준
3.428 -2.3 -10.3 4.9 -32.2 -95.4 **는 T-4일 기준
3.874 -2.5 -14.0 -9.8 -32.4 -99.2
4.093 -1.5 -10.5 -3.6 -37.6 -108.2
 (십억원)
4.543 -2.3 -10.3 4.4 -33.7 -81.2
4.591 -2.5 -14.0 -9.8 -32.9 -97.2
 A0 77
4.886 -1.5 -10.5 -3.6 -37.6 -104.7
 AAA 70
5.227 -2.3 -10.3 4.4 -33.7 -80.2
 AA0 70
5.163 -2.5 -14.0 -9.8 -32.4 -96.2
 AA- 60
5.526 -1.5 -10.5 -3.6 -36.6 -100.7
 AA0 60
5.868 -2.3 -10.3 4.4 -33.7 -79.4
 - 60
3.028 -1.7 -10.5 -10.6 -23.8 -75.3
 AA0 60
3.031 -1.6 -8.6 -2.7 -33.6 -78.9 KT189-3 AAA 50
3.091 -2.5 -10.8 3.6 -32.4 -76.1 SK287-2 AA+ 50
3.064 -2.0 -11.0 -9.1 -22.2 -79.1
 AA+ 50
3.114 -1.5 -9.1 -2.7 -31.5 -81.5
 AA- 40
3.190 -2.3 -10.8 4.0 -30.3 -83.9
 AA0 40
3.091 -2.0 -11.0 -8.8 -21.7 -80.6
 AA- 40
3.141 -1.4 -9.0 -2.7 -31.8 -82.8
 AAA 40
3.250 -2.3 -10.8 4.1 -30.4 -84.1
 AAA 40
3.121 -2.0 -11.0 -8.8 -21.6 -81.6
 AAA 40
3.189 -1.4 -9.0 -2.7 -31.8 -84.5
 AAA 40
3.355 -2.3 -10.8 4.3 -30.2 -84.8
 AA- 308,773-8,166
-13,139
12,312
IRS(%) CRS(%) Spread(bp)
-1,909
2,205-198
1,702-2,250
-1,040
700
500800
12,000
1,500
1,000
1,000
800
500
4000.000
14,000
12,000
40,000
0
0
2.670
2.830
2.705
0.000
 0
0
-6,377
127,512 2,088 1,769 5,2511M
196,428 9,516 28,702 -1,218
1D 1W
172,180 900 3,339
2034-12-06 5.491 5.24018,789
59,879 0 -559 -1,3141,725,583 0 8,705
3.214 3.180
2025-06-11 3.340 3.2902027-11-10 2.978 2.960
2025-02-28 3.466 3.280
2.929 2.920
2026-02-27 3.044 3.0102028-11-03 - 3.490
2027-02-16 2.991 2.970
3.340 3.240
2027-03-15 3.294 3.1502025-04-08 3.338 3.180
2026-05-29 3.184 3.150
3.238 3.2002027-11-10 2.978 2.950
2025-10-27 3.259 3.1602026-04-08 2.950 2.930
2027-06-25 2.970 2.940▪
▪
▪
2,492.1
718.3106.9
117.8
2025-06-082025-02-142026-01-282026-01-15
MMF*
0
0
8 Jan. 2025
28-01-07 2.75 140 3.0            
 54-09-10 2.71 -166 29.7       
27-12-10 2.64 120 2.9            
 25-06-10 2.76 -90 0.4          
26-10-02 2.67 100 1.7            
 26-01-02 2.64 -60 1.0          
29-03-10 2.72 50 4.2            
 30-12-10 2.85 -60 5.9          
27-03-03 2.66 50 2.2            
 32-12-10 2.95 -50 7.9          
460 2.7            -426 13.6       
54-09-10 2.71 879 29.7          
 25-11-24 2.81 -190 0.9          
26-07-07 3.89 50 1.5            
 26-03-03 2.61 -130 1.2          
29-01-05 3.09 40 4.0            
 27-12-10 2.64 -130 2.9          
28-01-07 3.96 30 3.0            
 26-03-27 2.80 -100 1.2          
43-09-10 2.78 19 18.7          
 34-06-10 2.95 -91 9.4          
1,018 26.3          -641 2.6          
54-09-10 2.70 102 29.7          
 26-03-10 2.61 -80 1.2          
25-04-18 3.25 40 0.3            
 31-12-10 2.90 -40 6.9          
25-06-10 2.77 40 0.4            
 26-12-10 2.67 -24 1.9          
30-12-10 2.83 40 5.9            
 34-06-10 2.93 -22 9.4          
26-07-14 2.78 30 1.5            
 27-06-04 2.81 -20 2.4          
252 13.3          -186 3.6          
54-09-10 2.70 53 29.7          
 25-06-10 2.78 -62 0.4          
50-03-10 2.74 50 25.2          
 26-02-16 2.83 -50 1.1          
28-03-10 2.69 30 3.2            
 29-12-10 2.77 -20 4.9          
27-09-10 2.69 30 2.7            
 33-12-10 2.95 -10 8.9          
25-12-10 2.64 20 0.9            
 54-03-10 2.96 -10 29.2       
183 16.6          -151 3.7          
