3y
91d
5y
0 0
0 0
KR Market
KR Bond(%,bp) YTM 1D 1W 1M
CD91D 3.000 0.0 -5.0 -32.0
2.639 -1.3 0.2 -4.4
 2.880 2.885
2.655 -2.6 3.0 0.0 POSCO314-2
 3.078 3.237 AA+
2.647 -1.8 13.6 11.1
 2.810 2.859 AAA
2.737 -1.8 7.5 12.2
 2.770 2.789 AAA
2.845 -3.0 5.1 17.0
 2.770 2.843 AAA
2.732 -4.4 -0.6 15.9
 3.175 3.065 AAA
KR Credit(%,bp) YTM 1D 1W 1M
 2.873 2.855 AAA
3.306 -2.5 7.5 4.3
 2.918 2.922 AAA
3.296 -1.5 10.7 9.7 POSCO314-3
 3.124 3.269 AA+
6.638 -2.0 10.9 8.0
 3.105 3.198 AA+
KTB Futures(tick)
 1D 1W
KTBF 3Y 8.0 -30.0
 (십억계약,%,년)
LKTBF 10Y 34.0 -65.0
KR Stock(%) Index 1D 1W 1M
KOSPI 0.31 0.21 0.12
KOSDAQ 1.39 -0.03 3.50
FX Market(%) Price 1D 1W 1M
1,463.2 -0.52 0.67 2.11
928.1 -0.48 0.53 -0.95
1D(bp) 1D(bp) 1D(bp)
1Y 2.750 -1.0 1Y 2.685 -2
 11.1 0.3
2Y 2.678 -1.7 2Y 2.635 -0.5
 2.3 0.9
3Y 2.678 -2.7 3Y 2.680 0.5
 3.1 -0.9
5Y 2.728 -2.7 5Y 2.720 -2.5
 -1.0 -1.0
10Y 2.800 -2.8 10Y 2.730 -2.5
 -4.5 0.2
US Bond Market
US Bond(%,bp) YTM 1D 1W 1M
UST2Y 4.369 -1.5 7.4 12.0
UST5Y 4.598 -0.2 13.1 34.6
UST10Y 4.794 1.0 10.7 39.5
UST30Y 4.977 1.3 6.2 37.5
KR Credit Market
 (계약수)
Bond Yield(%, bp) Yield 1D 1W 1M 3M 1Y
2.819 -2.1 -6.7 -18.4 -37.7 -73
2.895 -2.7 8.3 3.2 -24.2 -66.8
2.985 -2.1 4.9 7.3 -18.6 -57.1
2.842 -0.6 -5.0 -15.6 -35.6 -71.9 Fund Flow (십억원)
2.941 -2.0 9.3 4.6 -22.5 -72.2 YTD
3.042 -2.0 5.6 9.9 -18.6 -73.1 27,932
3.048 -2.5 -7.5 -16.5 -25.5 -71.6 38,249
3.214 -2.5 7.5 4.3 -13.9 -74.9 23,952
3.380 -2.3 6.0 11.4 -16.5 -72.5 108,990
3.126 -2.5 -7.5 -16.0 -26.1 -79.9 -10,696
3.306 -2.5 7.5 4.3 -14.3 -87.9 *는 T-2일 기준, 펀드는 설정액 및 ETF 제외 기준
3.488 -2.3 6.0 11.4 -16.7 -81.4 **는 T-4일 기준
3.824 -2.5 -5.0 -14.5 -32.6 -97.7
4.188 -2.5 9.5 5.5 -20.5 -88.7
 (십억원)
4.608 -2.3 6.5 11.9 -17.7 -66.7
4.541 -2.5 -5.0 -14.5 -33.1 -95.7 POSCO314-2 AA+ 280
4.981 -2.5 9.5 5.5 -20.5 -85.2
 - 232
5.292 -2.3 6.5 11.9 -17.7 -65.7
 AA0 80
5.113 -2.5 -5.0 -14.5 -32.6 -94.7
 - 70
5.621 -2.5 9.5 5.5 -19.5 -81.7
 AA- 70
5.933 -2.3 6.5 11.9 -17.7 -64.9 SBS14-1 AA0 60
2.998 -1.9 -3.0 -11.8 -24.1 -70.4
 AA- 60
3.123 -1.7 9.2 8.8 -18.0 -58.5 POSCO314-1 AA+ 60
3.146 -1.9 5.5 9.9 -19.0 -61.9
 AAA 50
3.032 -1.9 -3.2 -10.9 -22.5 -74.8
 AA+ 50
3.222 -1.5 10.8 9.8 -14.6 -61
 AA- 40
3.247 -2.2 5.7 10.4 -16.2 -69.4
 AA- 40
3.061 -1.9 -3.0 -10.6 -21.9 -76
 - 40
3.249 -1.4 10.8 9.8 -15.0 -62.5
 AA+ 30
3.310 -1.9 6.0 10.6 -16.0 -69.5
 AA- 30
3.092 -1.7 -2.9 -10.4 -21.7 -76.9
 AA+ 30
3.296 -1.5 10.7 9.7 -15.1 -64.3 POSCO314-4 AA+ 30
3.414 -2.0 5.9 10.7 -15.9 -70.3
 - 20-1,627-1,943
-13,329
1,146
IRS(%) CRS(%) Spread(bp)
-1,705
7,371521
2,1531,466
3,338
2,000
2,0002,000
10,000
5,900
3,500
3,500
2,200
2,000
1,7000.000
25,000
10,000
22,000
0
0
2.625
2.880
2.725
0.000
 0
0
-4,080
127,820 -1,085 307 3,3711M
198,989 68 2,561 8,739
1D 1W
174,832 501 2,652
2028-01-14 - 3.08013,874
59,879 0 0 -2,1671,725,583 0 0
- 4.850
2025-07-11 3.578 3.5302028-05-27 - 3.770
2025-01-24 3.153 3.140
- 2.890
2026-02-18 2.911 2.8702026-08-28 3.087 3.040
2025-02-23 3.300 3.350
3.532 3.760
2029-06-11 - 4.7002026-03-03 2.937 2.880
2025-07-18 3.413 3.280
- 5.2102025-02-07 3.263 3.260
2032-01-14 - 3.1802028-02-20 3.117 3.150
2025-06-09 3.424 3.270▪
▪
▪
2,497.4
718.0106.6
117.2
2027-06-212025-02-072027-01-142054-11-08
MMF*
0
0
15 Jan. 2025
27-01-14 2.77 250 2.0            
 27-06-10 2.69 -110 2.4          
29-09-10 2.74 120 4.7            
 25-03-11 3.06 -90 0.2          
25-12-10 2.62 110 0.9            
 29-03-10 2.77 -60 4.2          
27-09-03 2.72 110 2.6            
 33-12-10 3.03 -50 8.9          
28-01-14 2.83 80 3.0            
 28-04-21 2.91 -30 3.3          
670 2.5            -340 3.1          
30-01-14 3.11 150 5.0            
 26-03-03 2.56 -330 1.1          
54-03-10 2.74 98 29.2          
 26-01-02 2.64 -80 1.0          
27-01-14 2.87 100 2.0            
 27-12-10 2.74 -60 2.9          
27-12-10 2.64 52 2.9            
 26-01-21 2.72 -60 1.0          
27-01-02 2.66 40 2.0            
 26-06-10 2.70 -50 1.4          
440 9.2            -580 1.3          
27-07-14 2.81 260 2.5            
 25-11-10 2.81 -50 0.8          
25-04-14 3.18 170 0.2            
 26-02-15 2.83 -30 1.1          
27-01-14 2.77 150 2.0            
 25-12-28 2.82 -30 1.0          
25-03-11 3.06 90 0.2            
 54-03-10 2.72 -26 29.2       
27-12-10 2.65 72 2.9            
 26-04-14 2.84 -20 1.2          
742 1.6            -156 5.7          
27-12-10 2.76 116 2.9            
 30-06-10 2.86 -84 5.4          
54-09-10 2.69 90 29.7          
 32-12-10 3.01 -43 7.9          
44-09-10 2.75 76 19.7          
 25-06-10 2.77 -40 0.4          
27-06-10 2.69 36 2.4            
 26-09-10 2.09 -39 1.7          
29-06-10 2.82 30 4.4            
 28-03-10 2.77 -35 3.2          
348 13.6          -241 4.1          
