10Y
91d
0 0
0 0
0 0
KR Market
KR Bond(%,bp) YTM 1D 1W 1M
CD91D 3.380 6.0 10.0 -6.0
2.684 0.1 -1.1 -17.4
 2.970 2.909 AAA
2.664 0.9 1.4 -31.2
 2.960 2.927 AAA
2.551 1.5 -2.3 -38.6
 2.900 2.956 AAA
2.650 3.5 7.8 -34.0
 3.210 3.258 AAA
2.712 3.7 4.0 -36.8
 3.080 2.998 AAA
2.635 6.2 7.0 -36.9
 2.900 2.956 AAA
KR Credit(%,bp) YTM 1D 1W 1M
 3.980 3.262 AA-
3.281 1.8 6.4 -24.1
 3.350 3.059 AA+
3.214 1.5 4.3 -28.7
 3.122 3.122 AA+
6.573 1.5 3.7 -32.6
 3.119 3.119 AA+
KTB Futures(tick)
 1D 1W
KTBF 3Y -7.0 -15.0
 (십억계약,%,년)
LKTBF 10Y -38.0 -103.0
KR Stock(%) Index 1D 1W 1M
KOSPI -0.22 5.44 2.98
KOSDAQ 0.69 11.41 1.91
FX Market(%) Price 1D 1W 1M
1,435.0 0.14 -0.14 2.59
935.0 -0.22 -2.00 3.90
1D(bp) 1D(bp) 1D(bp)
1Y 2.803 1.3 1Y 2.645 4
 11.9 1.1
2Y 2.628 2.0 2Y 2.465 2
 -3.7 1.1
3Y 2.573 2.3 3Y 2.455 3.5
 2.1 0.7
5Y 2.565 2.5 5Y 2.420 3.5
 -8.5 -1.0
10Y 2.613 3.0 10Y 2.445 3.5
 -10.0 -0.7
US Bond Market
US Bond(%,bp) YTM 1D 1W 1M
UST2Y 4.238 -1.1 11.1 -6.9
UST5Y 4.240 -1.2 16.4 -6.9
UST10Y 4.389 -1.0 18.3 -5.2
UST30Y 4.602 0.0 21.3 -1.7
KR Credit Market
 (계약수)
Bond Yield(%, bp) Yield 1D 1W 1M 3M 1Y
3.008 0.5 0.2 -22.6 -21.0 -71.4
2.876 1.3 4.1 -31.7 -21.8 -76.5
2.946 3.4 8.8 -28.9 -14.9 -67.8
3.007 0.9 1.4 -26.1 -23.2 -73.5 Fund Flow (십억원)
2.909 1.4 4.1 -31.3 -21.2 -84.7 YTD
2.976 3.3 8.4 -31.9 -17.3 -87.7 19,193
3.223 1.0 1.7 -14.5 -13.0 -66.1 42,329
3.189 1.8 6.4 -23.7 -15.5 -82.3 20,581
3.301 3.5 8.8 -31.2 -17.9 -86.7 102,028
3.296 1.0 1.7 -14.8 -14.9 -74.4 -8,875
3.281 1.8 6.4 -24.1 -17.7 -93.1 *는 T-2일 기준, 펀드는 설정액 및 ETF 제외 기준
3.409 3.5 8.8 -31.2 -18.9 -96.1 **는 T-4일 기준
3.979 1.0 0.7 -17.6 -23.4 -92.2
4.148 1.5 5.6 -28.1 -25.4 -98.9
 (십억원)
4.524 3.5 8.3 -32.7 -19.9 -81.9
4.696 1.0 0.7 -17.6 -23.9 -90.2
 - 90
4.941 1.5 5.6 -28.1 -25.4 -95.4
 A0 60
5.208 3.5 8.3 -32.7 -19.9 -80.9
 AA- 60
5.268 1.0 0.7 -17.6 -23.4 -89.2 SK313-1 AA+ 60
5.581 1.5 5.6 -27.6 -24.4 -91.4
 - 59
5.849 3.5 8.3 -32.7 -19.9 -80.1
 - 50
3.117 0.1 -0.7 -15.6 -13.2 -71.7
 - 50
3.051 1.6 3.9 -30.2 -20.1 -74
 - 50
3.081 3.4 8.4 -32.0 -17.3 -77.7
 - 50
3.145 0.4 -0.4 -14.8 -12.7 -75.1
 A+ 50
3.139 1.5 4.3 -28.6 -18.1 -75.4
 AA+ 40
3.178 3.5 8.4 -30.4 -15.0 -85.1
 - 40
3.170 0.3 -0.3 -14.9 -12.5 -76.5
 - 40
3.166 1.5 4.2 -28.7 -19.1 -76.7
 AA0 40
3.238 3.4 8.5 -30.4 -15.5 -85.4
 AA+ 30
3.200 0.4 -0.2 -14.8 -12.4 -77.4
 AA0 30
3.214 1.5 4.3 -28.7 -19.0 -78.4
 AAA 30
3.341 3.4 8.5 -30.3 -15.6 -86.2
 AA- 30▪
▪
▪
2,489.0
698.5106.7
118.9
2025-04-082026-08-212028-06-212027-11-26
MMF*
0
0
3.482 3.552025-02-14 3.291 3.21
2026-12-16 - 3.732027-06-03 3.139 3.14
2025-02-12 3.378 3.41- 3.73
2029-06-20 - 42025-11-06 3.448 3.45
2025-05-23 3.438 3.443.368 4.94
2029-04-26 - 5.12027-04-08 - 5.13
2029-10-17 - 03.123 3.13
2029-09-10 - 3.562026-05-20 - 5.5
2099-12-31 4.798 4.85
2031-06-10 - 3.3315,876
61,701 -346 324 2,0701,718,621 6,912 4,707
1,630
124,448 100 2,187 5,4321M
190,250 -319 -7,396 -9,416
1D 1W
178,912 -255 355
0
0
0
0
0.000
2,000
5,000
0
0
0
2.665
2.950
0.000
0.000
1,000
1,0001,000
2,500
1,900
1,600
1,500
1,500
900
700
-15,9704,949
29,391
-5,484
IRS(%) CRS(%) Spread(bp)
2,668
-8,052-97
-764-1,163
-5,684
17 Dec. 2024
25-03-18 2.96 370 0.3            
 30-06-10 2.80 -30 5.5          
25-03-16 3.21 80 0.2            
 29-09-10 2.64 -20 4.7          
26-10-02 2.67 70 1.8            
 27-06-10 2.61 -20 2.5          
27-12-16 2.82 50 3.0            
 27-09-15 2.84 -10 2.7          
27-03-10 2.67 50 2.2            
 27-05-11 3.26 -10 2.4          
620 0.8            -90 4.0          
26-12-16 2.97 102 2.0            
 48-03-10 2.61 -50 23.2       
54-09-10 2.54 89 29.8          
 26-07-02 2.70 -40 1.5          
34-06-10 2.81 64 9.5            
 29-03-10 2.71 -34 4.2          
29-09-10 2.65 28 4.7            
 25-03-10 2.83 -30 0.2          
30-06-10 2.80 30 5.5            
 26-10-02 2.67 -20 1.8          
313 12.0          -174 8.1          
25-12-13 3.31 150 1.0            
 28-03-10 2.68 -90 3.2          
25-12-16 3.35 100 1.0            
 54-09-10 2.56 -72 29.8       
29-09-10 2.64 95 4.7            
 29-03-10 2.71 -70 4.2          
34-06-10 2.81 68 9.5            
 26-03-03 2.70 -50 1.2          
25-03-16 3.23 70 0.2            
 25-12-10 2.68 -40 1.0          
483 2.8            -322 8.8          
34-12-10 2.72 23 10.0          
 25-12-10 2.71 -50 1.0          
31-12-10 2.82 20 7.0            
 26-03-10 2.73 -50 1.2          
26-10-02 2.66 20 1.8            
 26-08-07 2.91 -10 1.6          
54-09-10 2.55 5 29.8          
 26-04-21 2.94 -10 1.3          
26-06-10 2.70 1 1.5            
 29-12-10 2.76 -3 5.0          
69 8.1            -123 1.3          
