91d
0 0
0 0
0 0
0 0
KR Market
KR Bond(%,bp) YTM 1D 1W 1M
CD91D 3.610 -1.0 1.0 4.0
3.381 1.4 1.1 -6.9
 3.522 3.552 AAA
3.428 2.3 -0.7 -9.7
 3.622 3.569 AAA
3.420 3.3 0.5 -11.7
 3.580 3.559 AAA
3.465 5.0 2.0 -14.7
 3.659 3.768 AA0
3.535 5.8 5.0 -15.5
 7.000 -
3.477 5.0 6.5 -12.6
 3.759 3.739 AA+
KR Credit(%,bp) YTM 1D 1W 1M
 3.776 3.749 AA+
3.969 2.8 -0.2 -10.7
 3.787 3.763 AA+
3.844 2.8 -0.7 -15.6
 4.06 3.787 AA-
7.561 2.6 -2.7 -23.6
 4.035 3.862 AA-
KTB Futures(tick)
 1D 1W
KTBF 3Y -11 -10
 (십억계약,%,년)
LKTBF 10Y -51 -59
KR Stock(%) Index 1D 1W 1M
KOSPI -1.67 -1.69 -0.38
KOSDAQ -1.48 -0.86 -3.60
FX Market(%) Price 1D 1W 1M
1365 0.48 0.15 -0.87
868.71 0.35 -0.27 -1.70
1D(bp) 1D(bp) 1D(bp)
1Y 3.535 1.50 1Y 3.485 0
 15.4 0.10
2Y 3.473 3.75 2Y 3.31 2
 4.5 1.45
3Y 3.433 4.50 3Y 3.295 2
 1.3 1.20
5Y 3.415 5.25 5Y 3.285 2.5
 -5.0 0.25
10Y 3.413 5.25 10Y 3.125 2.5
 -12.3 -0.55
US Bond Market
US Bond(%,bp) YTM 1D 1W 1M
UST2Y 4.983 -0.4 10.3 -0.4
UST5Y 4.639 3.8 17 -1.2
UST10Y 4.618 6.3 19.1 -0.1
UST30Y 4.736 6.7 19.6 0.2
KR Credit Market
 (계약수)
Bond Yield(%, bp) Yield 1D 1W 1M 3M 1Y
3.581 1.2 0.1 -5.9 -9.1 -27.1
3.574 2.4 -1.0 -13.1 -6.9 -37
3.599 4.7 1.2 -14.6 -6.8 -39.1
3.626 1.3 0.2 -6.7 -8.9 -28.7 Fund Flow (십억원)
3.681 3.1 -0.3 -12.5 -9.1 -41.8 YTD
3.774 4.6 0.3 -18.2 -13.6 -42.9 38359
3.737 1.0 0.2 -5.1 -2.5 -35.8 16713.7
3.843 2.8 0.0 -9.2 -9.3 -44.4 9675
4.087 4.5 0.9 -16.6 -13.2 -55.9 18888
3.795 1.0 -0.3 -6.6 -10.8 -42.3 -1134.8
3.969 2.8 -0.2 -10.7 -19.2 -52.5 *는 T-2일 기준, 펀드는 설정액 및 ETF 제외 기준
4.236 4.5 0.5 -18.0 -18.0 -62.4 **는 T-4일 기준
4.751 1.0 -0.3 -7.6 -10.3 -34.5
5.066 2.8 -1.0 -13.0 -10.4 -33.2
 (십억원)
5.375 4.5 0.5 -16.2 -5.5 -35.9
5.468 1.0 0.2 -7.1 -9.3 -32
 AA- 60
5.851 2.8 -0.5 -12.0 -7.7 -32
 AA- 40
6.059 4.5 1.0 -15.7 -4.5 -36
 AA- 40
6.040 1.0 0.2 -7.1 -9.3 -34
 AAA 40
6.476 2.8 -0.5 -12.0 -7.7 -30.5
 35
6.700 4.5 1.0 -15.7 -4.5 -35.6
 AA- 30
3.661 1.4 0.3 -5.5 -8.7 -32.2
 A+ 30
3.733 3.3 0.8 -12.1 -7.5 -40.4
 AA- 30
3.798 4.8 1.2 -16.7 -9.0 -51.9
 AA0 30
3.683 1.1 0.2 -4.6 -12.2 -39.3
 AAA 30
3.760 3.1 0.1 -13.7 -16.1 -49.2
 AA- 30
3.910 4.8 1.2 -17.8 -15.8 -54.8
 AA0 30
3.712 1.0 0.0 -5.0 -13.5 -40.6
 30
3.800 3.1 -0.1 -14.2 -16.3 -49.7
 30
3.980 4.9 1.3 -17.6 -15.3 -54.6
 AA0 20
3.739 1.0 -0.2 -5.7 -14.8 -41.9
 AAA 20
3.844 2.8 -0.7 -15.6 -17.9 -51.1
 AAA 20
4.088 4.9 1.3 -17.6 -15.3 -54.8 KT198-1 AAA 20▪
▪
▪
2677.30
838.45104.39
112.19
2025-01-102025-10-022026-05-272024-07-19
MMF*
0
0
3.522 3.612025-05-28 3.587 3.59
2029-03-25 3.622 3.662025-04-30 - 6.9
2025-02-28 3.869 4.123.597 3.63
2026-05-29 - 6.22025-04-27 3.623 3.66
2026-08-11 3.811 3.823.725 3.7
2025-05-09 3.751 3.752026-04-15 3.792 3.79
2026-09-04 4.076 3.973.57 3.6
2025-05-29 - 72027-01-30 3.74 3.71
2026-05-29 - 3.82
2027-05-28 - 3.8913107.9
69440.6 -2787.1 -1205.9 -1454.51635480.8 9376.8 9912.6
4288.7
113542.7 -148.2 249 2670.21M
209416.5 3306.6 1399.4 9837.6
1D 1W
153296.9 164.6 346.5
0
0
0
0
0
0
0.000
6200
0
0
0
0
3.470
0.000
0.000
0.000
500
100400
1400
1800
1300
300
350
500
1100
-1218010172
21639
-12076
IRS(%) CRS(%) Spread(bp)
1926
-425732
-263-442
-2558
30 May. 2024
24-08-01 3.56 611 0.2            
 24-06-10 2.09 -110 0.0          
26-06-10 3.43 120 2.0            
 25-06-10 3.41 -80 1.0          
26-04-02 3.43 120 1.8            
 25-10-28 3.65 -50 1.4          
54-03-10 3.39 110 29.8          
 28-06-01 3.61 -40 4.0          
26-01-02 3.44 100 1.6            
 28-02-24 3.55 -40 3.7          
1,061 3.8            -320 1.5          
54-03-10 3.43 147 29.8          
 24-11-20 3.59 -20 0.5          
33-12-10 3.53 97 9.5            
 28-11-19 3.68 -20 4.5          
26-03-10 3.45 101 1.8            
 42-12-10 3.48 -20 18.5       
52-03-10 3.41 85 27.8          
 50-03-10 3.19 -19 25.8       
26-01-02 3.44 60 1.6            
 53-09-10 3.40 -10 29.3       
490 16.2          -89 14.1       
24-08-01 3.56 563 0.2            
 25-06-10 3.39 -60 1.0          
24-06-13 3.54 120 0.0            
 26-12-10 3.42 -55 2.5          
26-05-29 3.83 90 2.0            
 24-12-27 3.82 -50 0.6          
25-05-29 3.70 80 1.0            
 24-12-10 3.38 -40 0.5          
27-06-10 3.41 74 3.0            
 26-06-10 3.44 -21 2.0          
927 0.6            -226 1.3          
54-03-10 3.39 100 29.8          
 31-12-10 3.59 -309 7.5          
24-08-01 3.56 85 0.2            
 24-09-10 3.47 -55 0.3          
33-12-10 3.53 75 9.5            
 30-12-10 3.52 -50 6.5          
26-03-10 3.44 49 1.8            
 52-03-10 3.43 -51.1 27.8       
33-12-10 3.54 40 9.5            
 25-09-10 3.42 -40.0 1.3          
349 12.0          -506 8.2          
