10y
91d
3y
3y
0 0
KR Market
KR Bond(%,bp) YTM 1D 1W 1M
CD91D 3.510 -1.0 2.0 -1.0
3.015 0.4 -0.5 -21.2
 3.220 3.379 AAA
2.978 -2.6 2.5 -15.4
 3.200 3.298 AAA
2.905 -3.5 1.8 -18.2
 3.300 - AAA
2.935 -2.6 3.7 -17.7
 3.260 3.252 AAA
2.982 -1.5 4.2 -19.0
 3.260 3.252 AAA
2.995 -0.2 6.5 -12.2
 3.471 - AA
KR Credit(%,bp) YTM 1D 1W 1M
 3.579 3.513 AA-
3.531 -3.0 4.8 -3.4
 3.424 - AA
3.424 -3.4 3.5 -11.4
 11.00 -
6.959 -3.5 1.8 -22.5
 3.620 -
KTB Futures(tick)
 1D 1W
KTBF 3Y 11 3
 (십억계약,%,년)
LKTBF 10Y 12 -10
KR Stock(%) Index 1D 1W 1M
KOSPI 0.24 2.39 -2.40
KOSDAQ -0.82 -0.43 -4.76
FX Market(%) Price 1D 1W 1M
1334.7 -0.14 -1.90 -3.72
918.7 0.60 -0.37 3.32
1D(bp) 1D(bp) 1D(bp)
1Y 3.203 -2.00 1Y 2.88 -5
 18.8 -2.40
2Y 3.000 -3.00 2Y 2.765 -3.5
 2.2 -0.40
3Y 2.910 -3.00 3Y 2.72 -3.5
 0.5 0.50
5Y 2.870 -2.00 5Y 2.715 -3.5
 -6.5 0.60
10Y 2.898 -1.00 10Y 2.625 -3.5
 -8.5 0.50
US Bond Market
US Bond(%,bp) YTM 1D 1W 1M
UST2Y 3.976 4.1 -12.1 -51.5
UST5Y 3.692 3.3 -9.9 -47.3
UST10Y 3.829 2.7 -8.6 -42.3
UST30Y 4.101 2.2 -7.1 -38.4
KR Credit Market
 (계약수)
Bond Yield(%, bp) Yield 1D 1W 1M 3M 1Y
3.262 0.3 1.6 -9.5 -32.1 -54.9
3.141 -3.0 3.2 -10.1 -43.7 -95.8
3.151 -2.5 3.7 -12.2 -42.9 -100.3
3.324 -0.1 3.4 -2.2 -30.1 -56.3 Fund Flow (십억원)
3.193 -3.4 1.9 -14.2 -49.0 -103.8 YTD
3.210 -2.6 3.4 -15.3 -55.6 -115.8 28895.3
3.433 0.0 3.0 -6.7 -30.4 -67.7 33535.9
3.417 -3.0 4.8 -5.9 -42.6 -115.4 14271.6
3.537 -2.5 4.8 -13.2 -53.3 -123.6 37806.6
3.505 0.0 3.5 -4.7 -29.0 -78.5 -4176.4
3.531 -3.0 4.8 -3.4 -44.0 -129.5 *는 T-2일 기준, 펀드는 설정액 및 ETF 제외 기준
3.660 -2.5 4.8 -13.7 -56.1 -132 **는 T-4일 기준
4.383 0.5 1.0 -12.7 -36.8 -70.1
4.537 -3.0 2.8 -11.9 -53.4 -109.3
 (십억원)
4.798 -2.5 3.8 -16.7 -56.2 -112.3
5.105 0.5 1.0 -12.7 -35.8 -67.1
 AA+ 70
5.330 -3.0 2.8 -11.9 -52.1 -105.3
 AA- 50
5.482 -2.5 3.8 -16.7 -55.7 -110.8
 AA0 50
5.672 0.5 1.0 -12.7 -36.3 -68.1
 AA- 45
5.960 -3.0 2.8 -11.9 -51.6 -102.8
 40
6.123 -2.5 3.8 -16.7 -55.7 -110
 30
3.313 0.3 4.0 -14.5 -34.8 -67.9
 AA0 20
3.276 -3.4 3.0 -14.1 -44.9 -100.6
 BBB+ 15
3.296 -2.6 4.6 -14.5 -48.0 -117
 AA+ 12
3.333 0.6 4.2 -14.8 -35.1 -75
 AA- 10
3.341 -3.4 3.5 -11.9 -41.9 -109.6
 A0 8
3.377 -2.6 5.0 -12.5 -50.9 -125.7
 8
3.354 0.7 4.3 -14.9 -36.2 -77.3
 7
3.379 -3.3 3.5 -11.6 -42.3 -109.3
 AAA 6
3.441 -2.6 4.9 -12.6 -51.5 -125.4 0 0 0
3.383 0.6 4.2 -14.7 -36.1 -78 0 0 0
3.424 -3.4 3.5 -11.4 -42.8 -111 0 0 0
3.545 -2.6 5.0 -12.6 -51.9 -125.9 0 0 0▪
▪
▪
2707.67
773.47105.98
117.25
1900-01-002027-04-072025-08-222026-02-04
MMF*
0
0 01900-01-00 0 0
1900-01-00 0 02024-10-28 3.376 3.55
1900-01-00 0 0- 4.6
2025-08-14 - 7.22028-09-26 3.371 3.39
2024-09-13 3.838 3.7- 8
2034-08-06 4.297 4.262027-05-22 - 11
2029-01-22 3.278 3.253.272 3.25
2028-12-20 - 4.22026-06-26 3.382 3.4
2025-07-04 3.513 3.56
2026-02-09 3.321 3.31-2049.8
66399 -218 -949.3 -3050.21654399.4 -2955.2 7133.6
4598.2
118139.3 -112.1 1681.4 -802.91M
199952.8 -404.7 2858.7 -5461.8
1D 1W
170119.1 168.7 845.2
0
 0.000
20000
5000
11000
11000
0
2.980
3.140
2.980
2.980
300
300500
10000
5600
4400
2700
1200
300
203
3823-5601
-2160
11524
IRS(%) CRS(%) Spread(bp)
-4027
-2898238
2438-754
1554
23  Aug. 2024
25-06-10 3.05 170 0.8            
 25-01-19 3.37 -60 0.4          
26-02-22 3.30 100 1.5            
 24-09-10 2.16 -56 0.1          
26-08-22 3.27 100 2.0            
 26-12-10 2.92 -50 2.3          
25-08-22 3.30 100 1.0            
 25-06-10 3.05 -50 0.8          
26-04-02 3.01 20 1.6            
 27-03-03 2.99 -40 2.5          
490 1.3            -256 1.1          
54-03-10 2.91 80 29.6          
 25-06-26 3.30 -60 0.8          
24-12-16 3.49 20 0.3            
 53-09-10 2.92 -40 29.1       
43-09-10 2.99 17 19.1          
 33-12-10 2.99 -36 9.3          
52-03-10 3.28 20 27.6          
 25-06-20 3.31 -30 0.8          
53-03-10 2.93 11 28.6          
 24-11-19 3.37 -30 0.2          
148 24.1          -196 8.1          
24-09-20 3.53 100 0.1            
 25-02-21 3.47 -30 0.5          
26-02-22 3.30 100 1.5            
 54-03-10 2.90 -25 29.6       
26-08-22 3.26 40 2.0            
 25-09-01 3.28 -20 1.0          
26-08-22 3.26 40 2.0            
 24-12-16 3.47 -20 0.3          
34-06-10 2.98 33 9.8            
 25-06-28 3.42 -20 0.8          
313 2.0            -115 7.0          
25-06-10 3.03 110 0.8            
 25-03-10 3.11 -100 0.5          
25-08-21 3.30 80 1.0            
 25-06-10 3.06 -100 0.8          
54-03-10 2.89 51 29.6          
 25-09-10 3.04 -100.0 1.1          
26-09-03 2.97 30 2.0            
 26-09-10 2.96 -100.0 2.1          
25-09-15 3.30 30 1.1            
 24-09-10 2.80 -80.3 0.1          
301 5.8            -480 0.9          
