5y
20y
0 0
0 0
0 0
KR Market
KR Bond(%,bp) YTM 1D 1W 1M
CD91D 3.600 0.0 0.0 5.0
3.370 0.0 -0.6 -4.8
 3.540 3.559 AAA
3.430 0.3 -3.5 -6.5
 3.410 3.445 AAA
3.412 0.5 -4.0 -6.5
 4.280 5.080 AA-
3.445 0.3 -5.0 -10.5
 3.560 3.576 AAA
3.495 -0.2 -5.0 -9.5
 3.540 3.559 AAA
3.430 -2.3 -4.3 -6.0
 3.600 3.578 AAA
KR Credit(%,bp) YTM 1D 1W 1M
 3.560 3.635 AAA
3.971 0.5 -3.0 -6.5
 3.614 3.613 AAA
3.847 0.0 -4.6 -12.3
 3.72 3.690 AAA
7.585 0.2 -5.8 -19.3
 3.790 3.578 AAA
KTB Futures(tick)
 1D 1W
KTBF 3Y 0 12
 (십억계약,%,년)
LKTBF 10Y 5 49
KR Stock(%) Index 1D 1W 1M
KOSPI -0.65 -0.23 5.11
KOSDAQ -0.07 -1.81 0.55
FX Market(%) Price 1D 1W 1M
1363.3 0.55 -0.42 -1.37
873.07 0.30 -0.25 -2.47
1D(bp) 1D(bp) 1D(bp)
1Y 3.573 0.00 1Y 3.51 2
 20.3 0.00
2Y 3.475 0.00 2Y 3.29 0
 4.5 -0.30
3Y 3.410 0.00 3Y 3.285 0.5
 -0.2 -0.50
5Y 3.370 0.25 5Y 3.24 0
 -7.5 -0.05
10Y 3.368 -0.25 10Y 3.085 -1
 -12.8 -0.05
US Bond Market
US Bond(%,bp) YTM 1D 1W 1M
UST2Y 4.839 -1.9 1.4 -15.8
UST5Y 4.441 -3.2 -2 -23.6
UST10Y 4.417 -3.2 -2.8 -20.8
UST30Y 4.551 -3.7 -3.6 -16.2
KR Credit Market
 (계약수)
Bond Yield(%, bp) Yield 1D 1W 1M 3M 1Y
3.578 0.2 0.0 -1.9 -5.6 -13.8
3.582 0.3 -3.8 -4.6 -6.7 -11.9
3.587 0.3 -4.7 -8.8 -7.7 -14.5
3.624 0.1 -2.0 -0.3 -5.0 -14.8 Fund Flow (십억원)
3.683 0.5 -3.8 -6.4 -10.3 -16.9 YTD
3.771 0.2 -5.5 -13.4 -15.2 -18.6 37548.1
3.735 0.0 -1.0 0.5 1.3 -22.5 16225
3.840 0.5 -3.0 -4.8 -13.4 -22.1 9468.8
4.083 0.3 -4.5 -11.8 -15.6 -33 10631.9
3.798 0.0 -1.5 -0.3 -7.5 -30.5 57.9
3.971 0.5 -3.0 -6.5 -23.3 -31.7 *는 T-2일 기준, 펀드는 설정액 및 ETF 제외 기준
4.236 0.3 -5.5 -12.8 -20.0 -40.1 **는 T-4일 기준
4.754 0.0 -1.0 -3.5 -8.0 -20.7
5.076 0.5 -3.5 -7.0 -12.9 -10.4
 (십억원)
5.375 0.3 -4.5 -10.0 -7.5 -12.6
5.466 0.0 -1.0 -3.5 -7.0 -17.7
 AA- 90
5.856 0.5 -3.5 -6.0 -10.7 -8.7
 A- 90.0
6.054 0.3 -4.5 -10.0 -7.0 -13.2
 AA- 70.026
6.038 0.0 -1.0 -3.5 -7.0 -21.2
 AA- 70
6.481 0.5 -3.5 -6.0 -10.2 -7.2
 57.2
6.695 0.3 -4.5 -10.0 -7.0 -12.8
 AA- 50.277
3.656 0.1 0.3 -3.5 -7.1 -19.4
 AA0 50
3.722 0.5 -3.3 -9.6 -12.4 -17.9
 AA0 50
3.789 0.3 -5.4 -12.4 -12.6 -29.1
 AAA 50
3.683 0.4 1.0 -2.4 -12.2 -25.8
 AA0 50
3.758 0.3 -4.1 -11.3 -20.2 -25.6
 AA0 50
3.903 0.1 -5.3 -14.0 -19.2 -31.8
 AA0 40
3.711 0.5 1.0 -3.2 -13.6 -27.2
 40
3.796 0.1 -4.3 -11.8 -20.6 -26.4
 40
3.971 0.2 -5.3 -13.6 -18.8 -31.3
 40
3.739 0.3 0.7 -4.1 -14.8 -28.5
 AA0 40
3.847 0.0 -4.6 -12.3 -21.9 -27.2
 AAA 40
4.079 0.2 -5.3 -13.6 -19.2 -31.6
 AA- 40▪
▪
▪
2724.18
846.51104.43
112.56
2027-02-052024-09-192026-01-212026-09-23
MMF*
0
0
3.868 3.82027-01-22 3.719 3.69
1931-06-03 3.727 3.692028-04-21 - 5.56
2028-04-21 - 5.493.62 3.69
2027-06-20 - 5.252024-11-01 3.595 3.66
2026-07-06 3.735 3.793.657 3.66
2024-10-28 3.567 3.632026-01-23 4.025 3.94
2025-07-14 3.667 3.73.92 3.87
2028-07-06 - 4.242027-05-21 - 5.19
2025-08-06 3.697 3.67
2026-02-06 3.787 3.76-5545.9
70633.3 201.5 -828.5 -715.91627224.7 -2468.5 -448.9
5220.9
113336.5 472.2 869.9 4997.91M
208605.6 476.5 3695.5 -181
1D 1W
152808.2 652.9 1484.1
0
0
0
0
0.000
23000
7000
0
0
0
3.420
3.425
0.000
0.000
1800
12242000
5000
3300
3000
2500
2000
1200
1000
-205501590
20055
-5076
IRS(%) CRS(%) Spread(bp)
3828
-8496120
1707-181
2628
22 May. 2024
26-05-21 3.54 250 2.0            
 32-12-10 3.51 -113 8.6          
25-11-21 3.56 220 1.5            
 43-09-10 3.43 -55 19.3       
29-05-21 3.56 180 5.0            
 25-10-02 3.44 -50 1.4          
26-05-21 3.54 160 2.0            
 25-09-07 3.58 -30 1.3          
26-04-02 3.43 100 1.9            
 26-12-10 3.41 -22 2.6          
910 2.5            -270 8.1          
33-12-10 3.49 88 9.6            
 53-09-10 3.34 -25 29.3       
43-09-10 3.44 63 19.3          
 54-03-10 3.35 -22 29.8       
27-05-21 5.19 50 3.0            
 31-12-10 3.51 -10 7.6          
99-12-31 4.28 40 7,980.9     
 26-03-30 3.60 -10 1.9          
29-03-10 3.45 38 4.8            
 27-01-22 3.69 -10 2.7          
279 1,154.8    -77 19.6       
26-05-21 3.54 110 2.0            
 25-06-12 3.65 -50 1.1          
29-03-10 3.45 78 4.8            
 54-03-10 3.34 -45 29.8       
24-11-21 3.79 70 0.5            
 24-07-02 3.76 -40 0.1          
26-12-10 3.41 49 2.6            
 24-07-02 3.92 -40 0.1          
44-05-21 3.72 50 20.0          
 25-11-16 3.61 -40 1.5          
357 4.9            -215 6.8          
54-03-10 3.34 129 29.8          
 72-09-10 3.05 -20 48.3       
52-03-10 3.38 101 27.8          
 44-12-10 3.46 -3 20.6       
33-12-10 3.49 26 9.6            
 40-09-10 3.39 -2 16.3       
43-09-10 3.43 20 19.3          
 29-03-10 3.45 -1.6 4.8          
31-12-10 3.50 19 7.6            
 31-12-10 3.51 -1.3 7.6          
295 25.2          -28 38.7       
