30y
91d
2y
0 0
0 0
KR Market
KR Bond(%,bp) YTM 1D 1W 1M
CD91D 3.430 -1.0 0.0 -8.0
2.840 -1.6 -0.1 -3.0
 3.180 3.202 AAA
2.950 -3.0 0.0 1.2
 3.200 3.224 AAA
2.922 -3.4 -0.8 -1.3
 3.180 3.202 AAA
2.977 -4.3 -0.8 -2.4
 3.174 3.233 AAA
3.094 -4.3 -0.1 1.4
 3.330 3.326 AAA
3.019 -2.1 0.7 7.2
 3.320 3.206 AAA
KR Credit(%,bp) YTM 1D 1W 1M
 4.000 4.585 AAA
3.520 -3.5 -0.5 -0.5
 3.250 3.256 AAA
3.484 -3.5 -2.0 -2.3
 3.220 3.303 AAA
6.889 -3.4 -3.0 -6.7
 3.450 3.547 AA-
KTB Futures(tick)
 1D 1W
KTBF 3Y 12.0 5.0
 (십억계약,%,년)
LKTBF 10Y 41.0 -4.0
KR Stock(%) Index 1D 1W 1M
KOSPI 0.04 0.33 -1.15
KOSDAQ -1.32 -1.28 -5.75
FX Market(%) Price 1D 1W 1M
1396.6 0.03 1.21 3.47
899.71 -1.03 -0.42 -1.19
1D(bp) 1D(bp) 1D(bp)
1Y 3.150 -2.000 1Y 2.905 0
 31.0 -0.4
2Y 3.005 -4.500 2Y 2.75 0
 5.5 -1.5
3Y 2.970 -4.500 3Y 2.71 -2
 4.8 -1.1
5Y 2.968 -5.250 5Y 2.68 -2
 -1.0 -1.0
10Y 3.008 -4.750 10Y 2.725 -2
 -8.7 -0.5
US Bond Market
US Bond(%,bp) YTM 1D 1W 1M
UST2Y 4.2 -6.4 3.0 24.4
UST5Y 4.2 -10.2 1.4 32.7
UST10Y 4.3 -10.7 4.2 31.6
UST30Y 4.5 -8.3 5.5 23.6
KR Credit Market
 (계약수)
Bond Yield(%, bp) Yield 1D 1W 1M 3M 1Y
3.196 -1.0 1.4 -3.2 -4.2 -89.7
3.173 -3.3 -0.9 -2.8 3.4 -120.4
3.219 -4.3 -1.0 -4.1 6.7 -116
3.241 -1.0 1.0 0.6 -3.9 -89.1 Fund Flow (십억원)
3.212 -3.6 -1.0 -1.9 0.9 -118.9 YTD
3.283 -4.3 -1.1 -2.8 6.0 -121.5 30344.4
3.347 -1.5 1.3 0.1 -5.1 -100.2 40520.3
3.424 -3.5 -0.5 0.3 3.7 -144.6 16706.5
3.600 -4.3 -1.0 -3.7 7.1 -139.8 84650.8
3.426 -1.5 1.3 -0.9 -2.9 -111.1 -9623.2
3.520 -3.5 -0.5 -0.5 1.9 -161 *는 T-2일 기준, 펀드는 설정액 및 ETF 제외 기준
3.708 -4.3 -1.0 -4.2 5.6 -149.7 **는 T-4일 기준
4.145 -2.0 0.0 -5.3 -23.8 -119.1
4.430 -3.5 -0.8 -3.9 -12.2 -147
 (십억원)
4.838 -4.3 -1.0 -4.2 1.8 -129.3
4.862 -2.0 0.0 -5.8 -24.3 -116.6
 - 147
5.223 -3.5 -0.8 -3.9 -12.2 -143
 AA+ 100
5.522 -4.3 -1.0 -4.2 1.8 -127.8
 AA- 90
5.434 -2.0 0.0 -5.3 -23.8 -115.6
 A+ 60
5.858 -3.5 -0.8 -3.4 -11.7 -139.5
 AA0 60
6.163 -4.3 -1.0 -4.2 1.8 -127
 - 60
3.245 -1.0 1.6 -2.1 -4.0 -100.5
 AA- 50
3.331 -3.4 -1.1 -3.6 3.8 -114.4
 AA- 50
3.384 -4.3 -1.7 -3.1 8.5 -119.2
 AAA 50
3.272 -0.9 1.7 -1.4 -3.0 -105.3 S-Oil47-3 AA0 40
3.406 -3.4 -1.9 -2.3 6.8 -121.2
 AA0 40
3.464 -4.3 -1.2 -2.9 9.8 -128.1
 AA+ 40
3.296 -0.9 1.7 -1.2 -2.7 -107.1
 AA+ 40
3.436 -3.5 -2.0 -2.3 6.1 -122.3
 AAA 40
3.525 -4.3 -1.2 -2.9 9.5 -128.5
 - 34
3.325 -0.9 1.7 -1.2 -2.7 -107.9 SK294-1 AA+ 30
3.484 -3.5 -2.0 -2.3 6.6 -124
 A0 24
3.628 -4.3 -1.1 -2.9 9.4 -129.1
 AAA 20-25946-6508
18840
8124
IRS(%) CRS(%) Spread(bp)
-319
663491
1132-1093
2706
3000
30002000
3000
2000
3000
1600
1400
1500
6000.000
13000
7100
19100
0
0
2.910
3.050
2.970
0.000
 0
0
5974.7
120574.2 593.8 -634 -576.71M
201401.9 786.7 3627.1 9522.8
1D 1W
177103.5 91.1 1361.8
2029-09-10 - 3.3518390.9
60952.2 -180.3 -191.9 -2533.51701243.6 4063.2 7213.3
3.57 3.59
2025-02-25 3.429 3.422025-02-12 3.483 3.6
2027-10-08 3.396 3.38
3.625 3.63
2026-09-06 3.232 3.232025-04-18 - 3.16
2026-04-15 3.425 3.42
3.492 3.54
2026-04-23 3.384 3.352024-11-27 3.375 3.47
2027-04-02 3.388 3.37
3.277 3.282025-12-03 3.247 3.25
2026-07-30 3.662 3.972027-02-22 3.253 3.24
2029-10-17 - 0▪
▪
▪
2564.63
733.52105.87
116.19
2025-08-252025-02-072025-02-212025-03-04
MMF*
0
0
8 Nov. 2024
26-11-07 3.18 270 2.0            
 28-12-10 3.07 -50 4.1          
26-11-07 3.18 250 2.0            
 30-12-10 3.14 -40 6.1          
26-10-02 2.95 220 1.9            
 26-03-10 2.94 -37 1.3          
27-05-07 3.17 150 2.5            
 26-05-23 3.19 -20 1.5          
25-10-02 2.84 100 0.9            
 29-03-10 3.04 -20 4.3          
990 1.9            -167 3.7          
99-12-31 4.00 110 7,980.4     
 25-10-02 2.84 -210 0.9          
33-12-10 3.13 45 9.1            
 52-03-10 2.95 -42 27.4       
24-12-14 3.24 20 0.1            
 31-12-10 3.12 -30 7.1          
29-11-07 3.33 20 5.0            
 26-03-10 2.96 -30 1.3          
25-11-07 3.32 20 1.0            
 42-09-10 3.03 -30 17.9       
215 4,085.5    -342 6.2          
26-05-07 3.20 110 1.5            
 25-05-07 3.42 -110 0.5          
25-11-07 3.49 110 1.0            
 25-06-26 3.40 -50 0.6          
25-02-28 3.64 60 0.3            
 29-03-10 3.02 -42 4.3          
26-05-07 3.25 60 1.5            
 25-05-07 3.38 -40 0.5          
25-11-07 3.32 55 1.0            
 54-03-10 2.94 -32 29.4       
395 1.1            -274 4.5          
33-06-10 3.11 67 8.6            
 25-05-07 3.42 -110 0.5          
52-03-10 2.95 71 27.4          
 25-06-26 3.40 -50 0.6          
26-09-10 2.82 40 1.8            
 29-03-10 3.02 -42.2 4.3          
25-12-10 2.91 35 1.1            
 25-05-07 3.38 -40.0 0.5          
27-09-10 2.99 34 2.8            
 54-03-10 2.94 -32.0 29.4       
246 11.0          -274 4.5          
