30y
91d
0 0
0 0
0 0
KR Market
KR Bond(%,bp) YTM 1D 1W 1M
CD91D 3.600 -1.0 -2.0 2.0
3.380 -1.0 1.3 -5.1
 - - AAA
3.399 -3.6 -0.6 -10.3
 3.555 3.552 AAA
3.392 -4.0 0.5 -11.3
 4.003 3.850 AA-
3.417 -5.0 0.2 -13.5
 4.033 3.879 AA-
3.472 -6.5 -0.5 -14.5
 4.073 3.926 AA-
3.400 -4.7 -2.7 -13.0
 3.553 3.557 AAA
KR Credit(%,bp) YTM 1D 1W 1M
 4.953 5.020 A+
3.924 -4.5 -1.7 -12.0
 4.953 5.021 A+
3.814 -4.2 -0.2 -15.1
 5.05 5.337 A+
7.525 -4.3 -1.0 -22.1
 4.033 3.879 AA-
KTB Futures(tick)
 1D 1W
KTBF 3Y 14 10
 (십억계약,%,년)
LKTBF 10Y 56 54
KR Stock(%) Index 1D 1W 1M
KOSPI -0.76 -2.23 -0.54
KOSDAQ 0.13 -0.61 -2.28
FX Market(%) Price 1D 1W 1M
1376 -0.01 1.29 0.97
886.08 1.13 2.36 -0.38
1D(bp) 1D(bp) 1D(bp)
1Y 3.513 -2.25 1Y 3.435 -4.5
 13.3 -1.25
2Y 3.438 -4.00 2Y 3.24 -6
 3.9 -0.40
3Y 3.393 -4.75 3Y 3.225 -6.5
 0.1 -0.75
5Y 3.360 -5.75 5Y 3.23 -6.5
 -5.7 -0.75
10Y 3.365 -5.50 10Y 3.07 -6.5
 -10.7 1.00
US Bond Market
US Bond(%,bp) YTM 1D 1W 1M
UST2Y 4.781 -3.7 -20.6 -4.5
UST5Y 4.352 -6.1 -24.9 -15.3
UST10Y 4.333 -6 -22.2 -18.1
UST30Y 4.476 -6.5 -19.3 -19.1
KR Credit Market
 (계약수)
Bond Yield(%, bp) Yield 1D 1W 1M 3M 1Y
3.572 -1.5 0.3 -5.2 -7.2 -22.2
3.552 -3.8 0.2 -12.0 -3.8 -33.8
3.557 -4.9 0.5 -13.2 -3.7 -33.4
3.608 -1.2 -0.5 -7.1 -6.9 -25.2 Fund Flow (십억원)
3.642 -4.1 -0.8 -13.4 -6.8 -40.3 YTD
3.712 -5.2 -1.6 -17.9 -12.1 -39.2 33910.4
3.717 -1.5 -1.0 -6.4 -2.5 -31.3 16935.5
3.798 -4.5 -1.7 -11.0 -8.3 -44.6 9266
4.029 -5.0 -1.3 -16.4 -11.5 -50.2 22865
3.770 -2.0 -1.5 -8.1 -11.3 -37.8 2281.8
3.924 -4.5 -1.7 -12.0 -17.7 -52*는 T-2일 기준, 펀드는 설정액 및 ETF 제외 기준
4.173 -5.0 -1.8 -18.3 -16.8 -57.2 **는 T-4일 기준
4.726 -2.0 -1.5 -9.1 -10.8 -30.5
5.021 -4.5 -1.7 -14.3 -9.0 -32.2
 (십억원)
5.317 -5.0 -1.3 -16.0 -3.8 -30.7
5.443 -2.0 -1.5 -8.6 -9.8 -29
 AA- 87
5.806 -4.5 -1.7 -13.3 -6.3 -31
 AAA 80
6.001 -5.0 -1.3 -15.5 -2.8 -30.8
 AA+ 50
6.015 -2.0 -1.5 -8.6 -9.8 -31
 AAA 40
6.431 -4.5 -1.7 -13.3 -6.3 -29.5
 A0 40
6.642 -5.0 -1.3 -15.5 -2.8 -30.4
 A+ 30
3.653 -1.6 0.6 -3.8 -6.0 -28
 AA0 30
3.694 -4.1 -0.6 -12.4 -5.3 -39
 AA- 30
3.741 -5.2 -0.9 -15.9 -7.0 -47.3
 AA0 30
3.670 -2.1 -0.2 -4.1 -10.1 -35.6
 AA- 20
3.727 -4.2 -0.2 -13.5 -12.7 -47.6
 AA- 20
3.853 -5.2 -0.9 -17.0 -13.7 -50.5 LS129-2 A+ 20
3.700 -2.0 -0.2 -4.0 -11.3 -36.8
 AA0 20
3.767 -4.2 -0.2 -14.0 -12.9 -47.6
 AA0 20
3.922 -5.2 -0.9 -16.9 -13.2 -50
 AA0 20
3.730 -1.7 0.1 -4.4 -12.3 -37.9
 A0 20
3.814 -4.2 -0.2 -15.1 -14.2 -49
 AAA 20
4.034 -5.1 -0.5 -16.5 -12.8 -49.8
 AA0 20▪
▪
▪
2662.10
845.84104.49
112.73
2026-03-032027-02-262027-01-292034-06-02
MMF*
0
0
3.771 3.772025-03-03 4.277 4.51
2025-06-20 3.609 3.62024-07-09 3.601 3.67
2024-09-27 3.752 3.684.04 3.94
2026-02-13 3.817 3.822024-10-02 3.73 3.68
2025-02-25 3.899 3.883.961 3.9
2024-09-19 3.617 3.632026-05-29 3.989 3.95
2027-06-03 3.808 3.82- 3.8
2025-03-10 3.994 3.962026-06-04 - 3.53
2025-05-23 3.949 3.77
2024-10-25 3.767 3.7715100.6
72857.2 -82.5 629.5 1748.91639457.8 6563.7 13353.8
3132.6
113133.7 497.9 -557.2 2482.51M
204967.9 1493.7 -1142 -2072.1
1D 1W
153518.7 294.0 386.4
0
0
0
0
0.000
38000
5400
0
0
0
3.380
3.450
0.000
0.000
400
400900
2000
1200
1200
1200
1000
200
200
-73001833
11704
3285
IRS(%) CRS(%) Spread(bp)
-4059
145-444
-2058-565
-2798
5June. 2024
26-06-04 3.54 160 2.0            
 26-04-02 3.40 -120 1.8          
29-06-04 3.59 130 5.0            
 26-05-02 3.51 -70 1.9          
29-06-04 3.58 100 5.0            
 27-03-03 3.42 -70 2.7          
31-06-04 3.71 100 7.0            
 33-12-10 3.47 -58 9.5          
27-06-04 3.55 70 3.0            
 28-09-10 3.42 -50 4.3          
560 4.3            -368 3.6          
54-03-10 3.38 130 29.8          
 25-03-10 3.38 -100 0.8          
27-06-04 3.56 80 3.0            
 25-06-10 3.37 -100 1.0          
43-09-10 3.40 72 19.3          
 53-03-10 3.33 -70 28.8       
34-06-04 3.75 70 10.0          
 24-12-10 3.32 -60 0.5          
26-06-04 3.54 60 2.0            
 33-06-10 3.48 -52 9.0          
412 15.3          -382 7.1          
26-04-02 3.40 90 1.8            
 26-12-10 3.39 -139 2.5          
27-06-04 3.57 84 3.0            
 24-12-09 3.59 -50 0.5          
54-03-10 3.32 72 29.8          
 25-02-16 3.58 -50 0.7          
26-06-04 3.53 70 2.0            
 26-06-10 3.40 -43 2.0          
26-06-04 3.80 70 2.0            
 33-06-10 3.47 -34 9.0          
386 7.3            -316 2.5          
25-06-04 3.52 100 1.0            
 28-03-10 3.41 -30 3.8          
26-06-04 3.55 80 2.0            
 26-06-10 3.40 -30 2.0          
34-06-10 3.45 68 10.0          
 53-09-10 3.32 -20 29.3       
27-06-10 3.37 52 3.0            
 26-06-10 3.40 -20.0 2.0          
28-09-10 3.42 24 4.3            
 25-12-10 3.37 -20.0 1.5          
324 3.7            -121 7.0          
