30Y
91D
0 0
0 0
0 0
KR Market
KR Bond(%,bp) YTM 1D 1W 1M
CD91D 3.520 0.0 1.0 4.0
3.028 -0.2 -0.2 -6.2
 3.160 3.133 AAA
3.050 2.5 8.3 4.5
 3.320 3.303 AAA
2.992 3.7 10.2 5.6
 3.270 3.248 AAA
3.052 4.0 12.5 11.0
 3.560 3.363 AAA
3.125 3.7 15.0 15.5
 3.360 3.329 AAA
3.125 4.3 13.3 16.3
 3.576 3.622 AA-
KR Credit(%,bp) YTM 1D 1W 1M
 3.607 3.666 AA-
3.651 4.0 13.0 18.3
 3.595 3.492 AA+
3.554 3.8 13.1 15.8
 3.55 3.578 AA-
7.046 3.7 10.2 5.6
 3.586 3.637 AA-
KTB Futures(tick)
 1D 1W
KTBF 3Y -11 -24
 (십억계약,%,년)
LKTBF 10Y -34 -59
KR Stock(%) Index 1D 1W 1M
KOSPI 0.25 -0.63 0.18
KOSDAQ 0.20 0.32 -1.30
FX Market(%) Price 1D 1W 1M
1338.4 0.18 0.87 -2.39
912.41 -1.02 -1.25 0.26
1D(bp) 1D(bp) 1D(bp)
1Y 3.208 1.00 1Y 2.95 1
 18.0 1.20
2Y 3.033 2.50 2Y 2.815 2
 -1.7 0.00
3Y 2.958 2.75 3Y 2.795 2.5
 -3.5 -0.95
5Y 2.920 2.50 5Y 2.795 2.5
 -13.2 -1.50
10Y 2.950 2.00 10Y 2.71 2.5
 -17.5 -1.70
US Bond Market
US Bond(%,bp) YTM 1D 1W 1M
UST2Y 3.925 0.4 -1.3 4.1
UST5Y 3.71 0.6 4.2 9
UST10Y 3.911 0.6 9.4 11.7
UST30Y 4.198 0.2 9.1 8.9
KR Credit Market
 (계약수)
Bond Yield(%, bp) Yield 1D 1W 1M 3M 1Y
3.328 1.8 4.6 7.0 -24.4 -48.9
3.246 3.7 11.5 10.6 -30.6 -77
3.272 4.0 12.7 14.2 -28.5 -77
3.368 0.5 3.0 8.7 -24.0 -53.4 Fund Flow (십억원)
3.287 3.6 10.5 8.8 -35.5 -86.8 YTD
3.329 3.8 12.5 12.4 -38.3 -93.1 24367
3.490 0.7 3.7 6.7 -22.7 -60.2 34057.7
3.537 4.0 13.0 16.3 -26.1 -95.1 13928.4
3.672 4.0 14.0 16.3 -35.7 -99.6 49069.5
3.577 0.7 5.2 10.2 -19.3 -69.3 -5641.1
3.651 4.0 13.0 18.3 -27.3 -109.2 *는 T-2일 기준, 펀드는 설정액 및 ETF 제외 기준
3.790 3.5 13.5 15.8 -38.3 -108.5 **는 T-4일 기준
4.370 -0.3 -1.8 -4.8 -35.6 -69.4
4.604 3.7 8.7 7.5 -41.7 -94.3
 (십억원)
4.915 4.0 12.5 11.0 -40.2 -90.1
5.092 -0.3 -1.8 -4.8 -35.1 -66.4
 AA+ 60
5.397 3.7 8.7 7.5 -40.9 -90.3
 AA+ 60
5.599 4.0 12.5 11.0 -40.2 -88.6
 AA- 30
5.659 -0.3 -1.8 -4.8 -35.6 -65.9
 AA- 30
6.027 3.7 8.7 7.5 -40.4 -87.3
 AA- 30
6.240 4.0 12.5 11.0 -40.2 -87.8
 AAA 20
3.345 0.3 1.5 1.9 -30.8 -63.1
 AAA 20
3.387 3.8 11.6 11.1 -30.7 -80.4
 AAA 20
3.418 4.0 12.7 14.2 -32.3 -92.5
 AA- 20
3.374 0.6 1.9 2.6 -29.6 -69.6
 AA- 18
3.470 3.8 13.0 15.2 -25.7 -88
 A+ 16
3.507 4.0 13.8 16.1 -34.6 -101
 - 15
3.395 0.7 1.9 2.6 -30.5 -71.9
 - 12
3.508 3.8 13.1 15.5 -25.9 -87.7
 - 10
3.571 4.0 13.8 16.1 -35.1 -100.7
 - 10
3.424 0.6 1.9 2.6 -30.6 -72.6
 - 10
3.554 3.8 13.1 15.8 -26.0 -89.3
 BBB+ 8
3.676 4.0 13.9 16.2 -35.8 -101.2
 BBB+ 6▪
▪
▪
2681.00
769.21105.61
115.82
2025-10-242026-09-021933-04-232024-09-09
MMF*
0
0
3.439 3.442025-09-02 - 10.5
2026-02-27 3.597 3.552025-04-18 - 4.21
2026-08-21 - 3.73- 8
2024-12-20 3.641 4.951934-08-29 4.787 4.69
1934-08-30 5.818 5.673.342 3.39
2025-09-09 3.777 3.782026-09-30 3.303 3.34
1933-04-26 3.358 3.373.628 3.66
2026-04-27 3.615 3.652025-09-28 3.458 3.47
2026-11-23 3.7 3.76
2027-01-29 3.452 3.5115257.2
64934.3 281.9 -982 -4792.11665662.3 8 3631.3
2962.4
117796.1 277.5 -281.5 1427.31M
195424.5 -4250.6 -3290.2 -13553.9
1D 1W
170640.9 50.8 27.2
0
0
0
0
0.000
24000
8000
0
0
0
2.975
3.080
0.000
0.000
400
400400
2100
2000
2000
1400
400
300
300
-16347751
1653
2125
IRS(%) CRS(%) Spread(bp)
-5343
65051269
1906840
827
3 Sep. 2024
24-12-03 3.10 390 0.3            
 54-09-10 2.98 -262 30.0       
27-03-03 3.06 160 2.5            
 25-09-10 3.05 -97 1.0          
26-07-02 3.05 150 1.8            
 26-01-02 3.09 -80 1.3          
26-06-10 3.04 120 1.8            
 43-09-10 3.13 -30 19.0       
53-03-10 3.00 100 28.5          
 26-12-10 3.01 -30 2.3          
920 4.2            -499 17.5       
54-09-10 2.98 568 30.0          
 27-12-10 3.02 -30 3.3          
27-09-02 3.16 160 3.0            
 26-07-02 3.05 -20 1.8          
26-03-10 3.09 110 1.5            
 26-01-12 3.34 -20 1.4          
26-01-02 3.09 80 1.3            
 25-09-28 3.47 -20 1.1          
34-06-10 3.11 65 9.8            
 33-12-10 3.14 -10 9.3          
983 18.8          -100 2.8          
25-09-02 3.56 110 1.0            
 54-03-10 3.00 -76 29.5       
54-09-10 2.98 112 30.0          
 34-06-10 3.13 -52 9.8          
26-09-02 3.27 80 2.0            
 25-07-02 3.03 -50 0.8          
26-03-02 3.32 50 1.5            
 24-12-14 3.58 -30 0.3          
27-06-10 2.99 46 2.8            
 25-09-15 3.35 -25 1.0          
398 9.6            -233 12.1       
24-12-03 3.09 470 0.3            
 43-09-10 3.11 -50 19.0       
26-06-10 3.04 150 1.8            
 52-03-10 3.01 -20 27.5       
26-03-10 3.09 101 1.5            
 25-03-10 3.10 -0.5 0.5          
25-07-02 3.02 100 0.8            
 31-12-10 3.11 -0.2 7.3          
25-12-10 3.08 70 1.3            
 31-06-10 3.10 -0.1 6.8          
891 0.8            -71 21.2       
