10y
91d
0 0
0 0
0 0
KR Market
KR Bond(%,bp) YTM 1D 1W 1M
CD91D 2.990 0.0 -1.0 -40.0
2.636 1.6 -1.6 -4.8
 2.810 2.872
2.631 3.3 -5.0 -9.4
 -3.168 AA+
2.621 3.4 -4.4 0.9
 2.830 2.838 AAA
2.715 2.5 -4.0 -4.5
 -2.953 AAA
2.865 5.1 -1.0 0.5
 -2.953 AAA
2.745 1.8 -3.1 -4.6
 -3.201 AA+
KR Credit(%,bp) YTM 1D 1W 1M
 -2.851 AAA
3.241 2.5 -9.0 -10.7
 2.903 2.953 AAA
3.242 1.7 -6.9 -4.0
 2.961 3.068 AAA
6.598 3.0 -6.0 -3.7
 -3.242 AA-
KTB Futures(tick)
 1D 1W
KTBF 3Y -7.0 15.0
 (십억계약,%,년)
LKTBF 10Y 3.0 62.0
KR Stock(%) Index 1D 1W 1M
KOSPI -0.14 1.22 4.82
KOSDAQ 0.41 2.75 8.88
FX Market(%) Price 1D 1W 1M
1,451.7 -0.45 -1.30 0.02
922.1 -1.48 -1.13 -0.20
1D(bp) 1D(bp) 1D(bp)
1Y 2.710 1.3 1Y 2.640 0.5
 7.4 -0.3
2Y 2.625 1.8 2Y 2.540 1
 -0.6 -1.5
3Y 2.615 1.5 3Y 2.555 0.5
 -0.6 -1.9
5Y 2.650 0.7 5Y 2.580 -1
 -6.5 -1.8
10Y 2.730 0.2 10Y 2.575 -1
 -13.5 -4.9
US Bond Market
US Bond(%,bp) YTM 1D 1W 1M
UST2Y 4.287 0.0 -9.7 -2.5
UST5Y 4.435 0.0 -16.5 5.6
UST10Y 4.629 0.0 -15.5 10.3
UST30Y 4.859 0.0 -10.5 13.6
KR Credit Market
 (계약수)
Bond Yield(%, bp) Yield 1D 1W 1M 3M 1Y
2.792 1.4 -4.8 -23.4 -39.1 -76.9
2.851 2.1 -7.1 -9.2 -34.0 -80.6
2.953 2.5 -5.3 -10.4 -30.1 -71
2.838 1.8 -1.0 -19.4 -35.9 -74.1 Fund Flow (십억원)
2.912 3.4 -4.9 -6.4 -31.9 -85.2 YTD
3.014 2.4 -4.8 -7.3 -30.1 -87.7 34,105
3.013 1.0 -6.0 -23.5 -28.5 -76.4 40,370
3.149 2.5 -9.0 -10.7 -26.9 -92.1 25,596
3.343 2.0 -6.0 -7.5 -29.4 -89 85,247
3.091 1.0 -6.0 -23.5 -29.1 -84.7 -9,298
3.241 2.5 -9.0 -10.7 -27.3 -105.4 *는 T-2일 기준, 펀드는 설정액 및 ETF 제외 기준
3.451 2.0 -6.0 -7.5 -29.4 -97.9 **는 T-4일 기준
3.789 1.0 -6.0 -21.5 -35.1 -102.5
4.133 2.5 -8.0 -8.2 -32.0 -105.2
 (십억원)
4.571 2.0 -6.0 -7.0 -30.4 -83.2
4.506 1.0 -6.0 -21.5 -35.6 -100.5
 AA- 600
4.926 2.5 -8.0 -8.2 -32.0 -101.7
 AA0 110
5.255 2.0 -6.0 -7.0 -30.4 -82.2 POSCO313-2 AA+ 90
5.078 1.0 -6.0 -21.5 -35.1 -99.5
 60
5.566 2.5 -8.0 -8.2 -31.0 -98.2
 A+ 40
5.896 2.0 -6.0 -7.0 -30.4 -81.4
 AA0 40
2.980 1.3 -3.7 -14.7 -25.0 -74
 AA- 30
3.068 2.4 -7.2 -5.3 -30.0 -75.5
 AA- 30
3.110 2.2 -5.5 -8.6 -32.0 -77.7
 AA- 30
3.020 1.3 -3.1 -14.1 -22.7 -77.3
 AAA 30
3.168 1.8 -6.9 -3.8 -26.8 -78 KT&G2-1 AAA 30
3.201 1.8 -6.8 -9.3 -30.2 -86.9 KT&G2-2 AAA 30
3.049 1.3 -3.1 -14.0 -22.0 -78.5
 AA0 30
3.195 1.8 -6.8 -3.8 -27.1 -79.5
 AA0 30
3.264 1.9 -6.5 -9.1 -30.0 -87.1
 AA0 30
3.080 1.3 -2.9 -13.8 -21.8 -79.4
 AA- 20
3.242 1.7 -6.9 -4.0 -27.2 -81.4
 AA+ 20
3.368 1.8 -6.6 -9.1 -29.8 -87.8
 A+ 2012,346-4
1,436
2,352
IRS(%) CRS(%) Spread(bp)
-520
-4,611-804
-2,581-1,432
-6,123
1,500
1,5001,800
12,000
3,200
2,200
1,800
1,800
1,500
1,4000.000
24,000
12,000
0
0
0
2.840
2.810
0.000
0.000
0
0
0
0
-2,098
129,464 308 559 4,3331M
205,162 -639 6,241 15,071
1D 1W
176,953 678 2,621
2029-12-21 - 4.550-11,747
61,277 52 -605 7591,701,840 -3,834 -9,842
- 4.450
2025-02-07 3.172 3.5802028-01-20 - 2.980
2026-01-12 2.886 2.920
3.302 3.190
2025-02-14 3.297 3.1902027-01-20 - 2.990
2026-01-28 2.965 2.950
2.831 2.850
2026-04-27 2.893 2.8802025-03-28 3.123 3.200
2025-09-12 3.031 3.060
3.191 3.1902026-05-12 3.148 3.080
2025-07-31 3.221 3.1302026-08-28 2.999 2.970
2027-10-04 2.997 3.000▪
▪
▪
2,520.1
727.7106.8
117.9
2025-02-242026-09-112025-02-282026-01-20
MMF*
0
0
21 Jan. 2025
25-04-22 2.85 250 0.3            
 54-09-10 2.66 -304 29.7       
26-01-20 2.80 160 1.0            POSCO313-2 26-01-12 2.92 -30 1.0          
26-01-02 2.64 70 1.0            
 54-03-10 2.70 -25 29.2       
27-07-20 2.74 70 2.5            
 27-12-10 2.59 -20 2.9          
29-09-10 2.69 50 4.6            
 27-06-10 2.63 -15 2.4          
600 1.2            -394 25.0       
29-12-21 4.55 440 4.9            
 26-01-02 2.63 -190 1.0          
25-04-08 2.86 310 0.2            
 27-12-10 2.69 -50 2.9          
25-04-22 2.85 210 0.3            
 52-09-10 2.72 -40 27.7       
34-12-10 2.87 118 9.9            
 27-06-10 2.65 -35 2.4          
33-12-10 2.91 60 8.9            
 25-09-10 2.81 -30 0.6          
1,138 3.5            -345 4.4          
34-12-10 2.86 92 9.9            
 25-04-08 2.86 -310 0.2          
27-07-20 3.05 90 2.5            
 42-09-10 2.75 -82 17.6       
27-07-20 3.09 80 2.5            
 25-07-18 3.00 -40 0.5          
28-01-20 3.09 60 3.0            
 26-12-10 2.66 -20 1.9          
26-01-20 2.83 50 1.0            
 27-03-25 2.79 -20 2.2          
372 4.2            -472 3.4          
54-09-10 2.66 440 29.7          
 31-12-10 2.88 -101 6.9          
28-03-10 2.66 70 3.1            
 26-06-10 2.68 -72 1.4          
43-09-10 2.77 10 18.6          
 25-03-10 2.67 -60 0.1          
44-09-10 2.74 10 19.7          
 26-09-10 2.66 -40 1.6          
25-04-22 2.83 10 0.3            
 25-07-02 2.72 -20 0.4          
540 25.3          -293 3.0          
