5y
91d
20y
0 0
0 0
KR Market
KR Bond(%,bp) YTM 1D 1W 1M
CD91D 3.430 2.0 3.0 -10.0
2.841 0.1 -0.9 -0.4
 3.400 3.193 AAA
2.950 0.4 3.0 10.0
 3.180 3.188 AAA
2.935 0.3 0.3 13.0
 3.265 3.213 AAA
3.000 -0.7 -0.7 11.5
 3.324 3.247 AAA
3.102 -1.8 -2.5 11.0
 3.257 3.247 AAA
3.027 -1.1 0.4 11.6
 3.217 3.247 AAA
KR Credit(%,bp) YTM 1D 1W 1M
 3.240 3.173 AAA
3.525 0.8 1.8 11.5
 3.230 3.225 AAA
3.511 0.7 1.0 11.5
 3.750 3.545 AAA
6.924 0.3 -1.7 9.1
 3.230 3.225 AAA
KTB Futures(tick)
 1D 1W
KTBF 3Y 2 -14
 (십억계약,%,년)
LKTBF 10Y 15 -27
KR Stock(%) Index 1D 1W 1M
KOSPI -0.92 -0.22 0.02
KOSDAQ -0.80 -0.94 -3.36
FX Market(%) Price 1D 1W 1M
1382.4 -0.30 0.01 5.70
901.3 0.04 -0.39 -2.48
1D(bp) 1D(bp) 1D(bp)
1Y 3.120 0.500 1Y 2.835 0
 27.9 0.4
2Y 3.005 -0.250 2Y 2.75 1
 5.5 -0.6
3Y 2.970 -0.250 3Y 2.74 2.5
 3.5 -0.6
5Y 2.965 -0.250 5Y 2.72 2
 -3.5 0.5
10Y 3.003 -0.500 10Y 2.785 2.5
 -9.9 1.3
US Bond Market
US Bond(%,bp) YTM 1D 1W 1M
UST2Y 4.2 7.8 9.6 53.5
UST5Y 4.2 8.6 11.0 60.9
UST10Y 4.3 4.5 5.3 51.7
UST30Y 4.5 0.4 -1.7 38.4
KR Credit Market
 (계약수)
Bond Yield(%, bp) Yield 1D 1W 1M 3M 1Y
3.179 0.6 -0.4 -1.8 -9.8 -92.6
3.185 0.3 0.5 10.7 0.9 -138.9
3.240 -0.7 -0.9 9.1 7.2 -140.1
3.226 0.7 2.5 2.1 -6.7 -92.5 Fund Flow (십억원)
3.227 0.2 0.6 12.3 -0.6 -138.9 YTD
3.306 -0.5 -0.4 10.3 6.2 -146.4 25340.6
3.326 1.0 2.0 2.0 -10.7 -99.8 38948.9
3.429 0.8 1.8 12.3 2.5 -160.4 17541.7
3.625 -0.7 -0.7 11.0 7.8 -162 78101.4
3.405 1.0 1.5 1.0 -8.0 -109.7 -9335.8
3.525 0.8 1.8 11.5 2.7 -176.5 *는 T-2일 기준, 펀드는 설정액 및 ETF 제외 기준
3.733 -0.7 -0.7 10.5 6.3 -171.9 **는 T-4일 기준
4.145 0.5 0.0 -1.3 -28.3 -115.6
4.438 0.3 -0.5 8.4 -12.1 -162.2
 (십억원)
4.863 -0.7 -0.7 10.5 2.0 -151.5
4.862 0.5 -0.5 -1.8 -28.8 -113.1
 AAA 68
5.231 0.3 -0.5 8.4 -12.1 -158.2 KT194-2 AAA 60
5.547 -0.7 -0.7 10.5 2.0 -150
 AAA 60
5.434 0.5 0.0 -1.3 -28.3 -112.1
 - 60
5.866 0.3 0.0 8.9 -11.6 -154.7
 AA0 50
6.188 -0.7 -0.7 10.5 2.0 -149.2
 AA+ 50
3.223 0.3 -0.9 -0.8 -12.5 -103.3
 AA- 50
3.352 0.3 -0.6 10.1 3.7 -130.8 SK303-1 AA+ 40
3.417 -0.6 -0.8 11.1 9.9 -142.9
 AA- 40
3.252 0.4 0.5 -0.4 -11.9 -107.8
 AAA 40
3.432 0.6 1.0 11.6 7.4 -137.9
 AA- 40
3.491 -0.7 -0.5 10.6 10.2 -152.7
 AA- 40
3.274 0.3 0.5 -0.4 -11.7 -109.9
 A+ 40
3.463 0.7 1.0 11.5 7.0 -138.8
 - 40
3.552 -0.7 -0.5 10.2 9.9 -153.1
 AAA 40
3.303 0.3 0.5 -0.4 -11.8 -110.7
 AAA 40
3.511 0.7 1.0 11.5 7.5 -140.5
 AAA 40
3.655 -0.6 -0.5 10.1 9.8 -153.7
 AAA 40▪
▪
▪
2593.79
738.19105.84
116.17
2025-07-302027-10-042025-06-092028-11-03
MMF*
0
0
- 3.92025-01-30 - 4.01
2025-04-30 - 3.972025-06-26 - 4
2026-07-08 3.249 3.283.345 3.38
2026-01-30 3.452 3.462027-05-07 3.279 3.29
2026-09-27 3.269 3.293.344 3.43
2025-02-07 3.594 3.592027-01-24 3.335 3.33
2025-08-06 3.319 3.34- 3.58
2029-10-30 - 4.742026-01-27 3.143 3.14
2024-12-13 3.378 3.39
2025-10-28 3.176 3.1615912.1
61239.6 -465.1 -656.2 -614.11694694.2 -3404.5 -2517.8
3316.7
121409.4 9.6 657 15511M
196398.1 -356.6 -2589.5 11812.7
1D 1W
175532.1 -78.5 2758.5
0
0
 0.000
12000
8000
4000
0
0
2.995
3.010
3.025
0.000
1300
13001200
2600
1100
4000
3000
700
500
2500
19460-3521
-17906
373
IRS(%) CRS(%) Spread(bp)
4180
180789
207-1055
-3379
31 Oct. 2024
25-09-10 2.85 120 0.9            
 26-10-04 3.23 -20 1.9          
29-10-30 3.22 90 5.0            
 27-07-12 3.56 -20 2.7          
26-04-30 3.18 80 1.5            
 24-12-13 3.41 -20 0.1          
29-03-10 3.04 52 4.4            
 32-12-10 3.14 -10 8.1          
26-07-02 3.00 50 1.7            
 54-03-10 2.97 -10 29.4       
392 2.5            -80 5.9          
29-10-30 3.32 150 5.0            
 25-09-10 2.84 -95 0.9          
29-10-30 3.44 100 5.0            
 27-03-10 2.99 -60 2.4          
27-10-30 3.23 60 3.0            
 25-03-10 2.85 -50 0.4          
29-10-30 4.74 50 5.0            
 25-01-09 3.19 -30 0.2          
29-10-30 3.82 40 5.0            
 31-06-10 3.13 -30 6.6          
400 4.7            -265 1.7          
25-10-30 3.40 240 1.0            
 25-12-10 2.93 -40 1.1          
26-10-30 3.27 160 2.0            
 27-03-03 3.00 -40 2.3          
27-06-10 2.93 118 2.6            
 25-07-02 2.85 -30 0.7          
27-10-30 3.23 100 3.0            
 25-07-25 3.29 -30 0.7          
26-04-30 3.21 70 1.5            
 25-10-02 2.84 -20 0.9          
688 1.9            -160 1.2          
26-04-28 3.17 500 1.5            
 52-09-10 3.98 -50 27.9       
27-06-10 2.93 100 2.6            
 31-06-10 3.12 -2 6.6          
25-09-10 2.85 100 0.9            
 25-12-10 2.92 -0.9 1.1          
25-06-10 3.00 70 0.6            
 26-06-10 3.00 -0.8 1.6          
33-12-10 3.14 25 9.1            
 25-03-10 2.93 -0.7 0.4          
795 1.7            -55 25.9       
