0 0
0 0
0 0
0 0
0 0
KR Market
KR Bond(%,bp) YTM 1D 1W 1M
CD91D 3.030 0.0 0.0 -36.0
2.654 -0.1 -0.1 -4.0
 1.300 2.858
2.621 0.1 0.1 -13.1
 4.790 4.438 AA-
2.570 1.0 1.0 -2.5
 2.770 2.789 AAA
2.702 0.2 0.2 -6.3
 3.494 4.205 A-
2.857 -0.4 -0.4 -1.4
 2.710 2.729 AAA
2.790 -1.0 -1.0 -8.5
 3.361 3.505 A+
KR Credit(%,bp) YTM 1D 1W 1M
 3.307 3.505 A+
3.179 1.0 1.0 -15.7
 2.500 2.919
3.166 1.0 1.0 -11.3
 3.143 3.336 A+
6.516 0.1 0.1 -10.6
 2.500 3.172 AAA
KTB Futures(tick)
 1D 1W
KTBF 3Y -3.0 -3.0
 (십억계약,%,년)
LKTBF 10Y 16.0 16.0
KR Stock(%) Index 1D 1W 1M
KOSPI -0.77 -0.77 4.91
KOSDAQ -0.06 -0.06 7.39
FX Market(%) Price 1D 1W 1M
1,452.7 1.50 1.50 -1.34
939.6 1.91 1.91 0.76
1D(bp) 1D(bp) 1D(bp)
1Y 2.675 -0.8 1Y 2.650 0
 2.1 -0.7
2Y 2.603 0.0 2Y 2.565 0
 -1.9 -0.1
3Y 2.598 0.2 3Y 2.580 0
 2.8 -0.7
5Y 2.618 -2.3 5Y 2.600 0
 -8.4 -2.4
10Y 2.680 -4.0 10Y 2.585 0
 -17.7 -3.6
US Bond Market
US Bond(%,bp) YTM 1D 1W 1M
UST2Y 4.199 -1.2 -7.9 -4.5
UST5Y 4.333 0.5 -9.8 -4.7
UST10Y 4.543 2.4 -8.1 -5.8
UST30Y 4.789 2.6 -5.9 0.2
KR Credit Market
 (계약수)
Bond Yield(%, bp) Yield 1D 1W 1M 3M 1Y
2.811 -0.2 -0.2 -21.8 -37.6 -78
2.817 0.6 0.6 -9.3 -37.7 -76.2
2.947 0.0 0.0 -10.0 -29.2 -63.9
2.860 -0.2 -0.2 -17.6 -37.3 -75.9 Fund Flow (십억원)
2.865 1.0 1.0 -7.8 -36.9 -84.4 YTD
3.002 0.2 0.2 -8.7 -30.4 -81.4 24,507
3.013 -0.5 -0.5 -25.0 -32.1 -71.4 41,282
3.089 1.0 1.0 -15.5 -35.2 -90.8 27,868
3.325 0.2 0.2 -9.8 -29.5 -84.2 86,151
3.079 -0.5 -0.5 -26.2 -33.4 -80.4 -9,875
3.179 1.0 1.0 -15.7 -35.8 -104.8 *는 T-2일 기준, 펀드는 설정액 및 ETF 제외 기준
3.433 0.2 0.2 -9.8 -29.5 -93.1 **는 T-4일 기준
3.774 -0.5 -0.5 -24.0 -37.1 -103
4.068 1.0 1.0 -13.0 -38.2 -107
 (십억원)
4.558 0.2 0.2 -8.8 -30.0 -78.7
4.491 -0.5 -0.5 -24.0 -37.1 -101
 AAA 160
4.861 1.0 1.0 -13.0 -38.2 -103.5
 AA- 140
5.242 0.2 0.2 -8.8 -30.0 -77.7
 AA- 131
5.063 -0.5 -0.5 -24.0 -37.1 -100
 A+ 90
5.501 1.0 1.0 -13.0 -37.7 -100
 AA0 80
5.883 0.2 0.2 -8.8 -30.0 -76.9
 A- 55
2.974 -0.4 -0.4 -15.9 -25.9 -73.1
 AA- 50
3.001 1.0 1.0 -11.6 -35.2 -77.7
 A+ 50
3.086 0.2 0.2 -11.3 -32.2 -73
 A+ 20
3.014 -0.2 -0.2 -16.0 -24.4 -78.1
 AA+ 20
3.092 1.0 1.0 -11.3 -34.5 -80.7
 A+ 20
3.172 0.2 0.2 -12.6 -31.6 -81.7
 A+ 20
3.043 -0.2 -0.2 -15.8 -23.9 -79.4
 - 20
3.118 1.0 1.0 -11.3 -35.0 -82.3
 BBB+ 19
3.235 0.2 0.2 -12.3 -31.4 -81.8
 A- 13
3.074 -0.2 -0.2 -15.7 -23.8 -80.3
 BBB+ 11
3.166 1.0 1.0 -11.3 -35.0 -84
 - 10
3.339 0.2 0.2 -12.4 -31.2 -82.5
 - 1024,728-4,763
-22,940
4,790
IRS(%) CRS(%) Spread(bp)
1,025
3,219-69
1,505-1,147
-2,878
1,000
7161,000
11,681
5,000
3,100
2,870
2,200
700
6330.000
0
0
0
0
0
0.000
0.000
0.000
0.000
0
0
0
0
0
0
0
0
3,345
131,736 278 2,272 6,7001M
195,564 -4,342 -9,598 18,438
1D 1W
177,865 196 912
2025-03-28 3.116 3.130-11,999
60,700 112 -577 7831,702,744 63 904
- 3.300
2028-01-20 2.918 2.9802028-01-24 2.987 3.010
2035-01-31 - 4.640
3.485 3.510
2027-09-10 3.338 3.3102028-01-31 - 3.480
2026-01-29 2.955 2.960
- 3.140
2028-12-20 - 4.6002028-01-24 2.974 2.980
2027-01-29 - 3.190
- 3.7302026-08-28 - 4.400
2028-06-20 - 3.6002026-01-23 7.000 6.810
2030-01-31 - 3.930▪
▪
▪
2,517.4
728.3106.9
118.2
2026-08-212027-01-292027-01-222028-01-31
MMF*
0
0
3 Feb. 2025
26-07-24 2.79 210 1.5            
 26-12-10 2.59 -50 1.9          
25-03-27 3.07 50 0.1            
 27-06-10 2.57 -43 2.4          
54-09-10 2.73 42 29.6          
 31-06-10 2.82 -40 6.4          
30-01-24 2.92 40 5.0            
 34-06-10 2.91 -32 9.4          
44-09-10 2.80 40 19.6          
 26-06-09 2.80 -30 1.4          
382 6.7            -195 4.0          
54-09-10 2.74 122 29.6          
 27-12-10 2.54 -25 2.9          
41-09-10 2.59 30 16.6          
 26-07-29 2.78 -20 1.5          
42-09-10 2.81 20 17.6          
 34-06-10 2.88 -15 9.4          
54-03-10 2.68 20 29.1          
 32-12-10 2.88 -10 7.9          
44-09-10 2.79 20 19.6          
 32-06-10 2.87 -10 7.4          
212 25.7          -80 4.9          
54-09-10 2.75 72 29.6          
 27-09-06 3.03 -20 2.6          
27-12-10 2.56 57 2.9            
 27-09-27 3.04 -20 2.7          
25-07-25 2.96 30 0.5            
 28-01-19 3.22 -20 3.0          
28-01-20 2.98 30 3.0            
 33-12-10 2.90 -11 8.9          
26-10-16 2.82 20 1.7            
 34-06-10 2.88 -11 9.4          
209 11.6          -82 4.4          
27-06-10 2.57 40 2.4            
 26-03-10 2.62 -102 1.1          
54-09-10 2.73 36 29.6          
 25-03-10 2.76 -49 0.1          
28-03-10 2.68 30 3.1            
 25-06-10 2.79 -40 0.4          
26-07-02 2.67 20 1.4            
 31-12-10 2.86 -29 6.9          
26-10-02 2.64 20 1.7            
 29-09-10 2.68 -27 4.6          
145 9.0            -248 1.8          
