10y
10y
91d
0 0
0 0
KR Market
KR Bond(%,bp) YTM 1D 1W 1M
CD91D 3.400 1.0 0.0 -13.0
2.848 0.3 -0.9 -1.9
 2.930 3.055
2.917 2.0 1.2 1.7
 3.090 3.163 AAA
2.942 3.7 3.7 10.5
 3.150 3.116 AAA
3.012 4.7 5.3 14.2
 3.090 3.163 AAA
3.127 7.0 8.0 13.5
 3.410 3.163 AAA
3.030 5.2 9.1 11.8
 3.170 3.159 AAA
KR Credit(%,bp) YTM 1D 1W 1M
 3.163 3.158 AAA
3.514 3.5 3.0 5.4
 3.216 3.213 AAA
3.514 3.8 3.8 9.2
 3.364 3.344 AA+
6.954 3.7 3.2 8.7
 3.143 3.158 AAA
KTB Futures(tick)
 1D 1W
KTBF 3Y -13 -23
 (십억계약,%,년)
LKTBF 10Y -66 -120
KR Stock(%) Index 1D 1W 1M
KOSPI -1.31 -2.38 -0.87
KOSDAQ -2.84 -4.58 -1.33
FX Market(%) Price 1D 1W 1M
1380.1 0.36 1.38 3.84
914.07 -0.60 -0.28 -1.38
1D(bp) 1D(bp) 1D(bp)
1Y 3.115 2.500 1Y 2.815 4.5
 26.7 2.2
2Y 2.995 4.500 2Y 2.69 5
 7.8 2.5
3Y 2.955 5.000 3Y 2.7 5
 1.3 1.3
5Y 2.960 6.250 5Y 2.715 4.5
 -5.2 1.5
10Y 3.010 7.250 10Y 2.79 8.5
 -11.7 0.2
US Bond Market
US Bond(%,bp) YTM 1D 1W 1M
UST2Y 4.0 0.1 8.7 43.8
UST5Y 4.0 2.1 15.3 50.8
UST10Y 4.2 1.1 17.4 46.6
UST30Y 4.5 -0.2 17.6 41.2
KR Credit Market
 (계약수)
Bond Yield(%, bp) Yield 1D 1W 1M 3M 1Y
3.183 0.4 -1.9 -3.8 -15.3 -88.4
3.191 3.3 2.4 8.3 -2.3 -131.9
3.254 4.1 4.2 11.9 1.7 -139.9
3.197 0.8 -0.5 -4.1 -13.5 -92.8 Fund Flow (십억원)
3.231 3.7 3.5 9.4 -6.4 -134.8 YTD
3.315 4.3 4.7 12.5 -1.0 -148.2 27637.3
3.298 0.5 -1.0 -5.0 -18.5 -97.1 35993.2
3.418 3.7 3.3 7.2 -2.3 -151 17445.4
3.637 4.7 5.5 12.2 0.5 -159.8 77668.6
3.382 0.5 -1.0 -5.8 -15.3 -106.5 -9031.9
3.514 3.5 3.0 5.4 -1.6 -167.1 *는 T-2일 기준, 펀드는 설정액 및 ETF 제외 기준
3.745 4.7 5.3 11.2 -1.5 -169.7 **는 T-4일 기준
4.140 0.0 -1.5 -6.8 -34.8 -111.1
4.453 3.5 2.5 4.9 -16.1 -150.7
 (십억원)
4.875 4.7 5.3 11.7 -5.3 -149.8
4.862 0.0 -1.5 -6.8 -34.8 -108.1
 AAA 300
5.246 3.5 2.5 4.9 -16.1 -146.7
 AA- 120
5.559 4.7 5.3 11.7 -5.3 -148.3
 AA- 120
5.429 0.0 -1.5 -6.8 -34.8 -107.6
 AA- 120
5.876 3.5 2.5 4.9 -16.1 -143.7
 AA- 100
6.200 4.7 5.3 11.7 -5.3 -147.5
 - 100
3.230 0.8 -1.2 -2.3 -20.6 -97.6
 AA- 100
3.368 3.6 3.4 9.7 -0.9 -124.9
 AA- 90
3.430 4.7 6.0 13.8 2.7 -143.8
 AA- 60
3.247 0.5 -1.5 -2.8 -21.0 -103.8
 AA+ 50
3.436 3.9 3.9 9.7 2.2 -132.4
 AA+ 50
3.503 4.7 5.5 13.5 3.9 -153.2
 AA+ 50
3.269 0.5 -1.6 -2.8 -21.0 -105.9
 AA0 50
3.466 3.8 3.8 9.2 1.6 -133.5
 AA0 50
3.564 4.7 5.5 13.1 3.5 -153.5
 AAA 40
3.298 0.5 -1.6 -2.8 -20.8 -106.7
 AA0 40
3.514 3.8 3.8 9.2 2.2 -135.2
 AA0 40
3.666 4.7 5.4 12.9 3.3 -154.3
 AA0 4016684-1482
-20029
5296
IRS(%) CRS(%) Spread(bp)
-4069
2935290
1619325
-85
1300
10002300
8000
3000
3100
3100
2000
175
10000.000
9000
6000
8000
0
0
3.050
3.020
2.930
0.000
 0
0
327.2
121313.1 132.4 -286.2 4373.81M
198694.8 104.6 7836.3 7208.5
1D 1W
172576.4 74.7 591.4
2024-10-24 3.415 3.829310.2
61543.5 103.9 -728.5 81694261.4 3685.2 10746.3
- 4.2
2026-10-22 - 3.482027-10-22 - 3.54
2027-06-25 3.452 3.48
3.508 3.51
2026-01-15 3.397 3.42027-07-09 - 5.3
2029-09-13 - 4.2
3.53 3.46
2025-02-14 3.541 3.552026-09-03 3.365 3.4
2026-04-29 3.338 3.35
3.355 3.412025-10-27 3.301 3.31
2028-06-29 3.335 3.392026-05-04 3.207 3.25
2026-02-23 3.27 3.31▪
▪
▪
2570.70
738.34105.86
116.00
2029-02-162025-02-182026-09-232029-09-13
MMF*
0
0
23 Oct. 2024
26-10-22 3.15 300 2.0            
 26-01-02 2.96 -120 1.2          
29-09-10 3.02 120 4.9            
 26-07-02 2.99 -90 1.7          
27-09-03 3.00 100 2.9            
 25-10-02 2.85 -60 0.9          
29-10-22 3.27 100 5.0            
 26-04-02 2.99 -60 1.4          
29-09-20 3.23 100 4.9            
 25-09-09 2.87 -50 0.9          
720 3.4            -380 1.3          
34-06-10 3.13 253 9.6            
 27-06-10 2.95 -23 2.6          
54-09-10 2.97 110 29.9          
 52-03-10 3.01 -20 27.4       
26-01-02 2.96 100 1.2            
 31-12-10 3.19 -20 7.1          
29-09-13 4.20 100 4.9            
 43-09-10 3.07 -12 18.9       
26-04-02 2.99 90 1.4            
 28-02-17 3.65 -10 3.3          
653 9.9            -85 11.9       
25-10-22 3.41 200 1.0            
 27-06-10 2.94 -57 2.6          
25-10-22 3.48 140 1.0            
 54-03-10 2.99 -55 29.4       
29-10-22 3.27 90 5.0            
 25-12-10 2.95 -52 1.1          
24-10-24 4.10 60 0.0            
 28-03-10 3.03 -30 3.4          
24-11-30 3.31 50 0.1            
 24-12-10 3.01 -31 0.1          
540 1.5            -225 8.6          
25-10-22 3.18 300 1.0            
 26-09-10 2.96 -50 1.9          
25-10-22 3.18 300 1.0            
 41-09-10 3.06 -23 16.9       
25-10-02 2.84 220 0.9            
 26-03-10 2.95 -10.3 1.4          
26-04-22 3.17 200 1.5            
 25-07-09 2.87 -10.0 0.7          
28-09-10 3.02 139 3.9            
 55-09-10 3.22 -15.0 30.9       
1,159 1.4            -108 9.0          
