3y
91d
2y
1y
0 0
KR Market
KR Bond(%,bp) YTM 1D 1W 1M
CD91D 3.600 0.0 0.0 1.0
3.370 -0.5 -0.3 -1.2
 3.582 3.726 AA0
3.350 -2.6 -1.5 -11.4
 3.570 3.583 AAA
3.295 -3.7 -4.8 -15.7
 3.448 3.504 AAA
3.315 -4.5 -5.2 -18.0
 3.600 3.583 AAA
3.370 -4.6 -6.2 -18.5
 3.510 3.603 AAA
3.312 -3.5 -5.3 -17.8
 3.608 3.850 AA0
KR Credit(%,bp) YTM 1D 1W 1M
 3.508 3.500 AAA
3.837 -3.7 -3.7 -16.4
 3.460 3.493 AAA
3.739 -3.3 -3.0 -15.4
 5.40 3.573 AAA
7.436 -4.4 -4.0 -22.2
 3.763 4.059 AA0
KTB Futures(tick)
 1D 1W
KTBF 3Y 11 9
 (십억계약,%,년)
LKTBF 10Y 45 32
KR Stock(%) Index 1D 1W 1M
KOSPI 0.84 1.44 0.04
KOSDAQ 0.27 2.34 1.90
FX Market(%) Price 1D 1W 1M
1376.2 -0.16 0.23 0.58
874.94 -0.10 -0.44 -0.30
1D(bp) 1D(bp) 1D(bp)
1Y 3.495 -1.25 1Y 3.41 -0.5
 12.5 -0.75
2Y 3.373 -2.75 2Y 3.185 -2.5
 2.3 -0.15
3Y 3.313 -3.25 3Y 3.18 -1
 1.8 0.45
5Y 3.275 -3.50 5Y 3.175 -0.5
 -4.0 1.00
10Y 3.275 -4.50 10Y 3.015 -0.5
 -9.5 0.10
US Bond Market
US Bond(%,bp) YTM 1D 1W 1M
UST2Y 4.762 -8.3 3.1 -11.2
UST5Y 4.324 -10.1 2.3 -18.9
UST10Y 4.32 -8.7 3.9 -17.1
UST30Y 4.478 -6.1 4.6 -15.5
KR Credit Market
 (계약수)
Bond Yield(%, bp) Yield 1D 1W 1M 3M 1Y
3.553 -0.8 -0.8 -2.9 -4.6 -20.6
3.464 -4.0 -3.8 -15.6 -6.0 -43.1
3.455 -4.5 -5.7 -18.1 -8.4 -47.2
3.575 -0.8 -1.2 -6.9 -6.1 -25.5 Fund Flow (십억원)
3.554 -3.7 -3.9 -16.7 -10.1 -49 YTD
3.603 -4.5 -6.2 -22.5 -19.4 -52.9 30164.2
3.700 -0.5 -1.2 -4.5 -3.0 -31 16101.3
3.721 -3.7 -3.2 -14.9 -12.8 -52.5 10662
3.919 -4.5 -6.0 -21.4 -19.5 -61.7 16379
3.748 -0.5 -1.2 -6.5 -11.8 -36.5 2233.3
3.837 -3.7 -3.7 -16.4 -23.2 -59.4 *는 T-2일 기준, 펀드는 설정액 및 ETF 제외 기준
4.058 -4.5 -6.0 -23.8 -25.0 -69.2 **는 T-4일 기준
4.704 -0.5 -1.7 -6.0 -10.0 -29.2
4.924 -3.7 -4.2 -18.7 -14.9 -41.6
 (십억원)
5.202 -4.5 -6.0 -21.8 -12.8 -43.9
5.426 -0.5 -1.2 -5.0 -8.5 -27.2
 101
5.709 -3.7 -4.2 -18.2 -12.2 -40.4
 75
5.886 -4.5 -6.0 -21.3 -11.8 -44
 AA0 60
5.998 -0.5 -1.2 -5.0 -8.5 -29.2
 38
6.334 -3.7 -4.2 -18.2 -12.2 -38.9
 AA0 30
6.527 -4.5 -6.0 -21.3 -11.8 -43.6
 AA0 30
3.634 -1.3 -0.9 -2.2 -4.8 -26.1
 AAA 30
3.626 -3.9 -2.5 -13.1 -9.8 -45
 AA0 30
3.635 -4.3 -5.6 -20.3 -14.9 -60.5
 AAA 30
3.656 -0.5 -0.2 -2.0 -6.5 -33.7
 28
3.654 -3.4 -2.8 -14.5 -16.1 -54.3
 AA- 20
3.731 -5.0 -6.9 -22.5 -22.8 -65 SK303-1 AA+ 20
3.678 -0.6 -1.1 -2.5 -8.5 -35.3
 AA0 20
3.692 -3.4 -3.0 -14.7 -16.5 -54.5
 AA- 20
3.800 -5.0 -6.9 -22.4 -22.3 -64.4
 AAA 20
3.707 -0.6 -1.1 -2.8 -9.6 -36.7 SK302-1 AA+ 20
3.739 -3.3 -3.0 -15.4 -17.7 -55.7
 AAA 20
3.912 -5.0 -6.8 -22.0 -21.9 -63.8
 AAA 20▪
▪
▪
2728.17
870.67104.73
113.50
2026-05-092025-06-092026-04-242030-07-26
MMF*
0
3.592 3.612025-02-22 3.609 3.64
2028-03-27 3.582 3.582027-03-05 3.838 3.76
2026-08-28 3.583 3.573.613 3.63
2025-02-14 3.78 3.752028-06-27 - 6.6
2027-04-16 3.894 3.83.633 3.63
2027-02-19 3.621 3.62027-02-25 3.656 3.63
2027-05-09 3.584 3.59- 4.51
2027-04-08 3.596 3.62026-05-14 - 3.59
2029-02-16 3.669 3.67
2026-05-14 - 3.555298.2
72808.7 -48.5 -48.5 1346.91632971.8 -6486 -6486
1197.1
114529.7 -75.2 1344.5 1810.91M
201221.7 -110.2 -4816.6 -3952
1D 1W
152684.5 64.5 -1036.8
0
 0.000
28000
5100
17000
4000
0
3.340
3.470
3.375
3.420
1100
10001800
3200
2400
2000
2000
1900
1000
1000
204021269
-16044
-612
IRS(%) CRS(%) Spread(bp)
-1797
-11427-5
15191349
4522
13 June. 2024
25-06-10 3.34 100 1.0            
 25-10-02 3.38 -100 1.3          
25-06-12 3.57 80 1.0            
 26-04-02 3.36 -46 1.8          
34-06-10 3.39 70 10.0          
 33-06-10 3.43 -34 9.0          
27-06-12 3.45 70 3.0            
 32-12-10 3.43 -30 8.5          
24-08-13 3.50 60 0.2            
 28-08-07 3.58 -30 4.2          
380 2.9            -240 3.8          
27-06-12 3.45 100 3.0            
 25-06-10 3.34 -100 1.0          
26-06-12 3.51 70 2.0            
 25-04-02 3.35 -40 0.8          
25-10-02 3.39 50 1.3            
 24-12-10 3.21 -40 0.5          
25-06-12 3.60 50 1.0            
 29-04-26 3.97 -40 4.9          
29-03-10 3.34 49 4.7            
 53-03-10 3.27 -34 28.8       
319 2.5            -254 5.2          
27-06-10 3.31 164 3.0            
 26-12-10 3.33 -164 2.5          
24-08-15 3.65 110 0.2            
 24-07-02 3.59 -50 0.1          
24-08-01 3.58 100 0.1            
 26-06-10 3.36 -45 2.0          
25-06-12 3.60 60 1.0            
 24-12-10 3.23 -41 0.5          
27-03-03 3.38 56 2.7            
 25-12-10 3.36 -30 1.5          
490 1.5            -330 1.7          
24-08-15 3.66 280 4.7            
 25-09-10 3.30 -100 0.7          
26-03-10 3.37 48 2.5            
 32-12-10 3.43 -41 1.2          
26-12-10 3.33 46 1.0            
 25-06-10 3.35 -35 9.5          
29-06-10 3.39 8 1.7            
 30-12-10 3.40 -1.0 18.3       
30-06-10 3.40 5 5.0            
 27-03-10 3.35 -0.5 28.8       
493 2.9            -142 1.9          
