3Y
3Y
91d
0 0
0 0
KR Market
KR Bond(%,bp) YTM 1D 1W 1M
CD91D 3.400 0.0 -11.0 -13.0
2.859 -0.4 -1.8 -1.2
 3.380 3.535 AA-
2.922 -1.3 -4.3 1.2
 4.000 5.453 AA-
2.934 -1.4 -2.3 11.4
 3.190 3.225 AAA
2.995 0.0 -2.3 16.5
 3.150 3.223 AAA
3.084 0.7 -1.7 15.7
 4.270 4.906 AA0
2.954 2.6 -1.1 13.4
 3.220 3.255 AAA
KR Credit(%,bp) YTM 1D 1W 1M
 3.273 3.425 AA-
3.512 -1.2 -4.0 5.4
 3.140 3.262 AAA
3.502 -1.3 -3.6 9.8
 6.500 - A-
6.950 -1.4 -3.2 10.0
 3.721 - AA
KTB Futures(tick)
 1D 1W
KTBF 3Y 5 0
 (십억계약,%,년)
LKTBF 10Y -4 -6
KR Stock(%) Index 1D 1W 1M
KOSPI 1.02 0.49 1.86
KOSDAQ -0.09 -1.38 5.05
FX Market(%) Price 1D 1W 1M
1355.9 0.47 0.68 1.99
909.13 0.19 0.26 -3.79
1D(bp) 1D(bp) 1D(bp)
1Y 3.128 -0.750 1Y 2.815 -2.5
 26.9 -0.3
2Y 2.985 -2.750 2Y 2.71 -2
 6.3 -1.5
3Y 2.953 -2.500 3Y 2.735 -2.5
 1.9 -1.1
5Y 2.945 -1.750 5Y 2.755 -2.5
 -5.0 -1.8
10Y 2.985 -0.500 10Y 2.795 -2.5
 -9.9 -1.2
US Bond Market
US Bond(%,bp) YTM 1D 1W 1M
UST2Y 3.96 -0.1 3.4 31.6
UST5Y 3.90 1.7 9.8 45.9
UST10Y 4.10 3.8 13.3 44.8
UST30Y 4.41 5.3 16.1 44.6
KR Credit Market
 (계약수)
Bond Yield(%, bp) Yield 1D 1W 1M 3M 1Y
3.213 -0.5 -1.8 -0.5 -12.5 -79.2
3.198 -1.6 -2.4 10.4 0.3 -117.5
3.250 -0.3 -2.7 15.5 2.9 -119.4
3.211 -1.0 -3.1 -2.8 -10.2 -86.5 Fund Flow (십억원)
3.225 -1.5 -2.7 10.4 -6.0 -124.6 YTD
3.305 -0.1 -2.3 15.6 -0.7 -130.1 17637.8
3.313 -1.0 -3.8 -4.0 -16.0 -91.1 35040.4
3.413 -1.2 -3.5 6.9 -2.0 -138.2 17333
3.622 0.2 -3.3 14.2 -0.3 -141.3 66922.3
3.402 -1.0 -3.8 -4.3 -12.6 -101 -8303.4
3.512 -1.2 -4.0 5.4 -1.3 -155.5 *는 T-2일 기준, 펀드는 설정액 및 ETF 제외 기준
3.732 0.2 -3.6 13.4 -2.1 -151 **는 T-4일 기준
4.165 -1.0 -3.8 -4.8 -31.3 -105.1
4.456 -1.2 -4.0 5.4 -14.8 -139.6
 (십억원)
4.862 0.2 -3.6 13.9 -5.1 -131.6
4.887 -1.0 -3.8 -4.8 -31.3 -102.1
 AA- 150
5.249 -1.2 -4.0 5.4 -14.8 -135.6
 AAA 80
5.546 0.2 -3.6 13.9 -5.1 -130.1
 AA- 70
5.454 -1.0 -3.8 -4.8 -31.3 -101.6
 AAA 60
5.879 -1.2 -4.0 5.4 -14.8 -132.6
 AA+ 50
6.187 0.2 -3.6 13.9 -5.1 -129.3
 AAA 50
3.245 -0.6 -2.6 -0.4 -17.9 -91.9
 AA+ 40
3.359 -0.8 -3.5 10.7 -1.2 -114.2
 AAA 40
3.405 0.1 -3.2 15.1 1.9 -127.6
 AAA 40
3.270 -0.8 -2.2 -0.2 -17.3 -97.1
 - 40
3.424 -1.3 -3.5 10.4 1.5 -122.3
 - 40
3.485 0.1 -3.2 15.7 3.0 -136
 AAA 40
3.292 -0.8 -2.3 -0.3 -17.5 -99.2
 AAA 40
3.454 -1.3 -3.6 9.7 0.8 -123.3 SK309-2 AA+ 40
3.546 0.1 -3.2 15.3 2.6 -136.2
 AA+ 30
3.321 -0.9 -2.3 -0.3 -17.2 -100
 AA- 30
3.502 -1.3 -3.6 9.8 1.4 -125.1
 AAA 30
3.648 0.1 -3.2 15.1 2.3 -136.9
 AA+ 30-62916-5400
39121
4990
IRS(%) CRS(%) Spread(bp)
740
14029-35
335-44
6513
2000
19002300
6000
4000
3000
2700
2300
890
6000.000
10000
6000
8000
0
0
2.920
2.915
2.980
0.000
 0
0
-564.6
121200.7 249.7 1572.2 7190.31M
188695.3 28.4 881.1 902.9
1D 1W
171623.6 -316.0 845.4
2026-10-08 3.261 3.316187.6
62272 -8.3 -1005.3 -1617.51683515.1 -693.4 -3994.9
3.162 3.1
2026-01-30 3.348 3.332027-04-08 3.266 3.32
2027-10-08 3.369 3.38
3.295 3.29
2025-07-08 3.291 3.292025-07-09 3.291 3.28
2025-07-31 3.373 3.38
3.27 3.32
2029-04-06 3.308 3.362029-12-20 - 5.03
2029-06-11 - 4.31
3.458 3.422025-04-28 4.099 4.05
2025-05-11 3.349 3.292028-12-11 3.418 3.41
2025-09-19 3.342 3.3▪
▪
▪
2623.29
770.26105.87
116.39
2025-07-252027-06-252026-02-232025-10-29
MMF*
0
0
15 Oct. 2024
25-01-14 3.00 530 0.3            
 26-10-02 2.92 -90 2.0          
27-10-14 3.10 250 3.0            
 27-12-10 2.91 -64 3.2          
29-03-10 3.03 60 4.4            
 34-06-10 3.09 -55 9.7          
25-10-14 3.18 60 1.0            
 54-03-10 2.94 -50 29.4       
54-09-10 2.93 55 29.9          
 28-03-10 3.02 -40 3.4          
955 3.0            -299 8.4          
34-06-10 3.08 30 9.7            
 52-03-10 2.96 -50 27.4       
54-09-10 2.91 30 29.9          
 29-08-08 3.21 -40 4.8          
32-12-10 3.14 24 8.2            
 26-03-03 2.92 -30 1.4          
27-10-08 3.39 20 3.0            
 26-03-10 2.97 -30 1.4          
26-10-16 3.54 20 2.0            
 25-06-17 3.20 -30 0.7          
124 12.0          -180 9.3          
25-10-14 3.44 180 1.0            
 24-11-26 3.40 -35 0.1          
27-06-10 2.92 108 2.7            
 25-03-09 3.02 -30 0.4          
26-10-08 3.31 50 2.0            
 24-10-27 3.51 -30 0.0          
24-10-28 3.33 40 0.0            
 27-09-10 3.07 -30 2.9          
24-11-03 3.40 40 0.1            
 26-03-10 2.96 -22 1.4          
418 1.4            -147 0.9          
26-04-14 3.19 400 1.5            
 25-09-10 2.87 -60 0.9          
25-01-14 2.98 310 0.3            
 28-06-10 3.04 -51 3.7          
25-10-14 3.18 250 1.0            
 29-06-10 3.07 -50.0 4.7          
25-10-02 2.86 110 1.0            
 51-03-10 2.90 -20.0 26.4       
26-09-03 2.99 100 1.9            
 54-03-10 2.93 -10.0 29.4       
1,170 1.0            -191 6.8          
