30y
91d
2y
0 0
0 0
KR Market
KR Bond(%,bp) YTM 1D 1W 1M
CD91D 3.510 0.0 -1.0 4.0
2.977 -1.4 -5.4 -9.0
 3.260 3.289 AAA
2.967 -1.8 -4.1 -3.2
 3.300 3.263 AAA
2.910 -1.7 -2.9 -3.0
 3.200 3.318 AAA
2.972 -1.8 -2.5 1.7
 3.300 3.263 AAA
3.032 -1.5 -4.0 3.5
 3.290 3.238 AAA
3.070 -1.5 -0.7 7.5
 3.172 3.212 AAA
KR Credit(%,bp) YTM 1D 1W 1M
 3.100 3.109 AAA
3.583 -1.7 -1.3 10.0
 4.900 3.734 AA-
3.484 -2.2 -1.3 7.5
 3.19 3.219 AAA
6.962 -1.7 -3.1 -3.5
 3.799 3.635 AA-
KTB Futures(tick)
 1D 1W
KTBF 3Y 5 14
 (십억계약,%,년)
LKTBF 10Y 14 46
KR Stock(%) Index 1D 1W 1M
KOSPI -0.21 -3.26 2.12
KOSDAQ -0.88 -4.07 -1.04
FX Market(%) Price 1D 1W 1M
1335.9 -0.47 0.20 -2.89
928.61 0.85 0.74 -2.50
1D(bp) 1D(bp) 1D(bp)
1Y 3.180 -1.00 1Y 2.855 -5
 20.3 0.40
2Y 2.955 -2.25 2Y 2.71 -4
 -1.2 -0.45
3Y 2.870 -2.00 3Y 2.69 -4.5
 -4.0 -0.30
5Y 2.823 -1.75 5Y 2.715 -4.5
 -15.0 0.05
10Y 2.848 -1.75 10Y 2.63 -4.5
 -18.5 -0.25
US Bond Market
US Bond(%,bp) YTM 1D 1W 1M
UST2Y 3.719 -3.9 -17.7 -26
UST5Y 3.52 -3.1 -15.3 -21.4
UST10Y 3.729 -2.8 -13.3 -16.5
UST30Y 4.038 -2.2 -10.9 -14.3
KR Credit Market
 (계약수)
Bond Yield(%, bp) Yield 1D 1W 1M 3M 1Y
3.300 -1.2 -0.7 5.6 -25.2 -54.4
3.179 -1.5 -0.9 3.4 -28.8 -92.6
3.195 -1.7 -2.2 4.8 -28.2 -95.3
3.327 -1.8 -3.4 5.7 -24.8 -59.9 Fund Flow (십억원)
3.209 -1.8 -2.6 0.8 -34.6 -103.2 YTD
3.251 -1.8 -2.5 3.3 -37.5 -110.9 26110.6
3.453 -0.7 -2.5 4.5 -24.9 -66.9 34722.2
3.469 -1.7 -1.3 9.0 -25.7 -110.7 11816.4
3.592 -1.8 -2.5 7.0 -34.7 -118.6 53703.6
3.540 -0.7 -2.0 8.0 -21.0 -76 -5873.8
3.583 -1.7 -1.3 10.0 -25.9 -124.8 *는 T-2일 기준, 펀드는 설정액 및 ETF 제외 기준
3.710 -1.8 -3.0 6.5 -36.8 -127.5 **는 T-4일 기준
4.318 -1.7 -6.0 -8.0 -39.3 -77.6
4.522 -1.7 -3.0 -2.2 -40.7 -111.3
 (십억원)
4.835 -1.8 -2.5 1.7 -38.7 -109.1
5.040 -1.7 -6.0 -8.0 -38.8 -74.6
 AA- 250
5.315 -1.7 -3.0 -2.2 -39.9 -107.3
 A+ 100
5.519 -1.8 -2.5 1.7 -38.7 -107.6
 66
5.607 -1.7 -6.0 -8.0 -39.3 -74.1
 AA- 60
5.945 -1.7 -3.0 -2.2 -39.4 -104.3
 59
6.160 -1.8 -2.5 1.7 -38.7 -106.8
 AA- 50
3.313 -1.3 -3.0 1.2 -32.6 -69.7 GS21-1 AA0 50
3.322 -1.7 -1.0 3.9 -30.1 -95.4
 A+ 40
3.349 -1.5 -1.4 5.9 -30.5 -110.1
 A+ 40
3.345 -0.8 -2.5 1.9 -30.7 -75.5
 AAA 40
3.400 -2.2 -1.4 6.9 -25.1 -103.7
 AAA 30
3.436 -1.7 -1.6 7.7 -32.7 -118.8 SK282-3 AA+ 30
3.365 -0.9 -2.6 1.9 -31.1 -77.9
 AA- 30
3.437 -2.2 -1.4 7.0 -25.2 -103.5
 A- 22
3.500 -1.7 -1.6 7.6 -33.2 -118.5
 A0 20
3.395 -0.8 -2.5 1.9 -31.0 -78.5
 AAA 20
3.484 -2.2 -1.3 7.5 -25.1 -105
 AAA 20
3.604 -1.7 -1.7 7.7 -33.9 -119
 AA+ 209972-5107
-11331
1726
IRS(%) CRS(%) Spread(bp)
2947
972438
1380-191
-1327
2500
25002800
5000
4500
3500
3000
3000
2300
18000.000
24000
8000
20000
0
0
2.975
3.080
2.990
0.000
 0
0
3202.2
115684.1 -2626.8 -2534 2153.41M
197168.1 -1275.8 -3114.1 -8017.5
1D 1W
171305.4 295.3 541
2025-04-08 3.603 3.6120377.3
64701.6 0 49.2 -5454.91670296.4 0 4642.1
3.539 3.52
2025-06-26 - 5.782025-04-28 3.594 3.59
2027-07-09 - 2.16
3.64 3.62
2025-08-28 3.483 3.542025-02-20 3.515 3.53
2024-10-29 3.511 3.57
3.464 3.61
2034-08-29 4.73 4.712033-04-23 3.301 3.3
2029-05-23 3.258 3.26
3.303 3.332028-07-06 3.257 3.23
2028-10-24 3.262 3.232026-07-31 4.887 4.8
2026-09-04 3.762 3.79▪
▪
▪
2575.50
725.28105.86
116.62
2029-10-292024-10-252026-04-092026-04-17
MMF*
0
0
6 Sep. 2024
27-09-05 3.10 180 3.0            
 54-09-10 2.97 -88 30.0       
29-09-05 3.17 140 5.0            
 26-04-02 3.02 -80 1.6          
26-07-02 2.97 130 1.8            
 29-03-10 2.97 -60 4.5          
26-09-05 3.30 130 2.0            
 31-06-10 3.03 -50 6.8          
26-09-05 3.19 90 2.0            
 33-12-10 3.05 -30 9.3          
670 2.9            -308 11.9       
27-09-03 3.46 150 3.0            
 34-06-10 3.04 -98 9.8          
54-09-10 2.97 121 30.0          
 32-12-10 3.09 -30 8.3          
29-09-05 3.17 40 5.0            
 53-09-10 2.97 -20 29.0       
29-08-31 3.13 40 5.0            
 33-12-10 3.06 -20 9.3          
27-09-05 3.21 20 3.0            
 26-12-10 2.93 -20 2.3          
371 12.2          -188 10.7       
26-03-05 3.26 100 1.5            
 27-06-10 2.91 -88 2.8          
54-09-10 2.96 104 30.0          
 54-03-10 2.97 -72 29.5       
26-10-02 3.80 80 2.1            
 25-09-04 3.34 -80 1.0          
27-03-05 3.29 75 2.5            
 25-10-02 3.01 -40 1.1          
26-03-05 3.66 67 1.5            
 26-06-10 2.97 -31 1.8          
426 8.8            -311 8.2          
54-03-10 2.97 117 29.5          
 25-06-10 3.02 -30 0.8          
27-03-03 2.97 120 2.5            
 33-06-10 3.09 -10 8.8          
25-01-17 3.38 120 0.4            
 25-09-10 3.06 -10.0 1.0          
34-06-10 3.03 106 9.8            
 26-03-03 3.01 -10.0 1.5          
26-09-03 2.99 90 2.0            
 72-09-10 2.90 -7.0 48.0       
554 9.1            -67 7.0          
