0 0
0 0
0 0
0 0
0 0
KR Market
KR Bond(%,bp) YTM 1D 1W 1M
CD91D 3.390 0.0 7.0 -5.0
2.684 0.1 0.1 -15.1
 2.900 2.907
2.725 2.0 7.0 -20.3
 3.250 3.290 AAA
2.612 1.2 7.6 -26.3
 2.980 2.960 AAA
2.760 3.0 14.5 -16.0
 3.090 2.966 AAA
2.860 5.0 18.5 -15.3
 4.400 -
2.791 3.9 21.8 -16.9
 7.850 - AAA
KR Credit(%,bp) YTM 1D 1W 1M
 5.050 5.977 AAA
3.348 1.2 8.5 -11.7
 3.080 2.930 AAA
3.282 1.4 8.3 -15.4
 6.960 - -
6.635 1.2 7.7 -19.9
 2.900 2.907 AAA
KTB Futures(tick)
 1D 1W
KTBF 3Y -8.0 -1.0
 (십억계약,%,년)
LKTBF 10Y -54.0 -180.0
KR Stock(%) Index 1D 1W 1M
KOSPI -1.30 -3.62 -3.15
KOSDAQ -2.35 -3.66 -2.14
FX Market(%) Price 1D 1W 1M
1,451.4 -0.03 1.28 4.35
923.9 0.24 -1.40 2.65
1D(bp) 1D(bp) 1D(bp)
1Y 2.840 0.5 1Y 2.695 1.5
 15.6 0.4
2Y 2.720 2.0 2Y 2.590 3
 -0.5 0.0
3Y 2.675 2.5 3Y 2.580 2.5
 6.3 1.3
5Y 2.688 4.5 5Y 2.540 2.5
 -7.2 1.5
10Y 2.738 5.2 10Y 2.565 2.5
 -12.3 0.2
US Bond Market
US Bond(%,bp) YTM 1D 1W 1M
UST2Y 4.312 -0.9 6.3 -0.7
UST5Y 4.379 -4.5 12.7 9.8
UST10Y 4.526 -4.2 12.7 11.2
UST30Y 4.723 -1.3 12.1 12.4
KR Credit Market
 (계약수)
Bond Yield(%, bp) Yield 1D 1W 1M 3M 1Y
3.026 0.7 2.3 -18.5 -19.5 -70.5
2.943 1.3 8.0 -19.1 -16.5 -66.2
3.057 3.0 14.5 -11.0 -7.8 -52.4
3.032 1.0 3.4 -21.7 -20.6 -72.4 Fund Flow (십억원)
2.976 1.3 8.1 -18.6 -16.1 -73.9 YTD
3.087 3.0 14.4 -13.9 -10.3 -71.4 18,328
3.248 1.0 3.5 -10.0 -10.0 -64.6 39,071
3.256 1.2 8.5 -11.7 -9.0 -72.1 19,761
3.418 3.0 15.2 -12.5 -9.7 -70.2 98,213
3.326 1.0 4.0 -9.5 -11.4 -72.9 -9,624
3.348 1.2 8.5 -11.7 -11.2 -82.9 *는 T-2일 기준, 펀드는 설정액 및 ETF 제외 기준
3.526 3.0 15.2 -12.5 -10.7 -80.1 **는 T-4일 기준
4.004 1.0 3.5 -12.8 -20.4 -91.2
4.215 1.2 8.2 -15.2 -18.9 -88.2
 (십억원)
4.641 3.0 15.2 -14.0 -11.7 -65.9
4.721 1.0 3.5 -12.8 -20.9 -89.2
 - 1200
5.008 1.2 8.2 -15.2 -18.9 -84.7
 BBB0 216
5.325 3.0 15.2 -14.0 -11.7 -64.9
 - 210
5.293 1.0 3.5 -12.8 -20.4 -88.2
 AA- 60
5.648 1.2 8.2 -14.7 -17.9 -80.7
 AA0 60
5.966 3.0 15.2 -14.0 -11.7 -64.1
 - 60
3.127 0.1 1.1 -13.3 -12.6 -72.6
 - 60
3.121 1.3 8.6 -17.0 -15.0 -64.5
 AA- 50
3.196 3.0 14.9 -13.5 -9.6 -61.1
 BBB+ 43
3.161 0.3 2.0 -12.0 -11.4 -76
 - 40
3.206 1.4 8.2 -15.5 -13.3 -65.8
 - 40
3.294 3.0 15.1 -11.7 -7.4 -68.5
 AA- 30
3.189 0.5 2.2 -11.8 -10.8 -77.4
 AA- 30
3.233 1.4 8.2 -15.5 -14.1 -67.2
 AA- 30
3.355 3.0 15.1 -11.5 -7.8 -68.6
 - 30
3.218 0.5 2.2 -11.8 -10.8 -78.5
 - 30
3.282 1.4 8.3 -15.4 -14.0 -68.8
 - 20
3.459 3.0 15.2 -11.4 -7.8 -69.4
 - 20▪
▪
▪
2,404.2
668.3106.8
117.5
2026-08-212026-03-102027-01-112026-01-15
MMF*
0
0
- 3.732026-02-13 - 3.03
2028-07-06 - 3.862025-06-13 3.509 3.68
2025-02-18 - 3.053.551 3.54
2025-10-30 3.514 3.682028-12-20 - 3.68
2027-06-21 - 4.323.243 3.21
2025-06-20 - 6.32029-06-11 - 4.2
2025-04-11 - 3.873.281 3.3
2025-04-24 3.415 3.572054-12-20 - 7.85
2029-12-21 - 4
2026-12-22 - 4.49,196
60,951 434 -1,095 2,0021,714,806 1,220 3,097
-894
123,629 -1,502 -719 5,0861M
189,385 -706 -1,184 -12,958
1D 1W
175,655 -3,397 -3,512
0
0
0
0
0
0
0
0
0.000
0
0
0
0
0
0.000
0.000
0.000
0.000
2,000
1,6002,000
3,500
3,000
3,000
2,800
2,000
1,500
1,200
-61,1776,195
60,261
-2,730
IRS(%) CRS(%) Spread(bp)
-4,407
2,921368
164944
-1,370
23 Dec. 2024
25-04-20 3.29 280 0.3            
 26-09-10 2.74 -32 1.7          
26-12-20 2.90 190 2.0            
 25-06-10 2.80 -30 0.5          
27-06-10 2.70 116 2.5            
 32-12-10 3.00 -20 8.0          
34-06-10 3.01 90 9.5            
 32-06-10 3.00 -20 7.5          
25-10-02 2.70 80 0.8            
 33-06-10 3.02 -20 8.5          
756 2.2            -122 4.5          
54-12-20 7.85 178 30.0          
 26-06-10 2.76 -130 1.5          
54-09-10 2.71 158 29.7          
 25-04-02 2.67 -90 0.3          
34-06-10 3.00 153 9.5            
 25-10-02 2.69 -80 0.8          
33-12-10 3.01 57 9.0            
 25-12-15 2.98 -50 1.0          
26-12-20 3.09 50 2.0            
 29-03-10 2.86 -45 4.2          
596 20.3          -395 1.3          
26-12-20 3.09 150 2.0            
 26-06-10 2.73 -60 1.5          
26-12-20 2.90 70 2.0            
 25-06-09 3.36 -50 0.5          
26-12-20 2.98 50 2.0            
 27-06-10 2.69 -48 2.5          
26-12-20 3.00 50 2.0            
 25-07-27 3.24 -30 0.6          
54-12-20 5.05 50 30.0          
 34-12-10 2.87 -21 10.0       
370 5.8            -209 2.2          
26-06-10 2.74 60 1.5            
 27-06-10 2.75 -50 2.5          
26-12-20 2.90 50 2.0            
 29-03-10 2.81 -39 4.2          
26-12-10 2.74 49 2.0            
 27-12-10 2.65 -40 3.0          
34-06-10 3.01 42 9.5            
 28-06-10 2.82 -40 3.5          
33-12-10 3.04 33 9.0            
 43-09-10 2.87 -19 18.7       
234 4.2            -188 4.8          
