91d
0 0
0 0
0 0
0 0
KR Market
KR Bond(%,bp) YTM 1D 1W 1M
CD91D 3.500 0.0 -2.0 -10.0
3.148 0.0 -7.9 -17.6
 3.350 3.343
3.060 2.0 -7.2 -18.5
 3.250 3.228 AAA
2.994 2.2 -9.3 -18.3
 3.520 3.272 AAA
3.009 2.3 -10.3 -18.6
 3.560 3.362 AA+
3.055 1.3 -11.7 -20.5
 3.130 3.117 AAA
3.035 1.0 -8.2 -20.8
 3.220 3.200 AAA
KR Credit(%,bp) YTM 1D 1W 1M
 3.150 3.133 AAA
3.508 3.8 -5.7 -17.2
 3.374 3.351 AA+
3.452 2.2 -8.6 -18.3
 4.02 3.669 AAA
7.055 2.0 -12.9 -24.9
 3.346 3.333 AA+
KTB Futures(tick)
 1D 1W
KTBF 3Y -8 13
 (십억계약,%,년)
LKTBF 10Y -15 73
KR Stock(%) Index 1D 1W 1M
KOSPI -0.99 -1.30 -2.13
KOSDAQ -0.52 -1.03 -4.36
FX Market(%) Price 1D 1W 1M
1385.3 0.25 -0.06 0.62
894.96 -0.62 0.65 4.58
1D(bp) 1D(bp) 1D(bp)
1Y 3.238 1.50 1Y 3.12 2.5
 8.9 1.50
2Y 3.055 2.25 2Y 2.88 2
 -0.5 0.25
3Y 2.970 2.25 3Y 2.81 1.5
 -2.4 0.05
5Y 2.925 1.75 5Y 2.815 1.5
 -8.4 -0.55
10Y 2.960 1.50 10Y 2.725 1
 -9.5 0.20
US Bond Market
US Bond(%,bp) YTM 1D 1W 1M
UST2Y 4.369 -3.1 -12.2 -39.5
UST5Y 4.035 -4.2 -13 -34.8
UST10Y 4.141 -3.5 -11.1 -26
UST30Y 4.396 -2.9 -8.9 -16.6
KR Credit Market
 (계약수)
Bond Yield(%, bp) Yield 1D 1W 1M 3M 1Y
3.300 0.4 -5.7 -19.5 -33.9 -51.4
3.187 2.5 -5.5 -17.6 -50.4 -86
3.187 2.7 -8.6 -17.3 -53.0 -89.6
3.304 0.6 -4.2 -18.7 -39.1 -54.5 Fund Flow (십억원)
3.248 2.0 -8.7 -18.2 -54.7 -93.8 YTD
3.267 2.3 -9.6 -18.3 -66.2 -101.4 35901.3
3.443 0.0 -5.7 -17.3 -34.5 -69.9 29713.7
3.414 3.3 -6.2 -16.8 -51.1 -107.4 14392.2
3.567 2.3 -10.2 -20.5 -65.9 -110.8 27860.7
3.495 0.0 -5.7 -17.6 -36.6 -83.2 -881.2
3.508 3.8 -5.7 -17.2 -55.8 -122.5 *는 T-2일 기준, 펀드는 설정액 및 ETF 제외 기준
3.690 2.3 -10.7 -21.3 -69.9 -118 **는 T-4일 기준
4.443 -0.5 -6.7 -17.1 -38.4 -65.3
4.574 2.3 -8.2 -19.3 -61.2 -96.8
 (십억원)
4.863 2.3 -10.2 -19.2 -64.7 -94.3
5.165 -0.5 -6.7 -17.1 -37.4 -62.8
 62
5.367 2.3 -8.2 -19.3 -59.4 -92.8
 AA- 60
5.547 2.3 -10.2 -19.2 -64.2 -93.3
 AA0 40
5.732 -0.5 -6.7 -17.1 -37.9 -63.8
 AA0 40
5.997 2.3 -8.2 -18.8 -58.9 -90.3
 40
6.188 2.3 -10.2 -19.2 -64.2 -92.5
 AA- 40
3.382 0.1 -7.6 -17.8 -33.0 -61.6
 AA0 30
3.333 2.3 -8.4 -17.3 -50.9 -89.1
 AA0 30
3.346 2.3 -9.5 -16.0 -59.2 -103.1
 AAA 30
3.400 0.0 -8.1 -18.0 -32.9 -69.2
 30
3.374 2.2 -8.6 -17.8 -51.0 -99.6
 AAA 30
3.408 2.2 -9.4 -18.9 -65.2 -113.3
 A0 20
3.421 -0.1 -8.2 -18.0 -34.1 -71.2
 AA0 20
3.410 2.2 -8.5 -18.3 -51.9 -99.7
 AA0 20
3.473 2.3 -9.4 -18.9 -65.4 -112.9
 AAA 20
3.450 0.0 -8.0 -17.6 -34.6 -72.1
 AA- 20
3.452 2.2 -8.6 -18.3 -53.5 -101.9
 A+ 20
3.576 2.2 -9.5 -19.2 -65.9 -113.5
 AAA 2043407172
-5718
-4527
IRS(%) CRS(%) Spread(bp)
-7565
-5714256
-284197
6211
1000
6001200
5000
3000
2300
1500
1300
500
5000.000
5000
0
0
0
0
3.350
0.000
0.000
0.000
0
0
0
0
0
0
11577.6
118259.9 982.4 -501.1 621.21M
206958.8 753.7 769.2 15944.1
1D 1W
166296.9 298.7 919.3
2024-09-30 - 4-5291.8
69694.2 -242.7 1608.3 -11431644453.5 -5747.5 -5050
5.102 5.15
2025-12-15 - 3.82024-08-09 3.65 3.63
2027-01-31 3.255 3.3
3.404 3.43
2025-06-05 3.348 3.382027-04-23 3.501 3.49
2026-01-25 3.353 3.35
3.657 3.71
2027-01-25 3.452 3.472030-07-26 - 3.98
2027-02-19 3.271 3.31
3.233 3.272027-05-28 3.505 3.5
2026-07-24 3.496 3.532027-06-03 3.455 3.47
2027-04-25 3.231 3.25▪
▪
▪
2738.19
803.78105.72
116.63
2027-02-222025-02-282027-01-222028-07-10
MMF*
0
0
31 Jul. 2024
27-01-30 3.13 120 2.5            
 24-12-10 3.06 -50 0.4          
26-10-30 3.15 100 2.3            
 32-12-10 3.08 -40 8.4          
27-07-30 3.25 70 3.0            
 26-07-16 3.18 -30 2.0          
25-09-10 3.12 60 1.1            
 27-12-10 2.99 -30 3.4          
26-07-02 3.06 50 1.9            
 25-10-02 3.12 -20 1.2          
400 2.2            -170 3.2          
29-07-31 3.14 95 5.0            
 24-08-29 3.45 -40 0.1          
52-03-10 3.11 70 27.6          
 31-12-10 3.08 -26 7.4          
34-06-10 3.05 59 9.9            
 33-12-10 3.07 -21 9.4          
53-03-10 2.96 51 28.6          
 26-06-10 3.06 -20 1.9          
26-03-03 3.11 50 1.6            
 33-06-10 3.06 -16 8.9          
325 13.9          -123 4.6          
25-07-30 3.52 220 1.0            
 26-12-10 3.02 -64 2.4          
27-07-30 3.25 80 3.0            
 33-12-10 3.06 -53 9.4          
25-07-30 3.56 60 1.0            
 24-09-19 3.44 -30 0.1          
24-12-16 3.41 40 0.4            
 29-03-10 3.00 -28 4.6          
25-12-15 3.80 40 1.4            
 27-02-16 3.26 -20 2.6          
440 1.3            -195 4.3          
29-03-10 3.00 100 4.6            
 28-03-10 2.45 -117 3.6          
25-09-10 3.12 100 1.1            
 28-06-10 3.02 -123 3.9          
27-09-10 2.99 100 3.1            
 27-06-10 3.04 -108.9 2.9          
26-09-10 3.03 100 2.1            
 26-03-10 3.06 -99.6 1.6          
26-03-10 3.06 50 1.6            
 30-12-10 3.06 -102.9 6.4          
450 2.6            -552 3.7          
