10y
91d
3y
0 0
0 0
KR Market
KR Bond(%,bp) YTM 1D 1W 1M
CD91D 3.600 0.0 0.0 0.0
3.335 -0.7 -1.1 -3.5
 3.360 3.488 AAA
3.235 -2.1 -7.4 -20.0
 3.420 3.449 AAA
3.160 -3.5 -8.2 -25.5
 3.351 3.381 AAA
3.190 -3.0 -7.2 -25.5
 3.470 3.518 AAA
3.242 -2.8 -5.8 -24.3
 3.370 3.497 AAA
3.227 -0.8 -4.0 -18.5
 5.083 - A
KR Credit(%,bp) YTM 1D 1W 1M
 3.541 3.648 AA-
3.676 -3.8 -9.8 -29.5
 3.381 - AAA
3.629 -3.7 -6.9 -22.2
 8.50 5.785 BBB+
7.303 -3.5 -8.0 -28.5
 3.508 3.648 AA-
KTB Futures(tick)
 1D 1W
KTBF 3Y 11 34
 (십억계약,%,년)
LKTBF 10Y 24 67
KR Stock(%) Index 1D 1W 1M
KOSPI -0.83 0.94 2.23
KOSDAQ -0.56 -1.10 0.82
FX Market(%) Price 1D 1W 1M
1388.3 0.26 0.65 1.86
874.68 0.04 -0.30 0.41
1D(bp) 1D(bp) 1D(bp)
1Y 3.378 -3.00 1Y 3.325 -4
 4.3 -2.30
2Y 3.235 -3.75 2Y 3.09 -2.5
 0.0 -1.65
3Y 3.168 -3.75 3Y 3.075 -2.5
 0.7 -0.25
5Y 3.118 -3.00 5Y 3.065 -1
 -7.2 0.00
10Y 3.125 -2.50 10Y 2.995 1.5
 -11.7 0.30
US Bond Market
US Bond(%,bp) YTM 1D 1W 1M
UST2Y 4.741 -0.9 2.6 -13.9
UST5Y 4.28 -0.2 3.6 -18.9
UST10Y 4.261 -0.5 3.5 -16.6
UST30Y 4.4 0.1 4.8 -14
KR Credit Market
 (계약수)
Bond Yield(%, bp) Yield 1D 1W 1M 3M 1Y
3.507 -1.1 -2.3 -7.3 -6.0 -28.6
3.343 -3.6 -7.3 -24.1 -16.7 -66.3
3.349 -3.2 -5.9 -23.8 -18.1 -65.8
3.505 -1.0 -4.2 -11.9 -10.1 -36.4 Fund Flow (십억원)
3.414 -3.5 -8.7 -27.0 -21.3 -72.7 YTD
3.453 -3.2 -8.4 -31.8 -33.4 -76 28738.3
3.625 -1.0 -3.5 -11.0 -8.0 -43.2 17879.9
3.571 -3.5 -9.2 -27.2 -27.0 -77.2 12730.9
3.772 -3.5 -8.7 -30.6 -34.6 -83 27166.9
3.668 -1.0 -4.0 -13.0 -16.3 -50 138.8
3.676 -3.8 -9.8 -29.5 -37.5 -84.7 *는 T-2일 기준, 펀드는 설정액 및 ETF 제외 기준
3.908 -3.8 -9.0 -32.3 -40.1 -91**는 T-4일 기준
4.619 -1.0 -4.5 -13.5 -14.5 -42.7
4.758 -4.8 -10.8 -31.8 -31.3 -68.9
 (십억원)
5.055 -3.5 -8.7 -31.5 -28.5 -67.4
5.341 -1.0 -4.5 -12.5 -13.0 -41.2
 AAA 80
5.551 -4.0 -10.0 -30.5 -28.5 -66.4
 80
5.739 -3.5 -8.7 -31.0 -28.0 -67
 80
5.913 -1.0 -4.5 -12.5 -13.0 -42.2
 AA+ 80
6.176 -4.0 -10.0 -30.5 -28.5 -64.9
 78
6.380 -3.5 -8.7 -31.0 -28.0 -66.6
 BBB+ 63
3.578 -0.9 -1.7 -8.0 -8.1 -36.8
 AA0 60
3.493 -3.7 -8.2 -23.2 -23.0 -69.1
 AA- 60
3.514 -3.2 -7.4 -27.2 -25.9 -80.8
 AA- 51
3.602 -0.5 -2.2 -7.9 -8.9 -44
 AA0 50
3.544 -3.7 -7.1 -21.5 -26.3 -75.7
 AA0 50
3.608 -2.8 -7.5 -29.0 -33.9 -86
 AA0 50
3.623 -0.5 -2.2 -8.9 -11.0 -45.7
 AAA 40
3.585 -3.7 -6.9 -21.6 -26.6 -75.8
 AAA 40
3.675 -2.9 -7.7 -29.2 -33.6 -85.2
 AA- 40
3.652 -0.5 -2.2 -8.9 -11.7 -46.8
 AA0 40
3.629 -3.7 -6.9 -22.2 -27.8 -77.7
 AA0 40
3.787 -2.8 -7.7 -28.8 -33.2 -84.8
 A+ 40▪
▪
▪
2784.26
852.67105.27
114.84
2027-06-212025-03-172024-10-022029-03-13
MMF*
0
0
- 42025-01-17 3.587 3.61
2026-02-13 3.487 3.462025-04-12 3.521 3.52
2028-01-28 3.566 3.523.63 3.62
2024-06-27 3.548 3.552024-09-13 3.504 3.51
2027-04-22 3.682 3.663.691 3.67
2024-09-03 3.586 3.642025-06-20 - 8.41
2024-08-30 3.803 3.713.475 3.45
2029-12-20 - 5.832029-12-20 - 4.92
2030-07-26 - 3.3
2028-01-22 3.485 3.4620658.5
70714.2 -1693.4 -1693.4 -314.61643759.7 11743.8 11743.8
1231.8
116598.6 524.3 2385.9 3070.41M
199795.8 -4234.6 -923.5 -10194.6
1D 1W
154463.1 21.1 1264.2
0
0
 0.000
27000
6200
13700
0
0
3.275
3.470
3.250
0.000
700
600700
2000
1500
1400
1200
1000
600
500
71053-7945
-44160
12879
IRS(%) CRS(%) Spread(bp)
-1200
-182783
482-1523
-2763
24 June. 2024
29-06-21 3.35 120 5.0            
 27-03-03 3.26 -160 2.7          
25-06-21 3.47 110 1.0            
 33-06-10 3.29 -60 9.0          
54-03-10 3.18 81 29.7          
 26-01-02 3.26 -50 1.5          
26-04-02 3.24 80 1.8            
 33-12-10 3.28 -45 9.5          
27-06-21 3.42 70 3.0            
 26-09-03 3.28 -40 2.2          
461 7.5            -355 4.4          
54-03-10 3.17 81 29.7          
 33-12-10 3.29 -75 9.5          
43-09-10 3.25 47 19.2          
 25-12-10 3.30 -55 1.5          
26-09-03 3.28 40 2.2            
 28-09-10 3.22 -50 4.2          
27-06-21 3.42 40 3.0            
 53-09-10 3.19 -35 29.2       
25-09-10 3.33 33 1.2            
 26-12-10 3.22 -32 2.5          
241 14.7          -247 8.5          
25-12-10 3.30 110 1.5            
 33-12-10 3.27 -94 9.5          
26-06-19 3.54 70 2.0            
 26-06-10 3.22 -63 2.0          
34-06-10 3.25 58 10.0          
 25-06-13 3.81 -50 1.0          
24-07-20 3.63 50 0.1            
 24-11-01 3.61 -50 0.4          
24-09-21 3.63 50 0.2            
 25-02-16 3.57 -40 0.7          
338 2.6            -297 3.7          
25-09-10 3.32 100 1.2            
 28-03-10 3.21 -75 3.7          
27-12-10 3.19 100 3.5            
 49-03-10 3.21 -1 24.7       
54-03-10 3.17 60 29.7          
 30-12-10 3.26 -0.3 6.5          
26-03-10 3.25 53 1.7            
 27-03-10 3.23 -0.3 2.7          
26-09-10 3.24 30 2.2            
 32-06-10 3.28 -0.2 8.0          
343 7.0            -77 4.0          
