30Y
91d
2Y
0 0
0 0
KR Market
KR Bond(%,bp) YTM 1D 1W 1M
CD91D 3.280 0.0 -1.0 -16.0
2.702 0.0 0.0 -13.8
 2.860 2.960 AAA
2.672 -2.6 -5.2 -27.0
 2.870 2.897 AAA
2.600 -2.5 -4.0 -31.7
 2.870 2.897 AAA
2.615 -2.7 -7.1 -35.7
 2.895 2.839 AAA
2.735 -3.0 -5.0 -34.0
 2.900 2.928 AAA
2.654 -2.1 -9.0 -35.0
 2.930 - AAA
KR Credit(%,bp) YTM 1D 1W 1M
 4.950 5.555 A+
3.229 -2.3 -4.3 -28.6
 2.860 2.960 AAA
3.195 -2.6 -3.6 -28.8
 3.054 - AA
6.558 -2.6 -4.5 -34.6
 3.074 - AA
KTB Futures(tick)
 1D 1W
KTBF 3Y 8.0 5.0
 (십억계약,%,년)
LKTBF 10Y 38.0 36.0
KR Stock(%) Index 1D 1W 1M
KOSPI -0.90 -2.51 -5.24
KOSDAQ -0.92 -3.38 -10.76
FX Market(%) Price 1D 1W 1M
1,415.1 0.35 1.40 2.65
945.4 0.54 3.00 4.41
1D(bp) 1D(bp) 1D(bp)
1Y 2.810 -0.7 1Y 2.620 0
 10.8 -0.7
2Y 2.638 -2.3 2Y 2.430 1.5
 -3.5 0.3
3Y 2.573 -2.8 3Y 2.400 1.5
 -2.8 -0.3
5Y 2.553 -3.7 5Y 2.370 1
 -6.3 -1.1
10Y 2.585 -3.8 10Y 2.400 1
 -15.0 -0.7
US Bond Market
US Bond(%,bp) YTM 1D 1W 1M
UST2Y 4.148 1.6 -8.7 -3.7
UST5Y 4.077 0.7 -6.6 -7.4
UST10Y 4.180 -0.2 -8.5 -9.3
UST30Y 4.336 -1.0 -10.4 -10.1
KR Credit Market
 (계약수)
Bond Yield(%, bp) Yield 1D 1W 1M 3M 1Y
3.008 -0.2 -7.4 -18.1 -27.3 -85.2
2.867 -2.5 -5.3 -30.3 -28.4 -93.1
2.893 -2.7 -7.1 -32.4 -26.2 -91
2.997 -0.3 -9.2 -23.8 -30.7 -90.6 Fund Flow (십억원)
2.893 -2.5 -4.5 -31.5 -28.6 -103.1 YTD
2.929 -2.7 -7.3 -35.2 -28.2 -111 31,252
3.206 0.0 -3.0 -13.3 -22.7 -81.6 42,046
3.137 -2.3 -4.3 -28.2 -30.2 -107.8 18,176
3.251 -2.7 -7.0 -34.4 -29.9 -115.4 95,431
3.279 0.0 -3.0 -13.9 -24.1 -91.8 -10,548
3.229 -2.3 -4.3 -28.6 -32.4 -121.1 *는 T-2일 기준, 펀드는 설정액 및 ETF 제외 기준
3.359 -2.7 -7.0 -34.4 -30.9 -125.3 **는 T-4일 기준
3.972 0.0 -2.5 -17.3 -32.6 -108.9
4.104 -2.3 -3.8 -32.1 -38.8 -122.1
 (십억원)
4.479 -2.7 -7.0 -35.4 -31.4 -109.1
4.689 0.0 -2.5 -17.3 -33.1 -106.4
 AA- 130
4.897 -2.3 -3.8 -32.1 -38.8 -118.1
 AA0 120
5.163 -2.7 -7.0 -35.4 -31.4 -107.6
 AA0 110
5.261 0.0 -2.5 -17.3 -32.6 -105.4
 AA0 100
5.537 -2.3 -3.8 -31.6 -37.8 -114.1
 AA- 100
5.804 -2.7 -7.0 -35.4 -31.4 -106.8
 AA- 100
3.133 -0.3 -0.8 -10.6 -15.9 -83.9
 AA- 60
3.034 -2.6 -4.3 -29.2 -26.1 -91.8
 AA0 60
3.035 -2.7 -6.8 -34.4 -27.5 -101
 AA- 50
3.152 -0.2 -0.7 -10.9 -17.5 -89.2
 AA0 50
3.120 -2.5 -3.5 -28.4 -24.8 -94.4
 AA0 50
3.131 -2.6 -6.3 -32.8 -26.6 -108.5 SK293-1 AA+ 50
3.176 -0.2 -0.7 -10.9 -17.2 -90.8
 AA+ 50
3.147 -2.6 -3.5 -28.8 -25.9 -95.7
 AA+ 50
3.191 -2.5 -6.3 -32.9 -27.0 -108.8
 AA0 40
3.205 -0.2 -0.7 -10.9 -17.2 -91.6
 AA0 40
3.195 -2.6 -3.6 -28.8 -25.7 -97.4
 AAA 40
3.293 -2.6 -6.3 -33.0 -27.3 -109.7 LF11-1 AA- 4010,4665,932
-13,446
-9,479
IRS(%) CRS(%) Spread(bp)
3,468
2,881114
-217215
-759
1,300
1,1001,700
3,300
3,200
2,200
1,900
1,800
1,100
1,0000.000
3,000
5,000
18,000
0
0
2.545
2.930
2.690
0.000
 0
0
1,989
122,043 10 1,146 1,8071M
202,309 169 3,615 4,213
1D 1W
178,630 242 955
2026-01-12 3.224 3.2211,559
60,027 82 1,135 -7601,712,024 3,499 7,395
3.284 3.54
2027-09-12 3.137 3.142025-01-25 3.317 3.65
2026-04-13 3.024 3.06
3.328 3.43
2026-01-28 3.088 3.082025-01-17 3.504 3.69
2025-02-14 3.407 3.57
3.236 3.2
2025-01-27 3.255 3.452028-02-14 3.051 3.04
2026-11-27 3.321 3.29
3.342 3.372025-01-17 3.309 3.58
2027-02-22 2.979 32025-02-20 3.269 3.41
2027-01-26 3.034 3.03▪
▪
▪
2,441.9
670.9106.8
119.7
2025-06-272025-09-072025-02-282025-01-26
MMF*
0
0
6 Dec. 2024
26-06-05 2.87 310 1.5            
 26-01-02 2.75 -40 1.1          
25-12-05 2.94 260 1.0            
 30-06-10 2.78 -40 5.5          
27-12-10 2.66 230 3.0            
 30-12-10 2.80 -30 6.0          
26-06-05 2.87 170 1.5            
 27-09-10 2.69 -30 2.8          
26-03-05 2.93 140 1.2            
 25-01-25 3.64 -30 0.1          
1,110 1.7            -170 3.1          
27-12-05 2.90 120 3.0            
 27-12-10 2.69 -210 3.0          
27-06-05 2.90 100 2.5            
 54-09-10 2.59 -42 29.8       
34-06-10 2.75 30 9.5            
 54-03-10 2.60 -35 29.3       
54-03-10 2.51 50 29.3          
 27-06-10 2.62 -15 2.5          
27-12-05 3.46 12 3.0            
 74-09-10 2.51 -10 49.8       
312 7.7            -312 11.0       
27-06-04 3.05 80 2.5            
 29-09-10 2.64 -57 4.8          
27-01-05 3.07 80 2.1            
 25-04-10 3.22 -40 0.3          
27-12-03 3.04 42 3.0            
 54-09-10 2.59 -24 29.8       
26-03-05 2.93 30 1.2            
 26-12-10 2.67 -21 2.0          
26-06-05 2.87 30 1.5            
 25-01-02 3.01 -20 0.1          
262 2.2            -163 6.5          
26-09-10 2.67 212 1.8            
 52-03-10 2.61 -185 27.3       
54-09-10 2.58 55 29.8          
 29-06-10 2.71 -121 4.5          
26-07-02 2.71 50 1.6            
 32-06-10 2.79 -102 7.5          
34-06-10 2.75 39 9.5            
 27-06-10 2.64 -70 2.5          
28-06-10 2.69 35 3.5            
 29-09-10 2.66 -69 4.8          
391 6.6            -547 12.6       
