2Y
91d
0 0
0 0
0 0
KR Market
KR Bond(%,bp) YTM 1D 1W 1M
CD91D 3.100 -5.0 -34.0 -18.0
2.648 1.4 -4.6 -5.6
 2.800 2.916 AAA
2.645 2.9 -10.7 -4.7
 3.196 3.235 AAA
2.522 5.2 -7.3 -10.0
 2.880 2.850 AAA
2.685 5.0 -8.0 5.1
 2.855 2.787 AAA
2.820 5.5 -5.1 7.6
 2.880 2.916 AAA
2.764 2.5 -11.1 11.9
 2.760 2.784 AAA
KR Credit(%,bp) YTM 1D 1W 1M
 2.990 2.917 AAA
3.246 4.0 -9.0 -0.8
 4.575 5.158 A-
3.203 5.2 -7.6 -1.3
 4.819 5.292 A-
6.547 5.3 -7.5 -3.3
 4.566 5.173 A-
KTB Futures(tick)
 1D 1W
KTBF 3Y -15.0 13.0
 (십억계약,%,년)
LKTBF 10Y -55.0 53.0
KR Stock(%) Index 1D 1W 1M
KOSPI 1.91 3.72 2.49
KOSDAQ 1.73 5.86 8.56
FX Market(%) Price 1D 1W 1M
1,469.7 0.09 -0.19 3.56
925.5 -1.02 -0.75 -2.10
1D(bp) 1D(bp) 1D(bp)
1Y 2.775 1.2 1Y 2.685 2.5
 12.7 -0.2
2Y 2.658 4.0 2Y 2.555 3
 1.3 1.1
3Y 2.635 4.3 3Y 2.555 3
 11.3 -0.9
5Y 2.658 5.0 5Y 2.605 3
 -2.7 0.0
10Y 2.723 5.5 10Y 2.615 3
 -9.7 0.0
US Bond Market
US Bond(%,bp) YTM 1D 1W 1M
UST2Y 4.279 -0.2 3.3 17.1
UST5Y 4.430 1.6 6.9 39.4
UST10Y 4.623 2.3 8.8 46.7
UST30Y 4.836 2.4 8.4 49.7
KR Credit Market
 (계약수)
Bond Yield(%, bp) Yield 1D 1W 1M 3M 1Y
2.908 -1.0 -12.1 -10.1 -32.0 -72.7
2.828 4.1 -8.2 -6.1 -37.3 -81.9
2.959 4.2 -8.8 4.7 -30.1 -67.2
2.916 0.0 -12.0 -8.4 -31.9 -72.5 Fund Flow (십억원)
2.865 4.9 -7.8 -5.0 -36.6 -88.7 YTD
3.009 5.0 -8.0 6.0 -30.2 -84.1 14,406
3.148 -0.5 -11.5 -5.8 -19.8 -68.6 1,653
3.154 4.0 -9.0 -0.8 -26.7 -88.6 861
3.343 5.0 -8.0 7.2 -29.4 -83.2 108,990
3.226 -0.5 -11.5 -5.3 -20.9 -76.9 -10,696
3.246 4.0 -9.0 -0.8 -27.9 -100.9 *는 T-2일 기준, 펀드는 설정액 및 ETF 제외 기준
3.451 5.0 -8.0 7.2 -29.9 -92.6 **는 T-4일 기준
3.899 -0.5 -11.5 -7.3 -29.9 -96.2
4.108 4.0 -9.0 -2.1 -36.1 -105.7
 (십억원)
4.566 5.0 -8.0 6.7 -31.4 -78.4
4.616 -0.5 -11.5 -7.3 -30.4 -94.2
 - 80
4.901 4.0 -9.0 -2.1 -36.1 -102.2
 AA0 60
5.250 5.0 -8.0 6.7 -31.4 -77.4
 AAA 50
5.188 -0.5 -11.5 -7.3 -29.9 -93.2
 AA+ 50
5.541 4.0 -9.0 -2.1 -35.1 -98.2
 AA+ 50
5.891 5.0 -8.0 6.7 -31.4 -76.6
 AAA 50
3.045 0.7 -8.8 -8.9 -22.1 -74
 AA- 50
3.047 5.4 -7.0 -1.1 -32.0 -76.6
 AA- 50
3.116 5.0 -8.3 6.1 -29.9 -73.5
 AA0 50
3.084 0.5 -9.0 -7.1 -20.2 -77.6
 AAA 40
3.129 5.3 -7.6 -1.2 -30.0 -79.1
 AAA 40
3.213 5.0 -8.5 6.3 -28.0 -81.5
 AAA 40
3.111 0.5 -9.0 -6.8 -19.7 -79
 AA- 40
3.155 5.2 -7.6 -1.3 -30.4 -80.6
 A0 40
3.273 5.0 -8.5 6.4 -28.1 -81.7
 AA0 40
3.141 0.5 -9.0 -6.8 -19.6 -80
 AA- 30
3.203 5.2 -7.6 -1.3 -30.4 -82.3
 - 30
3.378 5.0 -8.5 6.6 -27.9 -82.4
 - 30▪
▪
▪
2,488.6
718.0106.8
117.5
2032-06-102026-01-162026-02-132025-05-27
MMF*
0
0
- 4.0902026-04-25 3.473 3.450
2029-12-20 - 4.8902025-02-10 3.388 3.420
2026-01-12 3.122 3.1002.968 3.000
2025-01-17 3.487 3.2302027-07-02 2.938 2.970
2029-01-16 2.971 3.0203.348 3.320
2025-01-17 3.304 3.1902027-06-17 2.935 2.970
2027-01-11 3.150 3.1403.225 3.210
2025-10-08 3.276 3.2402026-01-20 3.042 3.030
2025-11-24 3.107 3.080
2031-06-10 - 3.93015,915
59,879 0 -304 -2401,725,583 0 2,584
34,014
125,424 861 22,541 23,4101M
186,913 14,406 11,705 -6,820
1D 1W
171,280 1,653 34,514
0
0
0
0
0.000
14,000
12,000
0
0
0
2.670
2.830
0.000
0.000
1,000
3001,400
3,000
2,400
2,000
2,000
2,000
200
100
-7,895-2,426
682
-589
IRS(%) CRS(%) Spread(bp)
1,535
2,365899
2,039508
2,471
7 Jan. 2025
25-04-08 2.85 570 0.3            
 25-04-02 2.81 -170 0.2          
26-10-02 2.68 110 1.7            
 25-09-10 2.53 -60 0.7          
54-09-10 2.71 76 29.7          
 25-11-14 2.91 -50 0.9          
34-06-10 2.96 72 9.4            
 27-03-20 2.85 -40 2.2          
28-01-06 2.86 60 3.0            
 26-09-10 2.70 -40 1.7          
888 3.9            -360 0.8          
26-06-10 2.69 210 1.4            
 25-06-05 3.07 -30 0.4          
26-09-10 2.70 185 1.7            
 52-03-10 2.75 -30 27.2       
25-04-02 2.81 170 0.2            
 30-12-10 2.91 -30 5.9          
54-09-10 2.71 108 29.7          
 27-12-10 2.64 -20 2.9          
26-03-05 2.90 80 1.2            
 30-03-25 3.39 -20 5.2          
753 5.2            -130 9.0          
25-04-08 2.84 410 0.3            
 42-09-10 2.77 -90 17.7       
25-04-06 3.20 140 0.2            
 26-06-10 2.69 -72 1.4          
26-01-06 2.88 70 1.0            
 25-07-11 3.28 -30 0.5          
27-01-06 2.88 60 2.0            
 27-08-25 3.17 -20 2.6          
26-01-02 2.64 50 1.0            
 25-07-11 3.27 -20 0.5          
730 0.5            -232 7.6          
25-04-08 2.84 120 0.3            
 26-03-10 2.66 -100 1.2          
54-09-10 2.70 81 29.7          
 27-12-10 2.61 -20 2.9          
25-12-10 2.63 60 0.9            
 27-09-10 2.64 -15 2.7          
26-06-10 2.69 50 1.4            
 48-03-10 2.76 -14 23.2       
40-09-10 2.82 20 15.7          
 25-09-10 2.56 -10 0.7          
331 8.7            -159 3.4          
