30Y
91D
0 0
0 0
0 0
KR Market
KR Bond(%,bp) YTM 1D 1W 1M
CD91D 3.510 0.0 -2.0 0.0
2.870 -0.7 2.5 -8.4
 3.424 3.459 AA+
2.938 -2.7 8.8 -0.7
 3.521 3.517 AA+
2.935 -2.2 13.0 5.5
 3.349 3.556 AA-
3.001 -1.7 11.6 7.1
 7.700 - -
3.080 -2.1 8.8 9.3
 3.492 3.558 AA-
2.947 -1.8 3.6 -6.3
 3.506 3.556 AA-
KR Credit(%,bp) YTM 1D 1W 1M KT&G4-1
 3.218 3.340 AAA
3.525 -2.7 11.5 -2.8 KT&G4-2
 3.306 3.394 AAA
3.507 -3.1 11.1 5.5
 3.335 3.437 AAA
6.956 -2.6 12.3 3.2
 3.900 3.876 A0
KTB Futures(tick)
 1D 1W
KTBF 3Y 7 -55
 (십억계약,%,년)
LKTBF 10Y 18 -146
KR Stock(%) Index 1D 1W 1M
KOSPI -0.61 0.04 1.97
KOSDAQ -0.35 1.88 10.14
FX Market(%) Price 1D 1W 1M
1349.7 0.22 3.20 1.66
910.51 0.42 -1.49 -2.98
1D(bp) 1D(bp) 1D(bp)
1Y 3.198 1.500 1Y 2.88 0.5
 32.8 2.2
2Y 3.015 -1.250 2Y 2.725 -0.5
 7.7 1.5
3Y 2.958 -1.000 3Y 2.75 -1
 2.3 1.2
5Y 2.938 0.250 5Y 2.775 -1.5
 -6.3 1.9
10Y 2.968 -0.250 10Y 2.81 -1.5
 -11.3 1.8
US Bond Market
US Bond(%,bp) YTM 1D 1W 1M
UST2Y 4.024 6.4 38.1 35.3
UST5Y 3.918 7.1 36.3 42.9
UST10Y 4.075 6.2 29.2 37.4
UST30Y 4.343 4.8 21.1 34.1
KR Credit Market
 (계약수)
Bond Yield(%, bp) Yield 1D 1W 1M 3M 1Y
3.228 -0.3 3.1 -5.3 -11.0 -78.6
3.201 -2.1 12.3 5.0 -9.0 -120
3.260 -1.7 11.1 10.5 -3.5 -122.9
3.235 -0.7 3.0 -6.9 -7.5 -86.7 Fund Flow (십억원)
3.231 -2.1 12.7 5.2 -13.3 -129.1 YTD
3.311 -1.7 10.8 10.0 -7.5 -135.7 20821.6
3.346 -0.5 4.0 -8.7 -14.5 -87.8 34545.6
3.421 -2.7 11.5 -1.8 -9.9 -142.5 17283.2
3.637 -1.8 12.2 8.7 -6.8 -145.1 66419.4
3.435 -0.5 4.0 -8.5 -11.1 -97.7 -8161.9
3.525 -2.7 11.5 -2.8 -8.7 -159.3 *는 T-2일 기준, 펀드는 설정액 및 ETF 제외 기준
3.750 -1.8 12.2 8.2 -8.3 -154.5 **는 T-4일 기준
4.198 -0.5 4.0 -10.0 -28.8 -101.8
4.469 -2.7 11.5 -2.3 -22.5 -143.6
 (십억원)
4.880 -1.8 12.2 8.7 -10.8 -135.1
4.920 -0.5 4.0 -10.0 -28.8 -98.8
 AAA 60
5.262 -2.7 11.5 -2.3 -22.5 -139.6
 A+ 60
5.564 -1.8 12.2 8.7 -10.8 -133.6
 AA- 60
5.487 -0.5 4.0 -10.0 -28.8 -98.3
 AA0 50
5.892 -2.7 11.5 -2.3 -22.0 -136.6
 AA0 40
6.205 -1.8 12.2 8.7 -10.8 -132.8
 AA0 40
3.266 -0.5 3.5 -2.6 -16.1 -92.1 KT&G4-1 AAA 40
3.367 -2.7 11.6 7.2 -7.4 -117.9 KT&G4-2 AAA 40
3.415 -2.2 10.9 10.5 -3.5 -132.7
 AA0 40
3.286 -0.6 3.0 -4.1 -16.7 -97.8
 AAA 40
3.429 -3.0 11.3 6.1 -5.5 -126.5
 - 40
3.493 -2.4 10.8 9.6 -3.6 -141.3
 - 40
3.308 -0.7 3.0 -4.0 -16.7 -100
 - 39
3.459 -3.1 11.1 5.3 -6.6 -127.2
 AA- 30
3.554 -2.4 10.4 9.3 -4.0 -141.5
 AA+ 30
3.337 -0.7 3.0 -4.0 -16.4 -100.7
 AA+ 30
3.507 -3.1 11.1 5.5 -6.0 -128.7
 AAA 30
3.657 -2.3 10.3 9.1 -4.2 -142.2
 AA- 30-6192313723
42574
-14361
IRS(%) CRS(%) Spread(bp)
-883
607887
2291025
8007
800
16001300
2800
2200
1500
60
1200
700
6000.000
20000
8000
0
0
0
2.915
3.050
0.000
0.000
0
0
0
0
-706.5
121150.9 1522.4 2151 7379.11M
191879.1 4064.9 15721.9 2035.7
1D 1W
171128.8 350.6 824.8
2027-04-06 3.324 3.3417166.8
62413.5 268.5 559.8 -1561.71683012.2 -866.1 4230.1
3.613 3.56
2029-06-01 3.551 3.532025-04-11 3.461 3.55
2031-10-04 3.49 3.51
- 3.31
2025-02-14 3.592 3.572025-09-24 3.236 3.2
2026-10-08 - 3.22
- 4.91
2029-09-10 - 3.842027-10-01 3.223 3.2
2029-10-08 - 3.95
3.444 3.442026-01-23 3.418 3.4
2027-08-10 3.306 3.322025-02-14 3.591 3.56
2025-05-08 3.405 3.42▪
▪
▪
2594.36
778.24105.87
116.45
2027-10-072029-12-202027-10-082025-07-25
MMF*
0
0
10 Oct. 2024
25-03-10 2.97 127 0.4            
 28-09-10 3.05 -295 3.9          
27-03-03 3.04 110 2.4            
 25-01-02 3.13 -100 0.2          
34-06-10 3.11 95 9.7            
 24-11-11 3.46 -80 0.1          
29-12-10 3.10 95 5.2            
 27-09-10 3.04 -80 2.9          
54-09-10 2.94 88 29.9          
 43-09-10 3.05 -47 18.9       
515 8.5            -602 3.8          
54-09-10 2.93 135 29.9          
 25-03-10 2.93 -230 0.4          
33-12-10 3.12 85 9.2            
 29-12-10 3.12 -80 5.2          
29-03-10 3.07 76 4.4            
 29-10-23 3.24 -40 5.0          
27-09-29 3.39 30 3.0            
 28-03-10 3.07 -30 3.4          
27-10-08 3.51 30 3.0            
 25-08-31 2.96 -30 0.9          
356 15.0          -410 2.1          
25-10-07 3.59 190 1.0            
 30-01-11 3.52 -90 5.3          
27-06-10 2.95 112 2.7            
 26-06-10 3.02 -61 1.7          
24-11-11 3.48 80 0.1            
 32-02-18 3.97 -40 7.4          
26-12-10 2.98 72 2.2            
 25-12-10 2.98 -26 1.2          
34-06-10 3.10 61 9.7            
 25-06-10 3.46 -20 0.7          
515 2.4            -237 3.9          
30-12-10 3.13 130 6.2            
 25-06-10 2.95 -125 0.7          
54-09-10 2.94 86 29.9          
 54-03-10 2.96 -37 29.4       
29-12-10 3.08 74 5.2            
 26-03-10 3.00 -31.5 1.4          
25-03-10 2.91 63 0.4            
 51-03-10 2.93 -22.0 26.4       
25-03-10 2.94 62 0.4            
 28-12-10 3.10 -6.3 4.2          
415 9.2            -222 8.3          
