10y
0 0
0 0
0 0
0 0
KR Market
KR Bond(%,bp) YTM 1D 1W 1M
CD91D 3.600 0.0 2.0 5.0
3.354 0.2 -2.8 -3.4
 3.510 3.596 AAA
3.400 -0.5 -5.1 -6.5
 3.530 3.601 AAA
3.375 -0.2 -5.9 -9.0
 3.450 3.580 AAA
3.410 -0.5 -6.5 -12.2
 2.000 -
3.455 -1.0 -8.0 -17.0
 6.500 -
3.397 0.2 -7.3 -12.8
 7.200 -
KR Credit(%,bp) YTM 1D 1W 1M
 6.360 -
3.934 0.3 -5.0 -10.5
 - -
3.818 -0.7 -5.9 -15.8
 4.26 -
7.563 -1.0 -8.2 -21.3
 4.286 -
KTB Futures(tick)
 1D 1W
KTBF 3Y 0 18
 (십억계약,%,년)
LKTBF 10Y 11 82
KR Stock(%) Index 1D 1W 1M
KOSPI -1.03 -0.11 5.43
KOSDAQ -1.76 -1.05 2.64
FX Market(%) Price 1D 1W 1M
1354.9 0.74 -0.96 -2.30
868.75 -0.08 -1.14 -3.22
1D(bp) 1D(bp) 1D(bp)
1Y 3.563 0.00 1Y 3.47 3
 20.9 -0.20
2Y 3.450 0.00 2Y 3.275 0
 5.0 0.50
3Y 3.375 -0.50 3Y 3.26 -1
 0.0 -0.30
5Y 3.328 -1.50 5Y 3.23 -1.5
 -8.3 -1.00
10Y 3.328 -1.75 10Y 3.09 -1.5
 -12.8 -0.75
US Bond Market
US Bond(%,bp) YTM 1D 1W 1M
UST2Y 4.835 2.9 -3.9 -10.8
UST5Y 4.451 4.5 -6.8 -17.1
UST10Y 4.425 4.6 -7.6 -16.8
UST30Y 4.562 4.6 -8 -14.1
KR Credit Market
 (계약수)
Bond Yield(%, bp) Yield 1D 1W 1M 3M 1Y
3.559 0.5 -2.0 -1.4 -8.3 -14
3.548 -0.2 -5.2 -8.1 -11.4 -13.8
3.552 -0.5 -6.2 -11.2 -12.3 -14.1
3.612 -0.6 -2.9 1.9 -6.3 -13.6 Fund Flow (십억원)
3.648 -0.2 -5.5 -8.7 -14.9 -18.8 YTD
3.739 -0.7 -7.0 -15.1 -19.1 -18.8 35396
3.720 0.0 -2.0 1.5 -1.2 -21.5 15202.7
3.803 0.3 -5.0 -8.3 -19.9 -25.8 9335.9
4.048 -0.5 -6.5 -14.5 -20.9 -33.3 7877.1
3.788 0.0 -2.0 1.2 -10.0 -30 5.5
3.934 0.3 -5.0 -10.5 -29.8 -36.4 *는 T-2일 기준, 펀드는 설정액 및 ETF 제외 기준
4.211 -0.5 -6.5 -15.3 -24.3 -39.4 **는 T-4일 기준
4.739 0.0 -2.0 -2.5 -11.0 -20.7
5.039 -0.2 -5.5 -11.0 -19.4 -14.6
 (십억원)
5.340 -0.5 -6.0 -12.7 -12.8 -12.9
5.451 0.0 -2.0 -2.5 -9.5 -17.7
 AA0 60
5.819 -0.2 -5.5 -9.5 -17.2 -12.9
 AAA 60.0
6.019 -0.5 -6.0 -12.7 -12.3 -13.5
 AAA 50
6.023 0.0 -2.0 -2.5 -8.5 -21.2
 A0 50
6.444 -0.2 -5.5 -9.5 -15.2 -11.4 S-Oil54-1 AA0 40
6.660 -0.5 -6.0 -12.7 -11.5 -13.1
 AA- 30
3.640 0.2 -1.4 -3.8 -11.0 -19.7
 AAA 30
3.685 -0.2 -5.6 -12.9 -18.3 -20.9
 AAA 30
3.756 -0.7 -6.2 -14.5 -17.4 -29.3 SK308-1 AA+ 30
3.661 0.1 -1.5 -4.1 -17.1 -27
 AA0 30
3.725 -0.6 -5.8 -15.3 -26.5 -28.2
 AAA 30
3.871 -0.5 -7.2 -17.6 -23.9 -31.8
 AA- 30
3.689 0.2 -1.4 -4.9 -18.4 -28.4
 AA- 30
3.765 -0.6 -5.8 -15.5 -26.7 -28.2
 AA+ 20.03
3.939 -0.5 -7.2 -17.2 -23.5 -31.3
 AA- 20
3.719 0.0 -1.6 -5.6 -19.4 -29.5
 AAA 20
3.818 -0.7 -5.9 -15.8 -27.8 -29.4
 AA0 20
4.047 -0.5 -7.2 -17.2 -23.9 -31.6
 AA- 20▪
▪
▪
2724.62
855.06104.54
112.96
2024-07-022024-10-082029-02-262026-02-27
MMF*
0
0
3.64 3.632025-08-22 3.612 3.61
2026-01-13 3.621 3.622025-02-12 3.705 3.72
2027-01-11 3.942 3.873.81 3.75
2026-04-25 4.172 4.062026-01-15 3.621 3.63
2026-04-29 3.618 3.633.628 3.63
2026-09-11 3.639 3.642026-04-24 3.853 3.83
2025-05-28 3.585 3.574.213 4.2
2024-06-07 3.535 3.622029-03-05 3.658 3.64
2024-07-19 3.567 3.6
2027-01-15 3.648 3.64-11230.2
70580.9 -1668.1 -623.4 212.51624469.9 816.8 2018.5
4536
113203.6 484.8 1047.3 4556.11M
206453.5 1279.8 -2341.6 -4500.2
1D 1W
151785.9 298.5 800.8
0
0
0
0
0
0
0.000
16000
0
0
0
0
3.540
0.000
0.000
0.000
100
100100
2200
1500
1000
200
128
70
70
27823609
4251
-1388
IRS(%) CRS(%) Spread(bp)
-3500
-16265468
838-211
2576
20 May. 2024
26-05-17 3.53 150 2.0            
 25-03-10 3.42 -90 0.8          
24-12-10 3.37 61 0.6            
 27-03-03 3.41 -80 2.8          
29-05-31 3.54 58 5.0            
 25-09-10 3.43 -66 1.3          
25-12-10 3.41 40 1.6            
 25-03-10 3.44 -60 0.8          
29-12-10 3.46 40 5.6            
 26-12-10 3.38 -50 2.6          
348 2.6            -346 1.6          
25-03-10 3.44 110 0.8            
 33-06-10 3.46 -56 9.1          
54-03-10 3.39 77 29.8          
 29-12-10 3.52 -50 5.6          
29-03-10 3.41 51 4.8            
 29-12-10 3.49 -40 5.6          
25-03-10 3.43 40 0.8            
 25-03-20 3.72 -30 0.8          
51-03-10 2.34 27 26.8          
 25-05-18 3.60 -30 1.0          
305 11.1          -206 5.2          
25-05-17 3.57 50 1.0            
 24-07-05 3.50 -40 0.1          
26-12-10 3.38 40 2.6            
 27-03-03 3.41 -30 2.8          
26-12-21 4.02 35 2.6            
 24-07-19 3.65 -30 0.2          
29-03-10 3.41 34 4.8            
 25-07-29 3.60 -30 1.2          
26-05-08 3.84 30 2.0            
 24-06-13 3.53 -30 0.1          
189 2.5            -160 0.8          
51-03-10 3.26 21 0.2            
 25-03-10 3.44 -90 1.6          
53-09-10 3.28 9 1.0            
 25-03-10 3.45 -20 0.5          
54-03-10 3.31 7 1.0            
 25-09-10 3.47 -9 9.6          
26-03-10 3.42 7 1.5            
 52-03-10 3.16 -10.0 0.3          
27-03-10 3.41 2 4.8            
 29-12-10 3.46 -6.0 0.7          
992 0.7            -276 2.3          
