10Y
10Y
91d
3Y
0 0
KR Market
KR Bond(%,bp) YTM 1D 1W 1M
CD91D 3.440 0.0 0.0 4.0
2.826 -0.9 -2.7 -2.2
 3.150 3.144 AAA
2.892 -3.6 -7.3 -2.5
 3.320 3.380 AAA
2.830 -4.5 -9.7 -11.2
 3.160 3.168 AAA
2.885 -3.5 -9.9 -12.7
 3.240 3.226 AAA
2.980 -3.3 -9.5 -14.7
 3.140 3.196 AAA
2.899 -6.1 -10.3 -13.1
 3.200 3.196 AAA
KR Credit(%,bp) YTM 1D 1W 1M
 3.172 3.167 AAA
3.425 -4.0 -8.7 -8.9
 3.380 3.249 AAA
3.397 -3.9 -9.7 -11.7
 3.240 3.249 AAA
6.789 -4.5 -10.0 -16.5
 3.830 3.450 AA-
KTB Futures(tick)
 1D 1W
KTBF 3Y 12.0 34.0
 (십억계약,%,년)
LKTBF 10Y 35.0 102.0
KR Stock(%) Index 1D 1W 1M
KOSPI -0.07 2.55 -3.50
KOSDAQ -0.33 -0.13 -7.81
FX Market(%) Price 1D 1W 1M
1,397.5 0.47 -0.54 1.26
909.2 1.02 1.22 -0.53
1D(bp) 1D(bp) 1D(bp)
1Y 3.065 -4.0 1Y 2.880 -1
 23.9 -3.1
2Y 2.915 -3.8 2Y 2.740 -2.5
 2.3 -0.2
3Y 2.860 -3.8 3Y 2.730 -2.5
 3.0 0.7
5Y 2.840 -3.5 5Y 2.655 -2
 -4.5 0.0
10Y 2.870 -3.2 10Y 2.685 -2
 -11.0 0.1
US Bond Market
US Bond(%,bp) YTM 1D 1W 1M
UST2Y 4.298 -2.1 -5.1 26.3
UST5Y 4.252 -2.9 -7.4 24.3
UST10Y 4.386 -2.8 -5.3 17.7
UST30Y 4.583 -1.6 -0.5 8.5
KR Credit Market
 (계약수)
Bond Yield(%, bp) Yield 1D 1W 1M 3M 1Y
3.206 -0.5 -1.4 2.3 -7.9 -78.2
3.094 -4.0 -8.4 -9.7 -6.2 -92.8
3.135 -3.2 -9.4 -11.9 -3.5 -92.6
3.238 -1.1 -2.1 4.1 -10.4 -79.1 Fund Flow (십억원)
3.119 -4.3 -9.5 -11.2 -8.8 -101.9 YTD
3.191 -3.5 -9.8 -12.4 -3.7 -107 30,698
3.346 -0.2 -1.4 4.8 -10.7 -85.3 39,687
3.333 -4.0 -8.3 -8.5 -10.1 -122.2 15,217
3.508 -3.5 -10.0 -12.9 -4.9 -120 89,082
3.419 -0.2 -2.0 3.7 -10.6 -97.8 -12,124
3.425 -4.0 -8.7 -8.9 -12.3 -139 *는 T-2일 기준, 펀드는 설정액 및 ETF 제외 기준
3.616 -3.5 -10.0 -12.9 -6.4 -130.9 **는 T-4일 기준
4.127 -0.5 -2.3 -1.3 -26.6 -111.9
4.322 -4.5 -9.7 -13.1 -22.2 -130.8
 (십억원)
4.746 -3.5 -10.0 -12.9 -6.9 -111.7
4.844 -0.5 -2.3 -1.8 -27.1 -109.4
 AA0 160
5.115 -4.5 -9.7 -13.1 -22.2 -126.8
 AA+ 120
5.430 -3.5 -10.0 -12.9 -6.9 -110.2
 AA+ 60
5.416 -0.5 -2.3 -1.3 -26.6 -108.4
 AA- 60
5.750 -4.5 -9.7 -12.6 -21.7 -123.3
 AA0 40
6.071 -3.5 -10.0 -12.9 -6.9 -109.4
 AA0 40
3.254 -0.6 -0.9 2.4 -7.9 -89.1
 AA+ 40
3.250 -4.1 -9.4 -11.8 -3.9 -94.4
 - 23
3.296 -3.5 -9.9 -13.4 -1.7 -100.7
 AA- 20
3.273 -0.8 -1.5 2.6 -8.4 -94.9
 - 20
3.324 -3.7 -9.2 -11.2 -3.6 -100.9
 AA- 20
3.376 -3.5 -10.0 -12.7 -1.8 -110.7 SK304-3 AA+ 12
3.299 -0.8 -1.5 3.0 -7.8 -96.5
 A0 10
3.349 -3.9 -9.7 -11.7 -4.8 -102.4
 AA+ 10
3.435 -3.5 -10.1 -12.9 -2.3 -111.1
 BB+ 10
3.328 -0.8 -1.5 3.0 -7.9 -97.3
 AA0 10
3.397 -3.9 -9.7 -11.7 -4.6 -104.1
 AAA 8
3.538 -3.5 -10.0 -12.8 -2.4 -111.9
 AAA 637,703-14,119
-23,004
21,402
IRS(%) CRS(%) Spread(bp)
-5,033
-8,812-989
-3,128-256
-397
1,600
1,6002,500
5,000
3,000
3,000
3,000
2,500
1,600
1,5000.000
7,000
5,000
6,600
12,000
0
3.040
3.025
3.050
2.950
0
3,694
119,085 542 69 -2,2281M
201,755 -588 2,088 3,060
1D 1W
176,271 -278 -1,012
2027-02-15 3.442 3.418,463
58,451 -498 -1,180 -3,4451,705,675 65 2,930
3.654 3.65
2027-01-25 3.438 3.412025-01-15 3.502 3.68
2025-11-27 3.319 3.29
- -
2025-02-25 3.679 4.382025-07-28 3.681 4.35
2025-02-27 3.736 3.71
3.314 3.49
2027-11-08 4.012 4.142028-12-20 - 3.82
2025-04-27 3.534 3.61
3.185 3.122026-04-28 3.653 4.39
2025-11-23 3.193 3.182025-10-08 3.42 3.48
2025-11-21 - 6.8▪
▪
▪
2,480.6
680.7106.1
117.4
2025-10-292027-09-162029-10-172025-02-21
MMF*
0
22 Nov. 2024
26-11-21 3.15 430 2.0            
 34-06-10 3.00 -97 9.6          
25-05-21 3.38 140 0.5            
 25-09-10 2.90 -99 0.8          
29-11-21 3.24 100 5.0            
 29-03-10 2.92 -70 4.3          
54-09-10 2.86 53 29.8          
 26-01-02 2.94 -70 1.1          
25-06-10 2.91 50 0.6            
 26-12-10 2.90 -65 2.1          
773 3.9            -401 3.8          
29-11-21 3.17 110 5.0            
 34-06-10 2.98 -66 9.6          
27-11-21 3.17 110 3.0            
 25-03-10 2.89 -60 0.3          
54-11-20 2.96 100 30.0          
 53-03-10 2.90 -40 28.3       
29-11-21 3.24 50 5.0            
 29-06-10 2.96 -40 4.6          
27-11-19 3.80 40 3.0            
 54-03-10 2.88 -34 29.3       
410 10.4          -240 12.3       
25-11-21 3.38 160 1.0            
 26-12-10 2.87 -43 2.1          
27-01-21 3.83 100 2.2            
 27-06-10 2.83 -34 2.6          
25-11-21 3.24 100 1.0            
 25-06-05 3.45 -20 0.5          
29-09-10 2.90 59 4.8            
 25-11-13 3.41 -20 1.0          
29-11-21 3.24 55 5.0            
 25-11-13 3.38 -20 1.0          
474 2.2            -137 1.6          
54-09-10 2.85 69 29.8          
 26-03-10 2.89 -200 1.3          
30-06-10 2.99 59 5.6            
 32-12-10 3.02 -145 8.1          
27-09-03 2.95 40 2.8            
 25-09-10 2.88 -145.9 0.8          
29-12-10 2.97 40 5.1            
 25-06-10 2.91 -31.8 0.6          
26-09-10 2.92 20 1.8            
 25-03-10 2.90 -30.0 0.3          
228 12.0          -553 2.8          
