5y
91d
20y
0 0
0 0
KR Market
KR Bond(%,bp) YTM 1D 1W 1M
CD91D 3.410 0.0 1.0 -12.0
2.840 0.2 -0.8 -1.3
 3.150 3.184 AAA
2.946 1.1 2.9 6.8
 3.080 3.105 AAA
2.932 0.0 -1.0 11.2
 3.100 3.235 AAA
3.007 -0.8 -0.5 11.7
 3.201 3.255 AAA
3.120 -0.7 -0.7 12.3
 14.859 3.262 AAA
3.038 0.8 0.8 12.5
 3.107 3.192 AAA
KR Credit(%,bp) YTM 1D 1W 1M
 3.103 3.234 AAA
3.517 0.7 0.3 9.2
 3.090 3.225 AAA
3.504 0.1 -1.0 9.6
 3.140 3.299 AAA
6.921 0.0 -3.3 7.2
 3.314 3.332 AAA
KTB Futures(tick)
 1D 1W
KTBF 3Y -2 -4
 (십억계약,%,년)
LKTBF 10Y 2 3
KR Stock(%) Index 1D 1W 1M
KOSPI 0.21 1.83 -1.21
KOSDAQ 0.50 0.79 -3.91
FX Market(%) Price 1D 1W 1M
1386.5 0.11 0.46 5.15
900.98 -0.30 -1.43 -1.59
1D(bp) 1D(bp) 1D(bp)
1Y 3.115 0.250 1Y 2.835 1
 27.5 0.1
2Y 3.008 0.750 2Y 2.74 3
 6.1 -0.4
3Y 2.973 0.750 3Y 2.715 2
 4.1 0.8
5Y 2.968 0.750 5Y 2.7 0
 -4.0 1.5
10Y 3.008 0.500 10Y 2.76 0
 -11.3 1.2
US Bond Market
US Bond(%,bp) YTM 1D 1W 1M
UST2Y 4.1 -4.4 6.5 53.9
UST5Y 4.1 -3.7 7.3 57.7
UST10Y 4.3 -2.8 4.7 50.4
UST30Y 4.5 -3.1 0.2 39.5
KR Credit Market
 (계약수)
Bond Yield(%, bp) Yield 1D 1W 1M 3M 1Y
3.173 0.2 -1.0 -3.2 -12.3 -92.9
3.182 0.0 -0.9 9.0 -1.1 -138.9
3.247 -0.8 -0.7 9.3 4.7 -137.9
3.219 0.8 2.2 0.5 -8.5 -93.1 Fund Flow (십억원)
3.225 0.1 -0.6 10.5 -2.9 -138.7 YTD
3.311 -0.7 -0.4 10.2 3.5 -144.4 25697.2
3.316 0.5 1.8 0.5 -12.7 -100.3 39027.4
3.421 0.7 0.3 10.0 -0.3 -160.2 17532.1
3.632 -0.8 -0.5 11.2 5.5 -159.8 81505.9
3.395 0.5 1.3 -0.5 -10.0 -110.2 -8870.7
3.517 0.7 0.3 9.2 -0.1 -176.3 *는 T-2일 기준, 펀드는 설정액 및 ETF 제외 기준
3.740 -0.8 -0.5 10.7 4.0 -169.7 **는 T-4일 기준
4.140 0.0 0.0 -2.3 -29.8 -115.6
4.435 -0.5 -1.8 6.6 -14.4 -161.5
 (십억원)
4.870 -0.8 -0.5 10.7 -0.3 -149.3
4.857 0.0 -0.5 -2.8 -30.3 -113.1
 AAA 190
5.228 -0.5 -1.8 6.6 -14.4 -157.5
 AA0 100
5.554 -0.8 -0.5 10.7 -0.3 -147.8
 AAA 90
5.429 0.0 0.0 -2.3 -29.8 -112.1
 AAA 82
5.863 0.0 -1.3 7.1 -13.9 -154
 AA- 60
6.195 -0.8 -0.5 10.7 -0.3 -147
 AAA 60
3.220 0.5 -1.0 -1.7 -14.9 -102.9
 AA+ 50
3.349 0.0 -1.9 8.6 1.3 -130.8
 AA- 50
3.423 -0.8 -0.7 11.2 7.2 -140.5 S-Oil57-2 AA0 50
3.248 0.6 0.1 -0.9 -14.0 -107.3
 AAA 50
3.426 0.2 -1.0 9.9 4.7 -138.3
 A- 50
3.498 -0.8 -0.5 10.8 8.0 -150.2
 - 50
3.271 0.7 0.2 -0.9 -13.8 -109.4
 AAA 40
3.456 0.1 -1.0 9.6 4.2 -139.3
 AAA 40
3.559 -0.8 -0.5 10.4 7.7 -150.5
 AA0 40
3.300 0.7 0.2 -0.9 -13.8 -110.1
 - 40
3.504 0.1 -1.0 9.6 4.7 -141
 AA 40
3.661 -0.8 -0.5 10.2 7.5 -151.3
 AA0 408935-632
-8629
-16
IRS(%) CRS(%) Spread(bp)
1136
24343
249-141
-1567
1000
600904
3000
1000
700
1200
15
700
7000.000
12000
8000
4000
0
0
2.995
3.010
3.025
0.000
 0
0
3395.2
121399.8 711.4 86.7 1541.41M
196754.7 -354.5 -1940.1 12169.3
1D 1W
175610.6 192.7 3034.2
2026-10-29 - 3.3120965.9
61704.7 705.9 161.2 -473.21698098.7 127.4 3837.3
- 3.31
2025-02-07 3.591 3.62026-10-07 3.255 3.36
2027-10-29 - 3.18
3.623 3.6
2025-08-28 3.242 3.32029-03-25 3.313 3.33
2027-09-03 3.466 3.39
- 4.1
2025-06-25 3.281 3.222029-10-29 - 3.23
2054-10-29 - 6.27
3.543 3.522026-03-26 - 3.92
2027-10-29 - 3.392025-05-28 3.267 3.29
2027-10-01 3.38 3.41▪
▪
▪
2617.80
744.18105.82
116.02
2025-07-252054-10-292025-09-162026-10-29
MMF*
0
0
30 Oct. 2024
29-10-29 3.20 120 5.0            
 24-12-14 3.31 -50 0.1          
27-10-29 3.08 100 3.0            
 26-03-13 3.20 -50 1.4          
26-10-29 3.10 100 2.0            
 25-04-10 3.33 -40 0.4          
27-09-03 2.98 90 2.8            
 26-10-02 2.95 -40 1.9          
29-10-29 3.14 70 5.0            
 28-09-10 3.03 -30 3.9          
480 3.6            -210 1.4          
26-10-29 3.31 130 2.0            
 27-12-10 3.01 -40 3.1          
29-09-10 3.01 60 4.9            
 25-01-06 3.17 -20 0.2          
26-10-29 3.31 52 2.0            
 30-06-10 3.12 -20 5.6          
27-10-29 3.35 40 3.0            
 26-12-10 2.96 -13 2.1          
26-09-23 3.40 30 1.9            
 32-12-10 3.14 -10 8.1          
312 2.7            -103 3.4          
29-05-31 0.00 -5 4.6            
 26-06-10 2.99 -30 1.6          
29-10-31 3.19 4 5.0            
 26-09-23 3.40 -30 1.9          
26-06-10 0.00 -30 1.6            
 27-07-16 3.39 -30 2.7          
26-12-10 0.00 -2 2.1            
 25-06-07 3.34 -20 0.6          
29-03-10 0.00 -10 4.4            
 26-07-31 3.27 -20 1.8          
-43 2.3            -130 1.8          
26-01-29 3.15 300 1.3            
 26-09-10 2.96 -48 1.9          
25-10-29 3.11 60 1.0            
 25-09-10 2.86 -28 0.9          
28-06-10 3.03 50 3.6            
 43-09-10 3.07 -18.8 18.9       
29-06-10 3.07 50 4.6            
 26-03-10 2.95 -17.7 1.4          
25-01-27 3.01 40 0.2            
 31-06-10 3.12 -1.3 6.6          
500 1.7            -114 4.4          
