5y
91d
20y
0 0
0 0
KR Market
KR Bond(%,bp) YTM 1D 1W 1M
CD91D 3.600 0.0 0.0 -1.0
3.324 -1.8 -1.1 -5.7
 4.240 5.803 AA-
3.245 -3.5 1.0 -18.3
 3.650 3.511 AAA
3.177 -3.5 1.7 -24.3
 3.520 3.511 AAA
3.195 -4.1 0.5 -27.0
 3.690 3.574 AA+
3.260 -3.5 1.8 -27.5
 6.800 6.476 A-
3.243 -2.9 1.6 -23.4
 3.365 3.405 AAA
KR Credit(%,bp) YTM 1D 1W 1M
 3.550 3.972 AAA
3.680 -3.8 0.4 -28.9
 3.449 4.321 AAA
3.635 -3.4 0.6 -20.9
 4.76 4.038 AAA
7.304 -3.7 0.1 -25.7
 3.560 3.561 AAA
KTB Futures(tick)
 1D 1W
KTBF 3Y 11 -7
 (십억계약,%,년)
LKTBF 10Y 32 -22
KR Stock(%) Index 1D 1W 1M
KOSPI 0.49 0.49 4.50
KOSDAQ 0.21 -1.43 0.24
FX Market(%) Price 1D 1W 1M
1376.7 -0.66 -0.84 0.86
855.78 -0.84 -2.16 -1.49
1D(bp) 1D(bp) 1D(bp)
1Y 3.408 -2.25 1Y 3.31 -0.5
 8.4 -0.45
2Y 3.258 -3.00 2Y 3.075 -2
 1.2 0.50
3Y 3.190 -3.00 3Y 3.05 -2
 1.3 0.50
5Y 3.145 -3.25 5Y 3.025 -2.5
 -5.0 0.85
10Y 3.150 -3.25 10Y 2.945 -2.5
 -11.0 0.25
US Bond Market
US Bond(%,bp) YTM 1D 1W 1M
UST2Y 4.764 4.2 2.3 -21.9
UST5Y 4.383 7.9 10.3 -25.6
UST10Y 4.401 11 14 -21.7
UST30Y 4.562 13.3 16.2 -17.4
KR Credit Market
 (계약수)
Bond Yield(%, bp) Yield 1D 1W 1M 3M 1Y
3.495 -1.9 -1.2 -8.6 -5.7 -31.4
3.363 -3.5 2.0 -21.1 -15.5 -63.7
3.360 -4.5 1.1 -23.9 -16.0 -64.3
3.491 -2.0 -1.4 -13.5 -9.0 -38.8 Fund Flow (십억원)
3.430 -3.5 1.6 -25.1 -20.6 -71.2 YTD
3.450 -4.3 -0.3 -32.4 -30.8 -75.8 23486.6
3.616 -2.0 -0.9 -12.1 -7.4 -45.6 17388.4
3.582 -3.3 1.1 -26.1 -24.7 -76.4 13364.7
3.772 -4.2 0.0 -31.5 -33.9 -81 29331.3
3.671 -1.5 0.3 -12.4 -13.5 -52.7 31.4
3.680 -3.8 0.4 -28.9 -34.4 -84.4 *는 T-2일 기준, 펀드는 설정액 및 ETF 제외 기준
3.903 -4.7 -0.5 -33.3 -39.9 -89.5 **는 T-4일 기준
4.614 -1.5 -0.5 -13.7 -14.0 -42.7
4.767 -3.5 0.9 -29.9 -31.2 -67.8
 (십억원)
5.055 -4.2 0.0 -32.0 -29.0 -65.9
5.336 -1.5 -0.5 -13.2 -13.0 -41.2
 AAA 170
5.560 -3.5 0.9 -29.1 -28.4 -64.3
 AAA 150
5.739 -4.2 0.0 -32.0 -28.5 -65.5
 AAA 150
5.903 -1.5 -1.0 -13.7 -13.5 -42.7
 A- 127
6.185 -3.5 0.9 -29.1 -28.4 -62.8
 AAA 120
6.380 -4.2 0.0 -32.0 -28.5 -65.1
 AAA 120
3.560 -1.8 -1.8 -10.1 -10.0 -39.8
 AA- 104
3.506 -3.7 1.3 -22.7 -23.1 -67.2
 AAA 99
3.506 -4.3 -0.8 -29.2 -27.9 -81.1
 AAA 70
3.580 -1.9 -2.2 -10.3 -10.3 -47.3
 AAA 60
3.552 -3.4 0.8 -20.8 -25.5 -74.6
 AA- 60
3.597 -4.1 -1.1 -31.3 -35.0 -86.4
 60
3.601 -1.8 -2.2 -11.1 -12.1 -49
 AAA 40
3.593 -3.3 0.8 -20.7 -25.7 -74.4
 30
3.662 -4.1 -1.3 -31.8 -35.0 -86.3
 30
3.626 -1.8 -2.6 -11.3 -13.3 -50.3
 AAA 30
3.635 -3.4 0.6 -20.9 -27.1 -76.9
 AA0 30
3.768 -4.2 -1.9 -32.0 -35.2 -86.2 POSCO313-3 AA+ 30▪
▪
▪
2797.82
840.44105.20
114.62
2028-01-122024-07-292026-06-282034-06-28
MMF*
0
0
3.463 3.451934-03-05 3.649 3.6
2024-12-06 3.88 3.712027-06-28 - 5.2
2027-06-28 - 5.3- 4
2027-06-25 3.43 3.42025-01-24 3.547 3.54
2026-11-23 3.88 3.8- 3.56
2029-06-28 - 3.392054-06-28 - 3.45
- 4.23- 6.67
2034-06-28 - 3.552026-06-25 - 3.45
2026-06-28 - 3.56
2026-06-26 - 3.4515507.2
70606.8 -133.7 -107.4 -1946.51645924.1 293.1 2164.4
935.7
117232.4 267.0 633.8 4634.31M
194544.1 -1913.5 -5251.7 -14336.4
1D 1W
153971.6 -230.2 -491.5
0
0
 0.000
23000
5900
7000
0
0
3.200
3.470
3.220
0.000
1300
12001300
3000
2000
2000
1500
1400
1150
1099
12516-4145
-17439
162
IRS(%) CRS(%) Spread(bp)
3865
499190
284-1321
-2156
1 July. 2024
29-06-28 3.37 110 5.0            
 28-09-10 3.24 -70 4.2          
24-08-15 3.59 80 0.1            
 34-06-10 3.28 -67 10.0       
27-09-10 3.22 70 3.2            
 25-03-10 3.31 -50 0.7          
33-12-10 3.30 62 9.5            
 26-04-02 3.27 -40 1.8          
26-06-26 3.45 60 2.0            
 26-01-02 3.28 -40 1.5          
382 3.9            -267 4.2          
54-03-10 3.22 86 29.7          
 25-09-03 3.22 -160 1.2          
54-06-28 3.45 80 30.0          
 24-12-10 3.09 -80 0.4          
26-06-28 3.56 60 2.0            
 26-11-23 3.80 -30 2.4          
26-06-28 3.56 59 2.0            
 26-04-02 3.24 -30 1.8          
52-03-10 3.52 57 27.7          
 24-09-30 3.45 -30 0.3          
342 19.8          -330 1.1          
39-06-28 4.76 115 15.0          
 26-12-10 3.23 -95 2.4          
25-06-10 3.30 107 0.9            
 33-12-10 3.31 -50 9.5          
27-06-10 3.19 61 2.9            
 25-05-13 3.61 -30 0.9          
24-07-02 3.61 60 0.0            
 28-03-10 3.25 -20 3.7          
54-03-10 3.21 59 29.7          
 25-05-03 3.54 -20 0.8          
402 9.4            -215 3.8          
33-12-10 3.30 158 9.5            
 25-06-10 3.31 -163 0.9          
28-12-10 3.27 149 4.5            
 25-06-10 3.30 -145 0.9          
54-03-10 3.21 105 29.7          
 24-12-10 3.12 -120.0 0.4          
34-06-10 3.27 103 10.0          
 28-06-10 3.23 -83.4 4.0          
26-03-10 3.26 64 1.7            
 25-09-10 3.26 -56.9 1.2          
580 11.1          -569 1.3          
