5y
91d
20y
2y
0 0
KR Market
KR Bond(%,bp) YTM 1D 1W 1M
CD91D 3.520 0.0 1.0 2.0
3.031 0.0 1.6 -11.7
 4.500 - AA
3.008 1.8 3.0 -5.2
 3.210 3.243 AAA
2.939 2.4 3.4 -5.5
 3.120 3.108 AAA
2.997 2.5 6.2 -1.2
 3.570 3.351 AAA
3.072 2.2 9.0 1.7
 3.290 3.282 AAA
3.077 2.1 8.2 4.2
 3.230 3.219 AAA
KR Credit(%,bp) YTM 1D 1W 1M
 3.343 3.206 AAA
3.596 3.0 6.5 8.8
 3.139 3.206 AAA
3.497 3.2 7.3 4.5
 5.60 3.852 AAA
6.993 2.4 3.4 -6.2
 3.275 3.314 AAA
KTB Futures(tick)
 1D 1W
KTBF 3Y -11 -13
 (십억계약,%,년)
LKTBF 10Y -21 -64
KR Stock(%) Index 1D 1W 1M
KOSPI -1.02 -1.68 -2.77
KOSDAQ -0.85 -2.25 -5.94
FX Market(%) Price 1D 1W 1M
1333.2 -0.43 -0.11 -3.76
922.45 -0.31 0.00 3.07
1D(bp) 1D(bp) 1D(bp)
1Y 3.205 1.50 1Y 2.9 2
 17.4 1.50
2Y 3.000 2.00 2Y 2.775 2
 -0.8 0.20
3Y 2.920 2.00 3Y 2.745 2
 -1.9 -0.40
5Y 2.893 1.25 5Y 2.75 2.5
 -10.5 -1.25
10Y 2.933 1.00 10Y 2.665 2.5
 -14.0 -1.20
US Bond Market
US Bond(%,bp) YTM 1D 1W 1M
UST2Y 3.896 2.1 -11.2 -47.3
UST5Y 3.673 0.6 -4.7 -36.2
UST10Y 3.862 2.5 0.8 -27.9
UST30Y 4.147 2.1 1.9 -24.9
KR Credit Market
 (계약수)
Bond Yield(%, bp) Yield 1D 1W 1M 3M 1Y
3.307 1.2 4.5 0.7 -28.4 -51.4
3.188 2.7 4.7 0.1 -42.2 -87.9
3.217 2.5 6.6 3.0 -42.4 -89.5
3.361 0.8 3.7 5.7 -26.5 -54.5 Fund Flow (십억원)
3.235 2.6 4.2 -1.3 -47.1 -96.8 YTD
3.276 2.7 6.6 0.9 -52.8 -105.4 29224.7
3.478 1.0 4.5 3.5 -25.9 -63.9 34181.2
3.482 3.0 6.5 6.8 -38.6 -105.9 14350.4
3.617 2.5 8.0 5.0 -49.7 -112.1 49061.5
3.560 2.0 5.5 6.5 -23.5 -73.5 -5923
3.596 3.0 6.5 8.8 -39.8 -120 *는 T-2일 기준, 펀드는 설정액 및 ETF 제외 기준
3.740 2.5 8.0 5.0 -51.8 -120.5 **는 T-4일 기준
4.378 -0.5 -0.5 -6.5 -37.3 -71.1
4.552 2.5 1.5 -2.2 -53.9 -104.8
 (십억원)
4.860 2.5 6.2 -0.3 -54.2 -102.6
5.100 -0.5 -0.5 -6.5 -36.8 -68.1 SK312-1 AA+ 60
5.345 2.5 1.5 -2.2 -53.1 -100.8
 - 60
5.544 2.5 6.2 -0.3 -54.2 -101.1
 AA- 60
5.667 -0.5 -0.5 -6.5 -37.3 -67.6
 AAA 60
5.975 2.5 1.5 -2.2 -52.6 -97.8
 AA- 60
6.185 2.5 6.2 -0.3 -54.2 -100.3
 AA+ 50
3.343 0.5 3.0 -3.9 -32.8 -64.6 CJ158-2 AA- 50
3.332 2.9 5.6 -0.1 -42.7 -91.6 SK312-2 AA+ 50
3.363 2.7 6.7 1.7 -46.8 -105.7 SK312-3 AA+ 50
3.370 0.5 3.7 -3.0 -32.4 -71.3
 AAA 50
3.414 3.3 7.3 4.0 -37.7 -99.3
 - 42
3.452 3.0 7.5 4.4 -49.1 -114.2
 - 35
3.391 0.5 3.7 -3.0 -33.3 -73.5
 - 30
3.451 3.2 7.2 4.1 -38.0 -99.1
 A- 23
3.516 3.0 7.5 4.3 -49.6 -113.9
 - 21
3.420 0.5 3.7 -3.0 -33.1 -74.3
 AA0 20
3.497 3.2 7.3 4.5 -37.7 -100.7
 BB+ 14
3.621 3.0 7.6 4.5 -49.9 -114.3
 - 14-123154764
-900
-11226
IRS(%) CRS(%) Spread(bp)
5355
8610327
1431466
34
1500
12002000
6500
3000
2600
2500
2000
1000
10000.000
10000
5000
3000
3600
0
2.915
3.070
3.000
3.030
0
4212
118218.1 380.2 78.8 324.71M
200282.2 810.0 329.4 -2788.8
1D 1W
170764.4 24.4 645.3
2026-08-28 - 3.320396.4
64652.4 -566.9 -1746.6 -49341665654.3 -5210.3 11254.9
3.265 3.31
1934-08-29 - 4.72024-11-29 - 4
2027-06-04 3.416 3.49
- 3.4
2029-08-29 - 3.392026-10-27 3.456 3.5
2026-02-10 3.334 3.36
- 4
2026-08-29 - 3.92025-04-25 3.362 3.46
2025-08-29 - 6.4
- 5.72025-02-28 3.623 4.12
2026-08-29 - 4.72029-06-25 4.061 4.05
2026-08-29 - 4.2▪
▪
▪
2662.28
756.04105.78
116.34
2026-08-292026-08-292027-08-272027-08-26
MMF*
0
30 Aug. 2024
26-07-02 3.01 220 1.8            
 54-03-10 2.99 -68 29.5       
26-02-28 3.30 180 1.5            
 26-12-10 2.95 -50 2.3          
26-08-29 3.23 140 2.0            
 25-03-10 3.11 -50 0.5          
27-08-29 3.13 120 3.0            
 24-09-10 0.58 -40 0.0          
25-12-10 3.06 110 1.3            
 25-09-10 3.03 -40 1.0          
770 1.9            -248 8.8          
44-08-29 3.15 90 20.0          
 53-09-10 2.98 -190 29.1       
52-03-10 2.99 190 27.5          
 25-01-22 3.59 -30 0.4          
25-03-10 3.11 80 0.5            
 53-09-10 3.01 -20 29.1       
54-03-10 2.99 66 29.5          
 26-12-30 4.40 -10 2.3          
25-03-28 3.41 50 0.6            
 25-09-04 3.36 -10 1.0          
476 19.0          -260 23.6       
25-08-29 3.56 200 1.0            
 34-06-10 3.07 -22 9.8          
26-02-28 3.30 130 1.5            
 25-12-11 3.35 -20 1.3          
29-08-29 3.26 70 5.0            
 25-08-29 3.36 -20 1.0          
25-08-29 3.60 70 1.0            
 25-01-12 3.47 -20 0.4          
27-06-10 2.94 63 2.8            
 26-03-10 3.05 -20 1.5          
533 1.9            -102 2.9          
25-06-10 3.03 310 0.8            
 54-03-10 2.99 -34 29.5       
25-03-10 3.07 210 0.5            
 25-09-10 3.05 -20 1.0          
25-03-28 3.41 150 0.6            
 25-09-10 3.02 -6.0 1.0          
25-12-10 3.02 130 1.3            
 27-12-10 2.97 -1.0 3.3          
26-08-29 3.23 110 2.0            
 29-03-10 3.00 -0.5 4.5          
910 0.9            -62 16.9       
