3Y
91d
1y
0 0
0 0
KR Market
KR Bond(%,bp) YTM 1D 1W 1M
CD91D 2.980 -1.0 -3.0 -2.0
2.606 0.6 -2.5 -4.6
 2.900 2.852 AAA
2.697 1.2 5.2 1.6
 2.920 2.880 AAA
2.645 0.8 7.3 -2.0
 3.000 2.950 AAA
2.742 2.2 6.7 -1.3
 3.080 2.835 AAA
2.880 2.8 6.8 0.5
 3.050 2.799 AAA
2.773 1.8 3.4 -0.3
 2.943 2.950 AAA
KR Credit(%,bp) YTM 1D 1W 1M
 2.880 2.950 AAA
3.219 0.8 5.3 -11.2
 3.450 3.493 AAA
3.221 0.8 6.0 -9.0
 2.870 2.852 AAA
6.576 0.8 6.4 -8.2
 2.640 - -
KTB Futures(tick)
 1D 1W
KTBF 3Y -8.0 -21.0
 (십억계약,%,년)
LKTBF 10Y -31.0 -81.0
KR Stock(%) Index 1D 1W 1M
KOSPI 0.37 1.56 2.36
KOSDAQ -0.59 1.94 5.22
FX Market(%) Price 1D 1W 1M
1,453.4 0.06 0.63 -1.18
948.9 -0.73 0.75 1.75
1D(bp) 1D(bp) 1D(bp)
1Y 2.753 1.0 1Y 2.750 5
 14.7 0.4
2Y 2.670 1.2 2Y 2.595 4
 -2.7 0.0
3Y 2.660 1.8 3Y 2.580 2.5
 1.5 1.0
5Y 2.688 2.5 5Y 2.615 3
 -5.5 0.3
10Y 2.750 3.0 10Y 2.570 3
 -13.0 0.2
US Bond Market
US Bond(%,bp) YTM 1D 1W 1M
UST2Y 4.363 7.6 17.2 -2.1
UST5Y 4.489 11.7 24.0 -11.1
UST10Y 4.652 11.4 23.0 -13.2
UST30Y 4.856 10.8 21.8 -10.8
KR Credit Market
 (계약수)
Bond Yield(%, bp) Yield 1D 1W 1M 3M 1Y
2.776 0.7 -1.6 -6.4 -44.4 -84.6
2.886 0.6 6.3 -3.6 -29.2 -74.1
2.962 1.2 4.4 -4.4 -26.7 -67.7
2.846 1.1 0.1 -0.2 -41.3 -80.5 Fund Flow (십억원)
2.928 0.6 6.2 -3.3 -28.6 -83.1 YTD
3.017 1.5 4.4 -4.5 -27.2 -86.8 40,694
2.936 0.3 -4.2 -13.7 -42.4 -78.6 45,041
3.129 0.8 5.3 -11.0 -28.7 -85.5 29,099
3.348 2.0 5.5 -5.5 -26.0 -87.4 77,185
2.999 0.0 -4.5 -15.2 -44.0 -88.4 -10,958
3.219 0.8 5.3 -11.2 -29.3 -99.5 *는 T-2일 기준, 펀드는 설정액 및 ETF 제외 기준
3.456 2.0 5.5 -5.5 -26.0 -96.3 **는 T-4일 기준
3.697 0.3 -4.2 -15.2 -45.3 -113.2
4.108 0.8 5.3 -10.5 -31.1 -108.2
 (십억원)
4.581 2.0 5.5 -5.0 -26.5 -83.7
4.414 0.3 -4.2 -15.2 -45.3 -111.2
 AA- 90
4.901 0.8 5.3 -10.5 -31.1 -104.7
 AAA 80
5.265 2.0 5.5 -5.0 -26.5 -82.7
 A+ 60
4.986 0.3 -4.2 -15.2 -45.3 -110.2
 A+ 60
5.541 0.8 5.3 -10.5 -30.6 -101.2
 AA+ 60
5.906 2.0 5.5 -5.0 -26.5 -81.9
 AA+ 50
2.897 0.4 -4.5 -12.0 -36.6 -83.3
 AA- 50
3.055 0.8 5.9 -8.5 -28.9 -77.2
 AA- 50
3.120 2.2 6.0 -4.5 -27.5 -77.1
 A0 50
2.938 0.6 -4.5 -11.3 -35.0 -88.4
 AA- 50
3.147 0.8 6.1 -9.0 -26.9 -80.2
 AA0 40
3.211 2.2 6.4 -5.8 -26.5 -85.6
 A0 40
2.967 0.6 -4.5 -11.3 -34.7 -89.6
 AAA 40
3.174 0.8 6.1 -8.9 -27.2 -81.7
 AA0 40
3.273 2.2 6.4 -5.6 -26.3 -85.8
 AA- 40
2.998 0.6 -4.5 -11.1 -34.5 -90.5
 AA0 40
3.221 0.8 6.0 -9.0 -27.3 -83.4
 AA0 30
3.377 2.2 6.3 -5.7 -26.1 -86.5
 AA+ 30▪
▪
▪
2,548.4
745.2106.6
118.0
2026-02-242028-01-242027-06-122027-01-29
MMF*
0
0
2.910 2.8802026-07-24 3.016 3.000
2027-01-22 3.075 3.0202027-03-18 3.072 3.080
2026-04-24 3.127 3.0504.391 4.670
2026-08-07 2.834 2.8802027-04-23 3.243 3.150
2026-09-23 2.977 2.9803.110 3.130
2026-03-04 3.425 3.4502026-04-23 2.997 3.000
2026-04-23 3.040 3.0303.192 3.310
2026-10-27 3.055 3.0402038-12-08 - 3.450
2026-07-23 3.354 3.530
2027-05-28 3.249 3.160-17,903
59,618 79 528 -2,2651,693,778 4,001 -1,102
7,292
132,967 584 2,209 4,0621M
211,751 -285 7,480 12,830
1D 1W
181,624 365 2,349
0
0
 0.000
30,000
5,000
4,100
0
0
2.615
2.860
2.630
0.000
1,100
8001,200
3,000
2,000
2,000
2,000
1,300
600
500
-31,8036,860
27,528
-12,168
IRS(%) CRS(%) Spread(bp)
4,451
-5,517-738
8241,530
8,283
13 Feb. 2025
25-04-17 2.98 740 0.2            
 26-12-10 2.69 -60 1.8          
30-02-12 2.88 90 5.0            
 26-07-02 2.71 -60 1.4          
27-01-02 2.70 90 1.9            
 26-09-03 2.73 -50 1.6          
27-09-03 2.73 80 2.6            
 25-10-02 2.64 -30 0.6          
29-09-10 2.74 58 4.6            
 26-01-02 2.61 -30 0.9          
1,058 1.2            -230 1.4          
25-04-17 3.00 200 0.2            
 32-06-10 2.91 -63 7.3          
34-06-10 2.91 163 9.3            
 48-03-10 2.77 -20 23.1       
34-12-10 2.87 88 9.8            
 33-06-10 2.92 -18 8.3          
26-09-03 2.73 50 1.6            
 54-03-10 2.72 -13 29.1       
28-03-10 2.73 50 3.1            
 26-12-10 2.69 -12 1.8          
551 4.8            -126 11.7       
25-04-17 2.98 830 0.2            
 54-09-10 2.70 -53 29.6       
27-12-10 2.65 237 2.8            
 34-12-10 2.87 -34 9.8          
26-02-12 3.08 190 1.0            
 26-12-15 3.03 -20 1.8          
26-02-12 3.05 120 1.0            
 29-08-30 2.98 -20 4.5          
27-02-12 2.90 90 2.0            
 27-12-03 3.06 -20 2.8          
1,467 0.9            -147 14.2       
25-04-17 2.98 501 0.2            
 25-10-22 2.89 -150 0.7          
29-09-10 2.73 174 4.6            
 25-07-17 2.99 -100 0.4          
54-09-10 2.69 70 29.6          
 25-06-10 2.75 -70 0.3          
26-09-10 2.70 61 1.6            
 25-10-22 2.89 -50 0.7          
31-12-10 2.89 60 6.8            
 28-09-10 2.76 -25 3.6          
866 4.0            -395 0.7          
