3y
91d
5y
3y
0 0
KR Market
KR Bond(%,bp) YTM 1D 1W 1M
CD91D 2.990 0.0 -1.0 -39.0
2.632 -1.7 0.7 -4.9
 3.113 3.268 AA-
2.625 -5.3 4.5 -9.0
 2.830 2.803 AAA
2.625 -5.5 12.9 0.7
 3.128 3.176 AA-
2.725 -5.7 9.0 -0.7
 3.013 3.063 AA-
2.810 -6.4 1.6 2.0
 3.047 3.094 AA-
2.720 -2.4 1.0 -1.6
 3.245 3.261 AA-
KR Credit(%,bp) YTM 1D 1W 1M
 3.550 - -
3.259 -6.5 5.3 -9.2
 3.038 3.086 AA-
3.268 -6.0 10.3 -1.6
 3.237 3.253 AA-
6.608 -6.0 10.5 -3.0
 4.784 5.210 A-
KTB Futures(tick)
 1D 1W
KTBF 3Y 18.0 -12.0
 (십억계약,%,년)
LKTBF 10Y 74.0 11.0
KR Stock(%) Index 1D 1W 1M
KOSPI 1.23 0.22 2.88
KOSDAQ 1.77 0.10 4.29
FX Market(%) Price 1D 1W 1M
1,456.7 -0.31 -0.26 1.24
935.3 0.80 1.26 0.27
1D(bp) 1D(bp) 1D(bp)
1Y 2.728 -3.8 1Y 2.640 -4
 9.5 -2.1
2Y 2.645 -5.8 2Y 2.575 -5
 2.0 -0.5
3Y 2.640 -6.5 3Y 2.585 -7
 1.5 -1.0
5Y 2.688 -7.0 5Y 2.620 -7.5
 -3.8 -1.3
10Y 2.760 -7.3 10Y 2.620 -8.5
 -5.0 -0.9
US Bond Market
US Bond(%,bp) YTM 1D 1W 1M
UST2Y 4.232 -3.6 -3.2 -1.7
UST5Y 4.398 -5.1 -6.3 13.4
UST10Y 4.614 -4.1 -7.6 21.4
UST30Y 4.858 -2.3 -7.4 26.7
KR Credit Market
 (계약수)
Bond Yield(%, bp) Yield 1D 1W 1M 3M 1Y
2.791 -2.8 -4.1 -22.0 -42.1 -76.4
2.867 -5.7 7.6 -7.7 -30.6 -76.1
2.965 -6.0 6.0 -6.3 -27.0 -66.5
2.832 -1.9 -1.3 -17.8 -38.5 -73 Fund Flow (십억원)
2.916 -5.7 8.9 -6.0 -28.8 -81.9 YTD
3.027 -5.8 7.0 -3.1 -26.5 -82.7 32,309
3.023 -2.5 -5.5 -20.5 -30.0 -74.9 39,298
3.167 -6.5 5.3 -9.2 -22.4 -86.8 23,828
3.358 -6.2 7.0 -2.5 -25.4 -83.2 89,081
3.101 -2.5 -5.5 -20.0 -30.6 -83.2 -9,270
3.259 -6.5 5.3 -9.2 -23.0 -100.1 *는 T-2일 기준, 펀드는 설정액 및 ETF 제외 기준
3.466 -6.2 7.0 -2.5 -25.4 -92.1 **는 T-4일 기준
3.799 -2.5 -5.0 -18.5 -37.1 -101
4.146 -6.0 7.3 -7.2 -28.7 -100.4
 (십억원)
4.586 -6.2 7.0 -2.0 -26.4 -77.4
4.516 -2.5 -5.0 -18.5 -37.6 -99
 AA- 130
4.939 -6.0 7.3 -7.2 -28.7 -96.9
 AAA 60
5.270 -6.2 7.0 -2.0 -26.4 -76.4
 AA0 40
5.088 -2.5 -5.0 -18.5 -37.1 -98
 AA- 40
5.579 -6.0 7.3 -7.2 -27.7 -93.4
 - 40
5.911 -6.2 7.0 -2.0 -26.4 -75.6
 AAA 30
2.983 -2.4 -2.3 -13.8 -27.9 -72
 AAA 30
3.083 -6.4 8.1 -4.0 -25.9 -70.8
 AAA 30
3.123 -6.2 6.3 -3.8 -27.9 -72.4
 AAA 30
3.024 -1.7 -1.6 -12.6 -25.3 -75.6
 AAA 30
3.193 -6.0 10.3 -1.6 -21.4 -72.1
 A0 30
3.218 -6.4 5.9 -4.0 -25.7 -80.9
 AA+ 30
3.053 -1.7 -1.5 -12.2 -24.7 -76.8
 AA- 30
3.220 -6.0 10.3 -1.6 -21.8 -73.6
 AA- 30
3.280 -6.4 6.1 -3.9 -25.6 -81.2 POSCO314-2 AA+ 30
3.084 -1.7 -1.3 -12.1 -24.5 -77.7
 AA0 30
3.268 -6.0 10.3 -1.6 -21.8 -75.4
 - 24
3.385 -6.3 6.1 -3.6 -25.3 -81.8
 AA- 20-12,72210,404
9,290
-5,423
IRS(%) CRS(%) Spread(bp)
2,905
-741-871
741-5,873
80
300
200300
1,600
700
500
300
300
200
2000.000
25,000
10,000
22,000
19,800
0
2.625
2.880
2.725
2.760
0
-3,096
127,696 -180 -523 2,9681M
203,366 2,330 1,023 13,190
1D 1W
175,882 326 2,661
2028-01-14 - 3.140-12,948
61,306 -856 321 -3951,705,674 -5,521 -8,011
- 3.300
2025-03-14 - 3.7002032-07-28 3.326 3.220
2025-01-24 3.250 3.170
3.053 2.980
2027-06-03 3.008 2.9402025-12-23 2.937 2.790
2027-11-27 3.036 2.980
2.949 2.950
2027-04-29 3.457 3.3002025-05-28 3.106 2.920
2025-02-10 3.299 3.720
3.365 3.6602025-04-22 3.336 3.240
2025-12-01 - 3.7702028-02-23 3.232 3.240
2028-01-14 3.102 3.080▪
▪
▪
2,527.5
724.2106.7
117.5
2025-02-212026-10-132029-03-252030-01-16
MMF*
0
17 Jan. 2025
26-03-10 2.61 91 1.1            
 29-03-10 2.75 -100 4.1          
29-01-16 2.88 90 4.0            
 27-03-10 2.68 -60 2.1          
25-12-10 2.61 90 0.9            
 25-03-12 3.02 -30 0.2          
26-01-02 2.63 90 1.0            
 29-12-10 2.82 -20 4.9          
28-01-16 3.00 60 3.0            
 34-06-10 2.96 -20 9.4          
421 1.9            -230 3.6          
54-09-10 2.67 73 29.7          
 26-01-02 2.62 -200 1.0          
28-01-14 3.13 60 3.0            
 25-12-10 2.61 -110 0.9          
28-01-14 3.22 45 3.0            
 25-12-31 2.64 -70 1.0          
33-12-10 2.96 40 8.9            
 34-06-10 2.95 -42 9.4          
29-01-16 3.13 40 4.0            
 25-12-10 2.63 -40 0.9          
258 11.6          -462 1.7          
26-01-16 2.84 100 1.0            
 29-03-10 2.76 -56 4.1          
27-01-16 2.90 63 2.0            
 27-12-10 2.63 -37 2.9          
29-09-10 2.72 58 4.7            
 26-12-10 2.68 -35 1.9          
27-08-17 3.18 40 2.6            
 26-09-10 2.69 -32 1.6          
28-01-14 3.22 35 3.0            
 27-11-29 3.06 -30 2.9          
296 2.4            -190 2.9          
27-12-10 2.63 70 2.9            
 54-09-10 2.66 -280 29.7       
44-09-10 2.70 10 19.7          
 31-12-10 2.94 -109 6.9          
32-06-10 2.92 6 7.4            
 25-03-10 2.70 -100 0.1          
27-06-10 2.67 3 2.4            
 33-06-10 2.98 -96 8.4          
25-04-02 2.78 3 0.2            
 29-12-10 2.81 -62 4.9          
91 4.9            -647 15.7       
