2y
91d
30y
30y
2y
KR Market
KR Bond(%,bp) YTM 1D 1W 1M
CD91D 2.990 -2.0 -4.0 -6.0
2.627 -0.4 -2.8 -1.0
 2.980 2.829 -
2.660 1.5 4.0 3.5
 -2.823 AAA
2.588 1.6 2.8 7.7
 -2.819 AAA
2.680 0.5 -2.0 1.8
 -2.918 AAA
2.803 -0.9 -5.8 0.9
 2.868 2.918 AAA
2.736 -0.3 -6.4 -0.2
 -2.918 AAA
KR Credit(%,bp) YTM 1D 1W 1M
 3.090 2.845 AAA
3.176 1.0 0.7 -5.5
 -2.915 AAA
3.173 1.2 1.7 -1.6
 3.012 3.016 AA+
6.526 1.4 1.1 -0.3
 3.119 3.100 AA+
KTB Futures(tick)
 1D 1W
KTBF 3Y -4.0 -5.0
 (십억계약,%,년)
LKTBF 10Y 15.0 58.0
KR Stock(%) Index 1D 1W 1M
KOSPI 1.10 0.00 1.79
KOSDAQ 1.28 1.59 3.07
FX Market(%) Price 1D 1W 1M
1,447.7 0.24 1.15 -0.40
948.5 0.71 2.87 2.74
1D(bp) 1D(bp) 1D(bp)
1Y 2.708 1.5 1Y 2.680 0.5
 8.1 1.9
2Y 2.610 2.0 2Y 2.550 0
 -5.0 0.5
3Y 2.588 1.2 3Y 2.570 -0.5
 -0.1 -0.4
5Y 2.593 1.0 5Y 2.590 -0.5
 -8.8 0.5
10Y 2.643 0.5 10Y 2.555 -0.5
 -16.1 1.4
US Bond Market
US Bond(%,bp) YTM 1D 1W 1M
UST2Y 4.216 2.5 0.5 -7.9
UST5Y 4.275 2.6 -5.3 -19.2
UST10Y 4.438 1.6 -8.1 -24.9
UST30Y 4.640 0.2 -12.3 -27.5
KR Credit Market
 (계약수)
Bond Yield(%, bp) Yield 1D 1W 1M 3M 1Y
2.788 -0.4 -2.5 -9.8 -39.9 -81.5
2.839 1.6 2.8 2.7 -29.7 -73.9
2.918 0.0 -2.9 -1.8 -26.6 -66.3
2.838 -0.7 -2.4 -5.4 -39.5 -79.7 Fund Flow (십억원)
2.881 1.5 2.6 3.3 -29.1 -82.8 YTD
2.976 0.3 -2.4 -1.0 -26.5 -84.6 38,851
2.963 -1.5 -5.5 -16.0 -37.4 -76.4 43,047
3.086 1.0 0.7 -5.3 -29.5 -86.6 27,549
3.293 0.0 -3.0 -2.7 -26.7 -87.4 97,532
3.029 -1.5 -5.5 -17.2 -38.7 -85.9 -10,304
3.176 1.0 0.7 -5.5 -30.1 -100.6 *는 T-2일 기준, 펀드는 설정액 및 ETF 제외 기준
3.401 0.0 -3.0 -2.7 -26.7 -96.3 **는 T-4일 기준
3.724 -1.5 -5.5 -15.0 -41.1 -109.5
4.065 1.0 0.7 -2.8 -32.2 -107.8
 (십억원)
4.526 0.0 -3.0 -1.7 -27.2 -82.9
4.441 -1.5 -5.5 -15.0 -41.1 -107.5 SK303-1 AA+ 150
4.858 1.0 0.7 -2.8 -32.2 -104.3
 AA0 130
5.210 0.0 -3.0 -1.7 -27.2 -81.9
 A0 120
5.013 -1.5 -5.5 -15.0 -41.1 -106.5
 AA0 120
5.498 1.0 0.7 -2.8 -31.7 -100.8
 AA0 90
5.851 0.0 -3.0 -1.7 -27.2 -81.1
 A0 80
2.930 -1.2 -4.8 -9.8 -30.5 -78.4
 AAA 80
3.008 1.2 1.7 -2.3 -28.9 -76.5
 AAA 80
3.065 0.5 -1.9 -2.6 -27.9 -76
 - 80
2.967 -1.6 -4.9 -9.7 -29.2 -83.5
 AA- 80
3.099 1.3 1.7 -1.5 -27.3 -80.1
 AA0 60
3.154 0.7 -1.6 -3.6 -27.0 -84.8
 AA- 60
2.996 -1.6 -4.9 -9.5 -28.7 -84.7
 AAA 60
3.126 1.3 1.8 -1.5 -27.6 -81.6
 AAA 60
3.216 0.7 -1.7 -3.4 -26.9 -85
 AA- 60
3.027 -1.6 -4.9 -9.4 -28.5 -85.6 KT&G2-1 AAA 50
3.173 1.2 1.7 -1.6 -27.7 -83.4
 AA+ 50
3.320 0.6 -1.7 -3.5 -26.8 -85.8
 AA- 5037,5051,540
-34,195
-1,589
IRS(%) CRS(%) Spread(bp)
-1,656
-4,576549
-1231,215
1,167
1,000
6001,000
20,000
3,000
2,000
2,000
2,000
500
3002.640
10,000
3,800
29,000
29,000
20,000
2.635
2.850
2.735
2.730
7,450
131,417 659 #N/A 3,9051M
209,909 5,637 #N/A 13,481
1D 1W
179,630 355 #N/A
2025-06-09 3.140 3.090440
60,271 0 0 -7141,714,124 0 0
3.063 3.120
2026-12-07 3.196 3.0802028-02-04 3.006 3.040
2027-09-10 3.590 3.490
2.866 2.900
2025-06-19 - 4.4802026-09-11 3.423 3.370
2026-06-04 2.866 2.900
3.215 3.110
2026-03-03 2.948 2.8702029-09-13 3.857 4.000
2028-01-22 2.969 3.000
3.193 3.1002025-09-12 3.010 2.980
2026-09-10 2.974 2.9502026-08-28 2.838 2.840
2025-06-09 3.466 3.460▪
▪
▪
2,536.8
740.3106.8
118.8
2026-02-132027-12-172026-05-292030-01-22
MMF*
7 Feb. 2025
26-02-06 2.81 260 1.0            
 54-09-10 2.66 -120 29.6       
55-03-10 2.64 175 30.1          
 54-03-10 2.65 -48 29.1       
30-02-06 2.87 160 5.0            
 27-01-19 2.75 -50 2.0          
30-02-06 2.84 100 5.0            
 26-01-02 2.63 -40 0.9          
30-02-06 2.92 90 5.0            
 29-07-31 2.78 -40 4.5          
785 9.3            -298 17.7       
34-12-10 2.78 128 9.8            
 34-06-10 2.81 -159 9.3          
35-02-06 2.97 68 10.0          
 26-12-09 2.82 -40 1.8          
54-09-10 2.66 66 29.6          
 27-12-10 2.66 -40 2.8          
28-02-06 2.86 30 3.0            
 43-09-10 2.76 -30 18.6       
45-02-06 2.85 30 20.0          
 27-01-05 2.75 -30 1.9          
321 14.2          -299 7.7          
25-04-10 2.98 279 0.2            
 26-12-10 2.62 -61 1.8          
25-08-28 2.92 130 0.6            
 27-06-10 2.59 -42 2.3          
25-09-01 2.92 80 0.6            
 26-01-02 2.62 -40 0.9          
25-06-20 2.97 60 0.4            
 29-03-10 2.71 -31 4.1          
25-03-12 3.03 50 0.1            
 25-06-03 3.10 -30 0.3          
599 0.3            -204 1.9          
55-03-10 2.62 148 30.1          
 25-08-28 2.94 -150 0.6          
26-01-02 2.61 100 0.9            
 25-09-06 2.92 -150 0.6          
33-12-10 2.83 40 8.8            
 25-08-27 2.94 -100 0.6          
33-12-10 2.82 31 8.8            
 25-09-01 2.95 -100 0.6          
44-12-10 2.74 31 19.9          
 54-09-10 2.63 -70 29.6       
349 16.5          -570 4.1          
