10Y
91d
0 0
0 0
0 0
KR Market
KR Bond(%,bp) YTM 1D 1W 1M
CD91D 3.380 0.0 8.0 -6.0
2.681 -0.3 -1.2 -17.7
 2.950 2.957
2.715 5.1 5.8 -26.1
 3.000 2.922 AAA
2.618 6.7 10.2 -31.9
 2.910 2.896 AAA
2.732 8.2 15.0 -25.8
 3.060 2.946 AAA
2.790 7.8 15.0 -29.0
 2.970 2.936 AAA
2.736 10.1 16.9 -26.8
 2.900 2.965 AAA
KR Credit(%,bp) YTM 1D 1W 1M
 2.990 2.876 AAA
3.351 7.0 12.9 -17.1
 3.000 3.068 AAA
3.284 7.0 10.9 -21.7
 4.300 -
6.638 6.5 9.8 -26.1
 2.990 2.920 AAA
KTB Futures(tick)
 1D 1W
KTBF 3Y 14.0 8.0
 (십억계약,%,년)
LKTBF 10Y -55.0 -98.0
KR Stock(%) Index 1D 1W 1M
KOSPI -1.29 1.61 1.65
KOSDAQ -0.58 4.97 1.32
FX Market(%) Price 1D 1W 1M
1,438.9 0.27 0.84 2.87
932.8 -0.24 -1.34 3.65
1D(bp) 1D(bp) 1D(bp)
1Y 2.845 4.3 1Y 2.670 2.5
 16.4 4.6
2Y 2.695 6.7 2Y 2.515 5
 -2.0 1.7
3Y 2.640 6.8 3Y 2.525 7
 2.2 0.1
5Y 2.630 6.5 5Y 2.490 7
 -10.2 -1.7
10Y 2.675 6.3 10Y 2.515 7
 -11.5 -1.5
US Bond Market
US Bond(%,bp) YTM 1D 1W 1M
UST2Y 4.249 -0.6 10.2 -5.8
UST5Y 4.254 -0.6 15.5 -5.5
UST10Y 4.391 -1.1 16.3 -5.0
UST30Y 4.588 -1.3 16.8 -3.1
KR Credit Market
 (계약수)
Bond Yield(%, bp) Yield 1D 1W 1M 3M 1Y
3.011 0.3 0.4 -22.3 -20.7 -71.1
2.944 6.8 10.6 -24.9 -15.0 -70.1
3.028 8.2 15.7 -20.7 -6.7 -59.6
3.010 0.3 1.7 -25.8 -22.9 -73.3 Fund Flow (십억원)
2.976 6.7 10.8 -24.6 -14.5 -78.4 YTD
3.058 8.2 15.6 -23.7 -9.1 -79.6 19,118
3.228 0.5 2.2 -14.0 -12.5 -65.6 42,395
3.259 7.0 12.9 -16.7 -8.5 -75.8 20,860
3.383 8.2 15.5 -23.0 -9.7 -78.7 99,138
3.301 0.5 2.2 -14.3 -14.4 -73.9 -9,365
3.351 7.0 12.9 -17.1 -10.7 -86.6 *는 T-2일 기준, 펀드는 설정액 및 ETF 제외 기준
3.491 8.2 15.5 -23.0 -10.7 -88.1 **는 T-4일 기준
3.984 0.5 1.2 -17.1 -22.9 -91.7
4.218 7.0 12.1 -21.1 -18.4 -91.9
 (십억원)
4.606 8.2 15.0 -24.5 -11.7 -73.9
4.701 0.5 1.2 -17.1 -23.4 -89.7
 AA- 200
5.011 7.0 12.1 -21.1 -18.4 -88.4
 AA0 120
5.290 8.2 15.0 -24.5 -11.7 -72.9
 AA0 110
5.273 0.5 1.2 -17.1 -22.9 -88.7
 AA- 100
5.651 7.0 12.1 -20.6 -17.4 -84.4
 82
5.931 8.2 15.0 -24.5 -11.7 -72.1
 AA0 60
3.121 0.4 -0.1 -15.2 -12.8 -71.7
 AA0 50
3.123 7.2 11.0 -23.0 -12.9 -67.7
 AA- 50
3.161 8.0 15.2 -24.0 -9.3 -69.7
 AA0 50
3.150 0.5 0.4 -14.3 -12.2 -74.9
 AA- 40
3.209 7.0 10.9 -21.6 -11.1 -69
 AA0 40
3.258 8.0 15.2 -22.4 -7.0 -77.1
 AA0 40
3.175 0.5 0.3 -14.4 -12.0 -76.4
 AAA 40
3.236 7.0 10.8 -21.7 -12.1 -70.3
 A0 30
3.319 8.1 15.4 -22.3 -7.4 -77.3
 AA0 30
3.205 0.5 0.4 -14.3 -11.9 -77.2
 AA0 30
3.284 7.0 10.9 -21.7 -12.0 -72
 AAA 30
3.421 8.0 15.3 -22.3 -7.6 -78.2
 AAA 30-43,60815,756
41,592
-26,131
IRS(%) CRS(%) Spread(bp)
10,054
8,07295
-712-866
-6,515
1,700
1,2001,800
5,000
3,300
2,700
2,000
2,000
1,000
8000.000
2,000
5,000
0
0
0
2.665
2.950
0.000
0.000
0
0
0
0
2,239
124,728 279 2,603 6,2751M
190,176 -75 -3,378 -11,506
1D 1W
178,978 66 285
2025-08-18 - 4.313,774
61,211 -490 -871 2,2701,715,731 -2,891 -98
3.166 3.13
2026-02-12 - 3.82025-09-24 3.431 3.46
2025-01-30 3.475 3.6
3.412 3.52
2025-10-21 3.271 3.242025-02-13 3.265 3.58
2025-02-14 3.482 3.67
3.314 3.35
2026-10-23 3 3.062030-02-26 3.14 3.18
2026-10-07 3.027 3.11
3.296 3.692026-03-09 3.28 3.34
2027-11-27 2.952 3.042026-03-10 3.392 3.79
2025-02-28 3.331 3.59▪
▪
▪
2,456.8
694.5106.9
118.3
2025-01-242025-09-122025-06-272025-08-26
MMF*
0
0
18 Dec. 2024
34-12-10 2.72 23 0.3            
 25-12-10 2.71 -50 5.5          
31-12-10 2.82 20 0.2            
 26-03-10 2.73 -50 4.7          
26-10-02 2.66 20 1.8            
 26-08-07 2.91 -10 2.5          
54-09-10 2.55 5 3.0            
 26-04-21 2.94 -10 2.7          
26-06-10 2.70 1 2.2            
 29-12-10 2.76 -3 2.4          
620 0.8            -90 4.0          
34-12-10 2.72 23 2.0            
 25-12-10 2.71 -50 23.2       
31-12-10 2.82 20 29.8          
 26-03-10 2.73 -50 1.5          
26-10-02 2.66 20 9.5            
 26-08-07 2.91 -10 4.2          
54-09-10 2.55 5 4.7            
 26-04-21 2.94 -10 0.2          
26-06-10 2.70 1 5.5            
 29-12-10 2.76 -3 1.8          
313 12.0          -174 8.1          
34-12-10 2.72 23 1.0            
 25-12-10 2.71 -50 3.2          
31-12-10 2.82 20 1.0            
 26-03-10 2.73 -50 29.8       
26-10-02 2.66 20 4.7            
 26-08-07 2.91 -10 4.2          
54-09-10 2.55 5 9.5            
 26-04-21 2.94 -10 1.2          
26-06-10 2.70 1 0.2            
 29-12-10 2.76 -3 1.0          
483 2.8            -322 8.8          
34-12-10 2.72 23 10.0          
 25-12-10 2.71 -50 1.0          
31-12-10 2.82 20 7.0            
 26-03-10 2.73 -50 1.2          
26-10-02 2.66 20 1.8            
 26-08-07 2.91 -10 1.6          
54-09-10 2.55 5 29.8          
 26-04-21 2.94 -10 1.3          
26-06-10 2.70 1 1.5            
 29-12-10 2.76 -3 5.0          
69 8.1            -123 1.3          
