5y
20y
0 0
0 0
0 0
KR Market
KR Bond(%,bp) YTM 1D 1W 1M
CD91D 3.520 0.0 -3.0 -8.0
3.227 0.0 4.1 -10.8
 3.330 3.360
3.132 1.7 4.5 -10.3
 3.220 3.205 AAA
3.087 1.8 5.2 -7.3
 3.250 3.236 AAA
3.112 2.7 5.2 -7.8
 3.250 3.261 AAA
3.172 2.9 3.5 -7.0
 3.191 3.255 AAA
3.117 2.2 1.4 -11.0
 3.294 3.384 AAA
KR Credit(%,bp) YTM 1D 1W 1M
 3.211 3.226 AAA
3.565 1.7 4.0 -11.1
 3.203 3.291 AAA
3.538 1.6 5.0 -9.1
 3.29 3.299 AAA
7.184 1.5 4.1 -11.9
 3.151 3.278 AAA
KTB Futures(tick)
 1D 1W
KTBF 3Y -6 -10
 (십억계약,%,년)
LKTBF 10Y -27 -34
KR Stock(%) Index 1D 1W 1M
KOSPI 0.39 -3.20 -0.36
KOSDAQ 0.27 -3.27 -4.76
FX Market(%) Price 1D 1W 1M
1386.2 -0.14 0.09 -0.15
889.21 0.53 1.75 1.66
1D(bp) 1D(bp) 1D(bp)
1Y 3.303 0.75 1Y 3.19 2.5
 7.6 0.75
2Y 3.135 1.25 2Y 2.96 1
 0.3 -0.45
3Y 3.068 1.75 3Y 2.9 1
 -2.0 -0.05
5Y 3.040 2.50 5Y 2.9 1
 -7.2 -0.20
10Y 3.075 2.50 10Y 2.82 1
 -9.7 -0.40
US Bond Market
US Bond(%,bp) YTM 1D 1W 1M
UST2Y 4.491 -2.8 7 -25
UST5Y 4.165 -0.9 9 -11.5
UST10Y 4.252 -0.2 9.3 -0.9
UST30Y 4.485 1.2 11.1 8.5
KR Credit Market
 (계약수)
Bond Yield(%, bp) Yield 1D 1W 1M 3M 1Y
3.357 0.0 1.9 -15.0 -25.5 -44.7
3.242 1.6 4.7 -10.1 -42.4 -75.5
3.273 2.7 5.2 -7.6 -43.5 -72.9
3.346 0.7 3.3 -15.9 -31.5 -49.7 Fund Flow (십억원)
3.335 1.6 5.0 -7.9 -44.1 -79.7 YTD
3.363 2.7 5.1 -9.0 -57.1 -83.3 35132.1
3.500 0.2 2.7 -12.5 -24.8 -62.7 28794.4
3.476 2.0 4.3 -9.5 -43.7 -94.5 14893.3
3.669 2.7 4.4 -10.3 -55.9 -91.6 32910.7
3.552 0.2 2.4 -11.6 -26.9 -74 -2489.5
3.565 1.7 4.0 -11.1 -49.1 -108.4 *는 T-2일 기준, 펀드는 설정액 및 ETF 제외 기준
3.797 2.7 4.4 -11.1 -59.4 -97.8 **는 T-4일 기준
4.510 -0.3 3.2 -10.9 -29.7 -56.1
4.656 1.7 5.2 -10.2 -51.5 -82.9
 (십억원)
4.965 2.7 5.2 -9.0 -54.2 -75.6
5.232 -0.3 3.2 -10.9 -28.7 -53.6
 AA- 60
5.449 1.7 5.2 -10.2 -49.2 -78.9
 60
5.649 2.7 5.2 -9.0 -53.7 -74.7
 AAA 50
5.799 -0.3 3.2 -11.4 -29.2 -54.6
 AA+ 50
6.079 1.7 5.2 -9.7 -48.7 -76.4
 45
6.290 2.7 5.2 -9.0 -53.7 -73.8
 AAA 40
3.458 0.1 3.4 -12.0 -23.6 -51.7
 AAA 40
3.417 1.3 4.6 -7.6 -42.2 -75.7
 AA0 40
3.441 2.9 5.5 -7.3 -50.0 -86.3
 AAA 40
3.481 0.0 3.8 -12.1 -22.9 -58.8
 AA0 40
3.460 1.6 5.1 -8.4 -42.3 -84.8
 AAA 40
3.502 2.7 4.7 -10.6 -57.0 -95.3
 AA0 40
3.503 0.0 3.6 -12.0 -24.1 -60.8
 A 40
3.495 1.5 4.9 -9.0 -43.1 -85.3
 A0 30
3.567 2.7 4.7 -10.8 -56.9 -95.3
 30
3.530 -0.1 3.7 -12.2 -25.0 -61.6
 AAA 30
3.538 1.6 5.0 -9.1 -44.5 -87.1
 AA- 30
3.671 2.6 4.6 -11.6 -57.3 -95.5
 AA- 27173834189
-2772
-4174
IRS(%) CRS(%) Spread(bp)
532
-6678-104
-146-517
-3875
1400
12001429
3900
2600
2500
2100
1500
1000
9000.000
11000
5000
0
0
0
3.110
3.085
0.000
0.000
0
0
0
0
10877.2
118761 -798.9 -1563.7 2644.11M
206189.6 -1908.5 398.5 7851.2
1D 1W
165377.6 2967.1 7543.4
2026-02-27 3.821 3.824308.4
68085.9 -85 -2587.1 -2875.71649503.5 -538.5 -209.8
3.488 3.47
2024-12-20 - 3.712030-07-26 - 3.64
2027-08-30 3.422 3.37
3.315 3.32
2027-05-23 3.306 3.342026-01-18 3.364 3.38
2028-12-14 3.357 3.38
3.395 3.41
2026-07-23 - 4.312027-01-26 3.338 3.35
2027-03-30 3.504 3.45
4.796 4.712025-06-29 3.406 3.4
2025-09-05 3.604 3.62025-05-22 3.862 3.9
2024-12-20 4.134 4.46▪
▪
▪
2774.29
812.12105.47
115.51
1954-07-172026-09-232026-10-192025-02-07
MMF*
0
0
24 Jul. 2024
26-07-23 3.22 140 2.0            
 24-09-10 3.39 -70 0.1          
26-01-23 3.25 120 1.5            
 25-06-10 3.22 -70 0.9          
26-07-02 3.13 110 1.9            
 26-03-10 3.16 -70 1.6          
26-01-23 3.25 110 1.5            
 25-12-10 3.17 -60 1.4          
26-07-23 3.19 100 2.0            
 26-06-10 3.13 -60 1.9          
580 1.8            -330 1.2          
34-06-10 3.18 94 9.9            
 50-03-10 2.94 -30 25.6       
33-12-10 3.18 75 9.4            
 25-12-10 3.16 -20 1.4          
27-07-23 3.21 80 3.0            
 25-06-10 3.23 -12 0.9          
43-09-10 3.12 66 19.1          
 42-12-10 3.15 -20 18.4       
44-07-23 3.35 70 20.0          
 25-10-27 3.35 -10 1.3          
385 11.8          -92 12.9       
26-07-23 3.22 110 2.0            
 25-12-10 3.17 -55 1.4          
24-09-10 3.41 70 0.1            
 24-12-20 3.71 -45 0.4          
28-09-10 3.12 30 4.1            
 25-04-19 3.40 -40 0.7          
26-01-23 3.25 30 1.5            
 24-12-20 4.46 -30 0.4          
26-12-10 3.11 27 2.4            
 27-02-15 3.23 -30 2.6          
267 1.7            -200 1.1          
25-07-23 3.29 100 1.0            
 26-03-10 3.14 -60 1.6          
54-03-10 3.00 91 29.6          
 25-09-10 3.17 -13 1.1          
52-03-10 3.03 20 27.6          
 37-09-10 3.37 -10.0 13.1       
50-03-10 2.93 4 25.6          
 38-03-10 3.37 -10.0 13.6       
33-12-10 3.19 1 9.4            
 30-06-10 0.90 -2.0 5.9          
216 16.0          -95 4.1          
