30Y
91d
2Y
0 0
0 0
KR Market
KR Bond(%,bp) YTM 1D 1W 1M
CD91D 3.280 0.0 -16.0 -15.0
2.702 1.0 -10.5 -14.1
 2.980 2.998 AAA
2.698 4.0 -11.9 -25.7
 2.980 2.998 AAA
2.625 4.0 -11.5 -30.7
 2.860 2.998 AAA
2.642 4.2 -13.8 -35.0
 2.875 - AAA
2.765 5.3 -11.6 -33.0
 3.063 - AA
2.675 3.0 -15.5 -35.5
 2.858 2.878 AAA
KR Credit(%,bp) YTM 1D 1W 1M
 3.062 - AA
3.252 4.0 -10.5 -27.5
 3.034 3.063 AA+
3.221 4.0 -9.6 -28.0
 3.044 3.037 AA+
6.584 4.0 -11.7 -33.5
 3.091 - AA
KTB Futures(tick)
 1D 1W
KTBF 3Y -12.0 5.0
 (십억계약,%,년)
LKTBF 10Y -54.0 13.0
KR Stock(%) Index 1D 1W 1M
KOSPI -1.44 -1.56 -4.83
KOSDAQ -1.98 -2.15 -10.20
FX Market(%) Price 1D 1W 1M
1,410.1 0.51 0.94 2.86
940.3 -0.92 2.26 4.01
1D(bp) 1D(bp) 1D(bp)
1Y 2.818 -0.5 1Y 2.620 -3.5
 11.6 -1.5
2Y 2.660 1.8 2Y 2.415 -3
 -3.8 -2.3
3Y 2.600 1.8 3Y 2.385 -3
 -2.5 -2.3
5Y 2.590 3.5 5Y 2.360 -3
 -5.2 -0.7
10Y 2.623 4.3 10Y 2.390 -3
 -14.3 -1.1
US Bond Market
US Bond(%,bp) YTM 1D 1W 1M
UST2Y 4.127 -5.2 -10.0 -13.4
UST5Y 4.069 -4.2 -6.6 -20.5
UST10Y 4.183 -4.1 -8.0 -24.8
UST30Y 4.348 -5.3 -9.0 -26.1
KR Credit Market
 (계약수)
Bond Yield(%, bp) Yield 1D 1W 1M 3M 1Y
3.010 0.8 -18.3 -17.9 -29.0 -86.1
2.892 4.0 -12.6 -29.2 -28.7 -91.9
2.920 4.2 -13.0 -31.4 -27.5 -91.3
3.000 0.2 -21.8 -23.7 -32.7 -91.1 Fund Flow (십억원)
2.918 4.0 -12.0 -30.6 -29.1 -102 YTD
2.956 4.0 -14.0 -34.4 -29.5 -111.3 31,083
3.206 1.0 -13.5 -13.3 -24.7 -83.1 41,805
3.160 4.0 -10.5 -27.1 -30.9 -107.2 18,166
3.278 4.2 -12.8 -33.7 -31.4 -115.7 95,431
3.279 1.0 -13.5 -13.9 -26.1 -93.8 -10,548
3.252 4.0 -10.5 -27.5 -33.1 -121 *는 T-2일 기준, 펀드는 설정액 및 ETF 제외 기준
3.386 4.2 -12.8 -33.7 -32.4 -125.6 **는 T-4일 기준
3.972 1.0 -14.0 -17.3 -34.6 -109.9
4.127 4.0 -11.0 -31.3 -39.5 -121
 (십억원)
4.506 4.2 -13.8 -34.7 -32.9 -109.4
4.689 1.0 -14.0 -17.3 -35.1 -107.4
 AAA 80
4.920 4.0 -11.0 -31.3 -39.5 -117
 AAA 60
5.190 4.2 -13.8 -34.7 -32.9 -107.9
 AAA 50
5.261 1.0 -14.0 -17.3 -34.6 -106.4
 AA- 50
5.560 4.0 -11.0 -30.8 -38.5 -113
 AA 40
5.831 4.2 -13.8 -34.7 -32.9 -107.1
 AAA 40
3.136 0.7 -10.2 -10.3 -17.7 -84.8
 AA- 32
3.060 4.0 -10.7 -28.3 -26.2 -90.8
 AAA 30
3.062 4.1 -13.1 -33.7 -28.7 -101.3
 AAA 30
3.154 0.9 -10.1 -10.7 -19.1 -90.1
 AAA 30
3.145 4.0 -9.8 -27.7 -25.5 -93.6
 AAA 20
3.157 4.2 -12.3 -32.2 -27.9 -109
 AA0 20
3.178 0.9 -10.1 -10.7 -18.7 -91.7
 AA 20
3.173 4.1 -9.7 -28.0 -26.4 -94.8
 AA- 10
3.216 4.2 -12.3 -32.4 -28.4 -109.3
 AAA 10
3.207 0.8 -10.2 -10.7 -18.8 -92.5
 - 10
3.221 4.0 -9.6 -28.0 -26.3 -96.5
 - 10
3.319 4.2 -12.3 -32.4 -28.5 -110.2
 - 1037,483-9,488
-39,924
6,612
IRS(%) CRS(%) Spread(bp)
2,248
6,913486
-1,597-286
-5,443
1,150
1,0001,200
3,000
2,400
2,000
1,400
1,300
1,000
1,0000.000
3,000
5,000
18,000
0
0
2.545
2.930
2.690
0.000
 0
0
2,335
122,033 992 1,014 2,6351M
202,140 4,200 6,082 7,984
1D 1W
178,388 475 973
2027-02-19 2.982 310,780
60,027 82 1,465 -9251,712,024 3,499 5,271
4.068 4.04
2027-12-03 - 3.062026-02-20 3.053 3.07
2027-06-16 3.017 2.99
2.997 3.03
2024-12-25 3.333 3.752027-01-13 2.984 3.01
2054-09-24 4.66 4.67
3.005 3.05
2029-12-04 - 3.042026-11-20 2.98 2.99
2026-06-02 3.005 3.01
- 6.422029-10-17 - 0
2029-12-20 - 4.962099-12-31 4.637 4.85
2026-05-22 2.992 3▪
▪
▪
2,464.0
677.2106.8
119.3
2054-06-272029-05-092026-01-312026-02-25
MMF*
0
0
5 Dec. 2024
26-10-02 2.70 190 1.8            
 26-01-04 3.01 -50 1.1          
25-12-04 2.94 170 1.0            
 26-01-04 3.01 -50 1.1          
29-12-04 2.86 120 5.0            
 30-06-10 2.74 -51 5.5          
53-03-10 2.62 100 28.3          
 28-03-10 2.72 -30 3.3          
26-01-02 2.74 50 1.1            
 26-07-02 2.73 -20 1.6          
630 6.3            -201 2.6          
26-07-02 2.72 110 1.6            
 48-03-10 2.65 -30 23.3       
27-12-04 2.88 110 3.0            
 29-06-10 2.72 -25 4.5          
29-12-04 3.04 100 5.0            
 44-12-10 2.70 -20 20.0       
34-06-10 2.76 74 9.5            
 25-01-29 3.35 -11 0.2          
26-10-02 2.70 65 1.8            
 25-07-27 3.18 -10 0.6          
459 4.0            -96 12.8       
27-12-03 3.03 45 3.0            
 26-12-10 2.63 -40 2.0          
26-12-04 3.09 40 2.0            
 27-06-10 2.63 -32 2.5          
25-12-04 2.98 40 1.0            
 26-03-10 2.80 -30 1.3          
26-10-02 2.68 35 1.8            
 29-09-10 2.62 -27 4.8          
25-12-04 2.98 30 1.0            
 26-07-02 2.73 -25 1.6          
190 1.8            -154 2.4          
28-03-10 2.64 162 3.3            
 31-12-10 2.77 -57 7.0          
29-06-10 2.66 68 4.5            
 33-12-10 2.76 -41 9.0          
53-03-10 2.62 50 28.3          
 26-06-10 2.70 -38 1.5          
26-07-02 2.70 50 1.6            
 32-06-10 2.79 -16 7.5          
52-03-10 2.57 50 27.3          
 44-12-10 2.68 -10 20.0       
380 9.7            -162 7.1          
