5y
91d
0 0
0 0
0 0
KR Market
KR Bond(%,bp) YTM 1D 1W 1M
CD91D 2.880 0.0 -9.0 -15.0
2.615 0.0 2.8 -4.0
 3.560 - -
2.648 -0.8 -2.4 2.8
 2.710 2.836 AAA
2.610 -0.5 -1.2 5.0
 2.859 2.827 AAA
2.717 -1.3 -1.3 1.7
 2.880 2.854 AAA
2.822 -3.0 -4.5 -3.9
 3.097 3.196 AA-
2.740 -1.9 -4.3 -6.0
 2.786 2.854 AAA
KR Credit(%,bp) YTM 1D 1W 1M
 2.979 2.930 AAA
3.156 -1.0 -3.0 -1.3
 2.752 2.762 AAA
3.192 -0.4 -0.2 3.6
 2.935 3.024 AAA
6.523 -0.5 -2.3 0.8
 3.266 3.196 AA-
KTB Futures(tick)
 1D 1W
KTBF 3Y 2.0 11.0
 (십억계약,%,년)
LKTBF 10Y 28.0 53.0
KR Stock(%) Index 1D 1W 1M
KOSPI -0.35 1.34 4.28
KOSDAQ -0.17 0.63 6.12
FX Market(%) Price 1D 1W 1M
1,427.4 -0.48 -0.99 -0.27
956.5 0.32 0.66 3.75
1D(bp) 1D(bp) 1D(bp)
1Y 2.693 -0.5 1Y 2.635 0.5
 7.7 -0.5
2Y 2.625 -0.7 2Y 2.595 0.5
 -2.3 0.1
3Y 2.615 -1.0 3Y 2.605 1.5
 0.5 -0.5
5Y 2.643 -1.8 5Y 2.650 2
 -7.5 -0.5
10Y 2.700 -2.3 10Y 2.560 0.5
 -12.2 0.7
US Bond Market
US Bond(%,bp) YTM 1D 1W 1M
UST2Y 4.200 -0.2 -6.3 -7.8
UST5Y 4.257 -2.0 -7.2 -17.4
UST10Y 4.414 -2.1 -6.3 -21.0
UST30Y 4.667 -1.4 -3.2 -18.1
KR Credit Market
 (계약수)
Bond Yield(%, bp) Yield 1D 1W 1M 3M 1Y
2.789 -0.2 1.7 -2.4 -41.1 -86.2
2.846 -0.8 -2.1 3.5 -20.0 -78.7
2.916 -1.4 -2.4 -3.1 -15.8 -75
2.835 -1.1 -0.7 -2.7 -39.2 -84.9 Fund Flow (십억원)
2.892 -0.5 -1.2 3.7 -17.3 -87.2 YTD
2.978 -1.3 -1.9 -2.2 -14.3 -94.5 45,485
2.944 -0.5 1.8 -7.4 -39.7 -77.8 48,807
3.071 -1.0 -3.0 -0.8 -21.9 -87.1 32,388
3.313 -1.3 -1.8 -1.0 -12.3 -91.6 95,490
2.999 -0.5 1.0 -8.5 -41.5 -86.9 -11,905
3.156 -1.0 -3.0 -1.3 -22.6 -101.1 *는 T-2일 기준, 펀드는 설정액 및 ETF 제외 기준
3.418 -1.3 -2.1 -1.3 -12.6 -100.8 **는 T-4일 기준
3.682 -0.5 0.5 -9.7 -43.5 -115.2
4.048 -1.0 -2.7 -1.0 -22.1 -112.5
 (십억원)
4.546 -1.3 -1.8 -1.0 -12.8 -89.4
4.399 -0.5 0.5 -9.7 -43.5 -113.7
 - 180
4.846 -1.0 -2.7 -0.5 -21.6 -108.5
 AAA 150
5.230 -1.3 -1.8 -1.0 -12.8 -88.4
 AAA 100
4.971 -0.5 0.5 -9.7 -43.5 -113.7
 AAA 80
5.486 -1.0 -2.7 -0.5 -21.6 -106.5
 AA0 80
5.871 -1.3 -1.8 -1.0 -12.8 -88.4
 AA0 80
2.904 0.0 2.4 -7.4 -34.1 -82.3 KT201-1 AAA 70
3.018 -0.6 -1.0 2.7 -18.1 -79.6
 AAA 70
3.095 -1.3 -1.3 1.1 -12.8 -81.1
 AAA 60
2.947 0.3 3.1 -6.9 -31.4 -85.3
 A+ 60
3.117 -0.5 -0.3 3.5 -15.6 -81.1
 AA0 60
3.173 -1.3 -2.0 0.3 -13.5 -91.4
 AA- 60
2.976 0.3 3.1 -6.9 -30.9 -86.6
 AA- 60
3.144 -0.4 -0.2 3.6 -15.7 -82.6
 AA- 60
3.235 -1.3 -2.0 0.2 -13.2 -91.6
 AA- 60
3.007 0.3 3.1 -6.9 -30.7 -87.5
 A+ 50
3.192 -0.4 -0.2 3.6 -15.6 -83.7
 AA- 50
3.340 -1.3 -1.9 0.3 -13.0 -91.9
 AAA 50-4,7685,999
1,138
-7,842
IRS(%) CRS(%) Spread(bp)
-849
3,983222
1,3772,246
-991
1,000
1,0001,500
4,000
3,600
3,000
3,000
2,000
800
7000.000
14,000
5,000
0
0
0
2.685
2.690
0.000
0.000
0
0
0
0
7,947
136,256 -14 1,763 5,1551M
216,543 -741 947 13,724
1D 1W
185,391 106 2,949
2027-07-18 - 4.0009,632
58,671 343 11 -1,8841,712,082 2,721 19,444
- 2.860
2027-09-04 3.103 3.0902026-08-07 2.836 2.880
2027-01-21 2.896 2.880
2.899 2.880
2025-06-29 3.030 3.0302025-10-02 2.980 2.990
2027-12-02 2.896 2.900
3.075 3.080
2025-04-14 3.047 3.1302027-01-29 3.231 3.250
2028-02-18 3.058 3.070
2.880 2.8702030-02-13 3.736 3.810
2028-02-24 - 3.2702030-02-21 3.153 3.190
2027-02-19 3.351 3.360▪
▪
▪
2,645.3
773.3106.7
118.5
2027-01-082027-06-262027-05-072027-02-24
MMF*
0
0
25 Feb. 2025
25-05-27 2.71 170 0.3            
 30-03-10 2.68 -170 5.0          
28-02-24 2.79 150 3.0            
 26-01-20 2.79 -50 0.9          
27-08-24 2.75 100 2.5            
 31-06-10 2.86 -35 6.3          
27-09-03 2.68 60 2.5            
 33-06-10 2.87 -30 8.3          
35-02-24 3.56 60 10.0          
 29-11-27 2.87 -30 4.8          
540 2.8            -315 4.8          
35-02-24 3.56 200 10.0          
 25-06-10 2.57 -40 0.3          
27-02-24 2.86 60 2.0            
 52-03-10 2.67 -30 27.1       
27-12-10 2.61 38 2.8            
 34-06-10 2.85 -24 9.3          
55-03-10 2.64 30 30.1          
 47-03-10 2.75 -20 22.1       
54-03-10 2.66 30 29.1          
 52-09-10 2.67 -10 27.6       
358 11.2          -124 14.2       
25-12-24 2.77 140 0.8            
 42-09-10 2.78 -100 17.6       
29-09-10 2.72 106 4.5            
 28-09-10 2.72 -30 3.5          
27-02-24 2.86 60 2.0            
 26-06-27 2.80 -30 1.3          
29-03-10 2.73 60 4.0            
 25-07-11 3.25 -30 0.4          
27-08-24 3.01 50 2.5            
 28-02-18 3.00 -30 3.0          
416 2.6            -220 9.1          
25-05-27 2.70 250 0.3            
 27-03-10 2.67 -233 2.0          
54-09-10 2.65 95 29.6          
 34-06-10 2.90 -50 9.3          
26-02-10 2.69 80 1.0            
 31-06-10 2.86 -35 6.3          
26-01-10 2.65 70 0.9            
 26-03-10 2.62 -30 1.0          
52-03-10 2.65 50 27.1          
 54-03-10 0.00 0 29.1       
545 8.0            -348 3.4          
