30y
0 0
0 0
0 0
0 0
KR Market
KR Bond(%,bp) YTM 1D 1W 1M
CD91D 3.610 0.0 0.0 3.0
3.390 -0.1 2.0 -4.1
 4.480 4.540 AA0
3.435 -1.8 1.5 -6.7
 3.817 - AA0
3.432 -2.0 2.2 -7.3
 3.460 3.626 AAA
3.467 -3.5 3.0 -8.5
 3.857 - AA0
3.537 -4.3 4.0 -8.0
 3.460 3.593 AAA
3.447 -5.8 0.7 -8.3
 3.920 - AA0
KR Credit(%,bp) YTM 1D 1W 1M
 5.638 - A0
3.969 -2.5 0.3 -7.5
 5.712 - A0
3.856 -1.8 1.5 -10.9
 3.60 3.759 AAA
7.568 -2.0 1.0 -17.8
 3.682 3.830 AAA
KTB Futures(tick)
 1D 1W
KTBF 3Y 8 -15
 (십억계약,%,년)
LKTBF 10Y 39 -53
KR Stock(%) Index 1D 1W 1M
KOSPI 1.74 -1.49 0.22
KOSDAQ 0.56 -0.39 -2.41
FX Market(%) Price 1D 1W 1M
1376.1 -0.61 0.90 0.98
876.22 -0.49 0.82 -1.49
1D(bp) 1D(bp) 1D(bp)
1Y 3.535 -1.25 1Y 3.48 -4
 14.5 -1.15
2Y 3.478 -2.00 2Y 3.3 -4
 4.3 -0.20
3Y 3.440 -2.75 3Y 3.29 -4
 0.8 -0.75
5Y 3.418 -4.75 5Y 3.295 -4
 -5.0 -1.25
10Y 3.420 -5.25 10Y 3.135 -4
 -11.7 -0.95
US Bond Market
US Bond(%,bp) YTM 1D 1W 1M
UST2Y 4.818 -6.5 -13.9 -0.8
UST5Y 4.413 -9.9 -12.1 -9.2
UST10Y 4.393 -11 -7.7 -12.1
UST30Y 4.541 -11 -3.4 -12.6
KR Credit Market
 (계약수)
Bond Yield(%, bp) Yield 1D 1W 1M 3M 1Y
3.587 -0.4 1.2 -3.7 -7.6 -19.4
3.590 -2.0 2.4 -8.2 -2.8 -23.8
3.606 -3.5 3.3 -8.3 -2.1 -22
3.620 -0.6 0.1 -5.9 -7.6 -22.1 Fund Flow (십억원)
3.683 -2.3 0.9 -9.3 -5.9 -29.9 YTD
3.764 -4.0 1.5 -12.7 -10.4 -27.5 32416.7
3.732 -0.5 0.0 -4.9 -2.5 -28.3 16641.5
3.843 -2.5 0.5 -6.5 -6.6 -33.8 8768.1
4.079 -3.5 1.2 -11.4 -10.0 -39.7 16301.3
3.790 -0.5 0.0 -6.1 -10.8 -34.3 2364.3
3.969 -2.5 0.3 -7.5 -16.0 -41.2 *는 T-2일 기준, 펀드는 설정액 및 ETF 제외 기준
4.223 -3.5 0.5 -13.3 -15.3 -46.7 **는 T-4일 기준
4.746 -0.5 0.0 -7.1 -10.3 -26.5
5.066 -2.5 0.0 -9.8 -7.7 -21.4
 (십억원)
5.367 -3.5 1.0 -11.0 -2.3 -19.7
5.463 -0.5 0.5 -6.6 -9.3 -25
 AA 270
5.851 -2.5 0.5 -8.8 -5.0 -20.2
 180
6.051 -3.5 1.5 -10.5 -1.3 -19.8
 AA0 90
6.035 -0.5 0.5 -6.6 -9.3 -27
 AAA 60
6.476 -2.5 0.5 -8.8 -5.0 -18.7
 AA0 60
6.692 -3.5 1.5 -10.5 -1.3 -19.4
 60
3.669 -0.2 1.6 -2.2 -5.8 -24.4
 AA- 60
3.735 -2.4 1.3 -8.3 -4.1 -28.7
 AAA 50
3.793 -3.8 2.0 -10.7 -5.2 -35.6
 A0 40
3.691 -0.3 1.2 -2.0 -9.4 -31.5
 AAA 40
3.769 -2.2 1.7 -9.3 -11.7 -37.1
 AA- 40
3.905 -3.8 2.2 -11.8 -12.0 -38.8
 AA0 40
3.720 -0.4 0.9 -2.0 -10.6 -32.8
 A0 40
3.809 -2.2 1.5 -9.8 -11.9 -37.2
 A 39
3.974 -3.8 2.1 -11.7 -11.5 -38.3
 A 33
3.747 -0.4 0.8 -2.7 -11.9 -34.2
 AA0 30
3.856 -1.8 1.5 -10.9 -13.2 -38.5
 AA 30
4.085 -3.5 2.4 -11.4 -11.2 -38.2
 AA+ 26▪
▪
▪
2682.52
844.72104.35
112.17
1934-06-032024-06-072029-06-012026-01-22
MMF*
0
0
- 4.422025-02-28 3.646 3.65
2027-06-03 - 3.822026-06-03 - 5.7
2025-12-03 - 5.593.632 3.61
2024-09-06 3.921 3.82027-06-03 - 3.6
2024-10-07 3.883 3.74- 3.68
2025-05-30 3.993 3.952030-07-26 - 3.63
2028-08-29 3.925 3.943.662 3.64
2027-02-16 3.687 3.692025-03-12 - 4.35
2026-10-27 3.829 3.79
2027-06-03 - 3.868536.9
72939.7 -92 692.6 1831.41632894.1 2072.8 8103
3171.2
112635.8 37.7 -393.9 2032.71M
203474.2 -5406.3 -3361 3187.8
1D 1W
153224.7 188.8 -25.6
0
0
0
0
0
0
0.000
38000
0
0
0
0
3.380
0.000
0.000
0.000
500
5001500
5000
3500
2700
2100
1700
500
500
-12801-10504
13814
6547
IRS(%) CRS(%) Spread(bp)
3170
3203-1160
-17721018
-2716
4 June. 2024
24-09-03 3.48 350 0.3            
 54-03-10 3.38 -278 29.8       
24-06-13 3.51 200 0.0            
 26-04-04 3.64 -50 1.8          
24-12-09 3.62 130 0.5            
 24-06-10 2.58 -50 0.0          
25-03-10 3.38 110 0.8            
 25-03-04 3.63 -40 0.8          
26-04-02 3.44 55 1.8            
 25-02-25 3.63 -30 0.7          
845 0.4            -448 18.8       
54-03-10 3.38 781 29.8          
 25-03-10 3.39 -170 0.8          
27-06-03 3.86 50 3.0            
 33-12-10 3.55 -61 9.5          
34-06-10 3.51 40 10.0          
 25-12-10 3.41 -60 1.5          
52-03-10 3.36 60 27.8          
 25-06-10 3.37 -60 1.0          
26-12-10 3.44 16 2.5            
 25-09-10 3.36 -50 1.3          
947 26.9          -401 2.3          
54-03-10 3.38 145 29.8          
 24-06-13 3.50 -200 0.0          
25-06-03 3.58 140 1.0            
 24-06-27 3.50 -150 0.1          
27-06-10 3.42 64 3.0            
 26-12-10 3.44 -133 2.5          
27-06-03 3.86 50 3.0            
 24-12-09 3.62 -110 0.5          
26-04-04 3.64 30 1.8            
 26-06-10 3.44 -31 2.0          
429 11.3          -624 0.8          
54-03-10 3.38 222 29.8          
 25-03-10 3.39 -100 0.8          
33-12-10 3.54 91 9.5            
 25-09-10 3.37 -45 1.3          
27-09-10 3.45 50 3.3            
 25-06-10 3.39 -20 1.0          
30-12-10 3.52 33 6.5            
 25-12-10 3.37 -20.0 1.5          
32-12-10 3.56 23 8.5            
 25-03-10 3.37 -11.0 0.8          
418 19.3          -195 1.0          
