3y
91d
2y
1y
0 0
KR Market
KR Bond(%,bp) YTM 1D 1W 1M
CD91D 3.550 -1.0 -3.0 -5.0
3.188 1.2 -5.2 -18.7
 3.292 3.277 AAA
3.151 0.8 -3.4 -23.4
 3.467 3.467 AA+
3.117 -0.3 -4.3 -22.8
 3.489 3.506 AA+
3.134 -0.6 -5.8 -25.0
 4.630 - BBB
3.195 -0.5 -8.0 -23.7
 4.401 - BBB
3.170 -0.4 -6.7 -20.0
 4.800 -
KR Credit(%,bp) YTM 1D 1W 1M
 4.600 -
3.612 -0.3 -5.1 -28.0
 6.000 -
3.567 -0.3 -5.1 -22.3 0 ###### 0.00 0.000 0
7.230 -0.4 -5.2 -26.4 0 ###### 0.000 0.000 0
KTB Futures(tick)
 1D 1W
KTBF 3Y 2 5
 (십억계약,%,년)
LKTBF 10Y 3 38
KR Stock(%) Index 1D 1W 1M
KOSPI 0.02 2.65 6.18
KOSDAQ -0.22 2.69 -0.71
FX Market(%) Price 1D 1W 1M
1384.7 0.22 -0.42 0.63
857.02 -0.25 0.05 -2.21
1D(bp) 1D(bp) 1D(bp)
1Y 3.358 0.50 1Y 3.28 1.5
 17.0 -0.70
2Y 3.185 0.50 2Y 2.99 2.5
 3.4 -0.30
3Y 3.113 -0.50 3Y 2.935 1
 -0.5 -0.20
5Y 3.075 -0.25 5Y 2.91 1
 -5.9 0.35
10Y 3.100 -0.50 10Y 2.825 1.5
 -9.5 0.00
US Bond Market
US Bond(%,bp) YTM 1D 1W 1M
UST2Y 4.622 -0.6 -9.6 -26.9
UST5Y 4.238 -0.6 -9.3 -25
UST10Y 4.286 -1.2 -7.8 -18.6
UST30Y 4.478 -1.2 -5.4 -12.2
KR Credit Market
 (계약수)
Bond Yield(%, bp) Yield 1D 1W 1M 3M 1Y
3.338 1.0 -7.0 -22.7 -23.0 -53.8
3.291 -0.3 -5.0 -22.8 -34.1 -81.3
3.295 -0.5 -6.0 -22.9 -35.9 -82.7
3.310 0.7 -9.6 -27.8 -28.4 -61 Fund Flow (십억원)
3.364 -0.3 -4.5 -24.4 -38.4 -86.3 YTD
3.386 -0.6 -5.9 -28.9 -49.6 -91.8 33230
3.491 1.0 -5.3 -22.1 -22.4 -66.6 19948
3.520 -0.3 -5.1 -25.6 -38.4 -96.1 16706
3.705 -0.5 -6.4 -28.9 -48.1 -99 35309.4
3.546 1.0 -5.3 -21.4 -25.5 -75.4 990
3.612 -0.3 -5.1 -28.0 -45.7 -107.7 *는 T-2일 기준, 펀드는 설정액 및 ETF 제외 기준
3.833 -0.5 -6.7 -30.0 -54.4 -106.2 **는 T-4일 기준
4.486 1.0 -5.3 -23.0 -28.8 -63
4.694 -0.3 -5.1 -28.5 -47.0 -87.1
 (십억원)
4.988 -0.5 -6.4 -28.9 -47.2 -84.3
5.208 1.0 -5.3 -23.0 -27.8 -61.5
 AAA 200
5.487 -0.3 -5.1 -27.7 -44.2 -83.6
 AA+ 60
5.672 -0.5 -6.4 -28.9 -46.7 -83.9
 AA- 41
5.775 1.0 -5.3 -23.5 -28.3 -63
 AA- 40
6.112 -0.3 -5.1 -27.7 -44.2 -82.1
 AA0 40
6.313 -0.5 -6.4 -28.9 -46.7 -83.5
 AAA 40
3.427 0.6 -6.0 -22.4 -26.0 -59.5
 AA0 30
3.441 -0.3 -4.9 -23.6 -38.2 -84.1
 30
3.450 -0.1 -5.3 -25.0 -44.1 -96.8
 BBB 23
3.453 0.8 -5.2 -21.1 -26.0 -66.5
 20
3.484 -0.3 -5.1 -22.1 -40.2 -91.8
 20
3.529 -0.6 -6.3 -28.1 -51.4 -103.5
 AA- 19
3.475 0.8 -5.2 -21.2 -27.5 -68.1
 ' 15
3.525 -0.3 -5.1 -21.8 -40.5 -91.6
 12
3.594 -0.6 -6.3 -28.5 -51.3 -103.6
 AAA 10
3.501 0.8 -5.2 -21.4 -28.6 -69.3
 AA0 10
3.567 -0.3 -5.1 -22.3 -41.9 -94
 AA0 10
3.699 -0.6 -6.5 -29.2 -51.6 -103.4
 8▪
▪
▪
2867.99
858.55105.41
115.28
2026-08-122027-07-092027-06-25
MMF*
0
- -0.262025-06-10 3.674 3.68
2026-02-27 3.695 3.72029-04-18 - 2.72
2026-09-20 3.355 3.374.239 4.27
2053-06-29 - 6.832025-07-18 - 4.44
2029-09-10 - 4.28- 4.8
2026-07-10 - 4.592025-06-20 3.372 3.35
2026-07-06 3.482 3.53.54 3.54
2025-01-25 3.457 3.482025-05-31 3.432 3.43
2026-01-23 3.725 3.67
2025-07-09 3.375 3.3812444.4
71565.4 -247.7 875 -1291.81651902.2 4189.1 -14973.6
3846.7
120573.7 341.4 2929.8 60441M
204287.5 1076.1 4751.5 3065.8
1D 1W
156531.2 282.2 1398.4
0
 0.000
23990
5300
14000
5100
0
3.100
3.320
3.140
3.230
1900-01-00
1900-01-00180
9300
1000
700
700
470
330
0
0
38377-9428
-22648
13192
IRS(%) CRS(%) Spread(bp)
-1452
-12576-367
-190-1315
-1880
11 Jul. 2024
25-07-09 3.23 90 1.0            
 24-10-02 3.19 -100 0.2          
29-07-31 3.24 88 5.1            
 25-03-10 3.22 -80 0.7          
26-04-02 3.19 40 1.7            
 26-09-10 3.16 -70 2.2          
25-01-20 3.40 20 0.5            
 30-06-10 3.20 -50 5.9          
25-04-07 3.35 20 0.7            
 34-06-10 3.21 -33 9.9          
258 2.4            -333 2.6          
25-03-10 3.22 100 0.7            
 24-09-10 3.35 -110 0.2          
26-04-02 3.19 75 1.7            
 33-12-10 3.21 -65 9.4          
34-06-10 3.20 55 9.9            
 54-03-10 3.10 -41 29.7       
24-10-01 3.42 50 0.2            
 29-03-10 3.14 -39 4.7          
24-12-10 3.25 40 0.4            
 26-12-10 3.15 -19 2.4          
320 2.4            -274 7.6          
24-09-12 3.45 314 0.2            
 33-12-10 3.21 -58 9.4          
25-01-20 3.41 50 0.5            
 26-12-10 3.15 -37 2.4          
24-08-29 3.50 50 0.1            
 24-11-22 3.35 -20 0.4          
34-06-10 3.20 34 9.9            
 25-05-16 3.34 -20 0.8          
27-06-10 3.12 33 2.9            
 29-03-10 3.13 -11 4.7          
481 1.1            -146 4.9          
26-03-10 3.17 100 1.7            
 25-04-02 3.26 -120 0.7          
24-09-12 3.47 100 0.2            
 25-07-18 3.30 -100 1.0          
54-03-10 3.10 62 29.7          
 25-03-10 3.23 -100.0 0.7          
29-12-10 3.19 56 5.4            
 26-03-10 3.15 -62.3 1.7          
28-12-10 3.18 40 4.4            
 25-08-16 3.29 -30.0 1.1          
358 7.0            -412 1.0          
