3y
91d
2y
1y
0 0
KR Market
KR Bond(%,bp) YTM 1D 1W 1M
CD91D 3.550 0.0 -2.0 -5.0
3.203 -1.9 1.1 -16.7
 3.300 3.319 AAA
3.143 -5.7 1.3 -20.7
 3.250 3.284 AAA
3.093 -6.5 -2.2 -20.2
 3.295 3.322 AAA
3.104 -6.6 -4.3 -21.1
 3.640 3.612 AA-
3.167 -5.5 -4.8 -20.3
 3.310 3.345 AAA
3.139 -5.3 -3.8 -17.3
 4.571 4.741 A+
KR Credit(%,bp) YTM 1D 1W 1M
 3.663 - A
3.587 -6.5 -2.8 -25.0
 3.651 3.628 AA-
3.545 -6.1 -2.7 -19.4
 3.55 3.596 AA-
7.206 -6.5 -2.4 -23.0
 3.580 3.579 AA-
KTB Futures(tick)
 1D 1W
KTBF 3Y 21 10
 (십억계약,%,년)
LKTBF 10Y 56 51
KR Stock(%) Index 1D 1W 1M
KOSPI -1.19 -0.18 4.72
KOSDAQ -0.24 0.34 -2.33
FX Market(%) Price 1D 1W 1M
1379.6 0.06 -0.05 0.25
864.68 1.76 0.55 -1.17
1D(bp) 1D(bp) 1D(bp)
1Y 3.320 -5.25 1Y 3.255 -4
 11.7 -3.35
2Y 3.150 -7.75 2Y 2.985 -4.5
 0.7 -2.05
3Y 3.078 -7.50 3Y 2.915 -5.5
 -1.5 -1.00
5Y 3.045 -6.50 5Y 2.905 -5.5
 -5.9 0.10
10Y 3.070 -6.00 10Y 2.82 -5.5
 -9.7 -0.50
US Bond Market
US Bond(%,bp) YTM 1D 1W 1M
UST2Y 4.454 -6.3 -16 -30.8
UST5Y 4.103 -4.1 -12.8 -22.1
UST10Y 4.184 -2.8 -10 -13.6
UST30Y 4.398 -2.4 -8.1 -8
KR Credit Market
 (계약수)
Bond Yield(%, bp) Yield 1D 1W 1M 3M 1Y
3.353 -1.9 0.1 -20.0 -19.7 -47.8
3.257 -6.5 -3.7 -20.7 -31.3 -75.1
3.265 -6.6 -4.1 -19.0 -33.1 -74.9
3.334 -1.1 0.0 -24.1 -24.0 -53.8 Fund Flow (십억원)
3.342 -6.3 -2.2 -21.2 -34.6 -78.2 YTD
3.357 -6.6 -4.0 -24.6 -46.7 -83.8 34412
3.508 -1.5 1.2 -19.2 -19.2 -61.4 20381.3
3.495 -6.5 -2.8 -22.6 -33.6 -89.8 17219.5
3.670 -6.5 -5.2 -24.9 -45.3 -91.5 36018.7
3.563 -1.5 1.2 -18.5 -22.3 -71.2 750.8
3.587 -6.5 -2.8 -25.0 -40.4 -100.9 *는 T-2일 기준, 펀드는 설정액 및 ETF 제외 기준
3.798 -6.5 -5.5 -26.0 -50.6 -97.7 **는 T-4일 기준
4.503 -1.5 1.2 -20.1 -26.1 -57.3
4.669 -6.5 -2.8 -25.5 -43.2 -79.8
 (십억원)
4.958 -6.5 -4.7 -24.4 -44.4 -75.8
5.225 -1.5 1.2 -20.1 -25.1 -55.8
 AA0 151
5.462 -6.5 -2.8 -24.7 -40.4 -76.3
 AAA 70
5.642 -6.5 -4.7 -24.4 -43.9 -75.4
 AA- 60
5.792 -1.5 1.2 -20.6 -25.6 -57.3
 AA- 50
6.087 -6.5 -2.8 -24.7 -40.4 -74.8 S-Oil55-1 AA0 50
6.283 -6.5 -4.7 -24.4 -43.9 -75
 AAA 50
3.441 -1.4 0.6 -19.3 -22.9 -53.9
 AAA 50
3.423 -5.2 -1.7 -20.3 -34.1 -75.7
 AA0 50
3.430 -5.6 -2.7 -20.5 -40.3 -87.4
 AA0 40
3.461 -1.8 0.2 -19.5 -23.5 -61.7
 AAA 40
3.463 -6.0 -2.6 -19.1 -36.6 -84
 39
3.499 -6.6 -4.6 -23.2 -48.6 -95
 AA- 30
3.487 -1.7 0.6 -19.1 -24.6 -62.9
 AAA 30
3.502 -6.2 -2.7 -19.0 -37.1 -84.2
 AAA 30
3.564 -6.6 -4.7 -23.6 -48.5 -95.1
 AA- 30
3.513 -1.7 0.6 -19.4 -25.8 -63.8
 AAA 25
3.545 -6.1 -2.7 -19.4 -38.4 -86.2
 AAA 20
3.669 -6.6 -4.6 -24.3 -48.8 -95.3
 A- 1641438-4953
-19801
6392
IRS(%) CRS(%) Spread(bp)
1631
-12190522
612-2540
-5893
700
500900
3000
2400
2000
1200
1100
400
3000.000
23990
5300
14000
5100
0
3.100
3.320
3.140
3.230
0
3625.9
121087.2 555.8 2249 6380.21M
205469.5 2146.1 1385 2528.4
1D 1W
156964.5 122.8 1079.4
2025-02-14 3.418 3.3721857
71326.2 -239.2 -283.1 -1248.41652611.5 709.3 4548.8
3.75 3.65
2024-11-04 3.42 3.362027-07-02 3.378 3.39
2024-10-07 3.416 3.33
3.418 3.43
2025-01-13 3.427 3.472026-06-25 3.351 3.35
2027-06-17 3.378 3.37
3.867 3.77
2027-06-25 3.378 3.342029-01-16 3.382 3.38
2025-06-26 - 0.01
3.89 3.832027-07-13 - 3.57
2032-04-26 3.475 3.482025-06-15 3.396 3.3
2027-04-23 3.678 3.66▪
▪
▪
2857.00
850.37105.48
115.55
2025-04-242025-03-102025-06-302026-01-16
MMF*
0
15 Jul. 2024
26-07-02 3.16 210 2.0            
 26-06-10 3.16 -170 1.9          
26-07-12 3.25 170 2.0            
 29-03-10 3.13 -110 4.7          
25-08-02 3.33 100 1.1            
 26-04-02 3.19 -100 1.7          
24-09-10 3.29 100 0.2            
 27-12-10 3.16 -40 3.4          
27-07-12 3.30 80 3.0            
 27-03-10 3.16 -30 2.7          
660 1.7            -450 2.7          
26-07-12 3.30 170 2.0            
 25-09-03 3.13 -130 1.1          
27-07-12 3.30 90 3.0            
 24-09-10 3.26 -100 0.2          
54-03-10 3.09 85 29.7          
 53-03-10 3.09 -31 28.7       
72-09-10 3.04 77 48.2          
 25-02-14 3.35 -30 0.6          
27-07-12 3.66 40 3.0            
 25-09-10 3.14 -30 1.2          
462 15.1          -321 3.4          
25-06-10 3.21 100 0.9            
 26-12-10 3.15 -63 2.4          
26-07-12 3.30 70 2.0            
 29-03-10 3.13 -61 4.7          
26-10-12 3.64 60 2.2            
 53-09-10 3.08 -40 29.2       
26-04-02 3.19 50 1.7            
 33-06-10 3.22 -33 8.9          
25-02-16 3.41 40 0.6            
 25-07-08 3.33 -30 1.0          
320 1.5            -227 8.5          
54-03-10 3.08 77 29.7          
 26-03-10 3.21 -266 1.7          
72-09-10 3.04 60 48.2          
 25-04-02 3.26 -220 0.7          
26-12-10 3.14 16 2.4            
 25-04-20 3.44 -150.0 0.8          
25-09-10 3.19 8 1.2            
 25-07-19 3.38 -100.0 1.0          
29-03-10 3.13 2 4.7            
 25-08-02 3.37 -100.0 1.1          
162 32.2          -836 1.1          
