30y
91d
0 0
0 0
0 0
KR Market
KR Bond(%,bp) YTM 1D 1W 1M
CD91D 3.470 -1.0 -3.0 -10.0
3.067 4.1 -8.1 -12.5
 4.300 3.813 AA+
2.999 10.9 -6.1 -13.1
 3.255 3.294
2.940 12.5 -5.4 -17.5
 3.445 3.266 AA-
2.955 12.5 -5.4 -19.2
 3.425 3.204 AA+
2.997 10.5 -5.8 -21.8
 3.530 3.291 AA+
2.995 8.8 -4.0 -18.2
 3.870 3.363 AA-
KR Credit(%,bp) YTM 1D 1W 1M
 3.454 3.335 AA-
3.483 12.5 -2.5 -13.2
 3.353 3.255 AA+
3.409 12.6 -4.3 -16.3
 2.99 3.023 AAA
6.997 12.5 -5.8 -23.3
 3.870 3.359 AA-
KTB Futures(tick)
 1D 1W
KTBF 3Y -39 22
 (십억계약,%,년)
LKTBF 10Y -108 59
KR Stock(%) Index 1D 1W 1M
KOSPI 3.30 -7.89 -11.88
KOSDAQ 6.02 -8.82 -13.52
FX Market(%) Price 1D 1W 1M
1375.6 0.06 -0.70 -0.34
952.44 -1.21 6.42 10.76
1D(bp) 1D(bp) 1D(bp)
1Y 3.168 8.25 1Y 2.765 3.5
 10.1 4.15
2Y 2.993 10.00 2Y 2.695 10.5
 -0.6 -0.90
3Y 2.910 10.75 3Y 2.63 10.5
 -3.0 -1.75
5Y 2.875 11.25 5Y 2.635 10
 -8.0 -1.25
10Y 2.910 10.75 10Y 2.545 10
 -8.7 0.25
US Bond Market
US Bond(%,bp) YTM 1D 1W 1M
UST2Y 3.979 5.7 -39 -63.5
UST5Y 3.734 9.2 -30.1 -49.7
UST10Y 3.894 10.4 -24.7 -39
UST30Y 4.181 10.7 -21.5 -29.8
KR Credit Market
 (계약수)
Bond Yield(%, bp) Yield 1D 1W 1M 3M 1Y
3.244 3.9 -5.6 -10.8 -34.2 -55.7
3.145 12.1 -4.2 -14.9 -45.8 -89.6
3.147 12.4 -4.0 -15.9 -46.7 -93.2
3.270 4.3 -3.4 -6.4 -36.9 -57.5 Fund Flow (십억원)
3.201 11.3 -4.7 -16.3 -50.7 -98.3 YTD
3.218 11.7 -4.9 -17.9 -59.5 -106.8 37279.6
3.408 4.0 -3.5 -8.8 -33.5 -72.7 31877.3
3.379 11.5 -3.5 -14.4 -46.6 -111.4 8472.9
3.522 12.5 -4.5 -20.0 -59.4 -115.6 33812.3
3.460 4.0 -3.5 -9.1 -35.3 -87.2 -849
3.483 12.5 -2.5 -13.2 -50.3 -125 *는 T-2일 기준, 펀드는 설정액 및 ETF 제외 기준
3.645 12.5 -4.5 -20.8 -63.4 -124 **는 T-4일 기준
4.398 3.5 -4.5 -9.3 -37.6 -69.8
4.544 12.5 -3.0 -15.3 -55.7 -99.8
 (십억원)
4.818 12.5 -4.5 -18.7 -58.2 -100.3
5.120 3.5 -4.5 -9.3 -36.6 -66.3
 AA+ 218
5.337 12.5 -3.0 -15.3 -53.9 -95.8
 105
5.502 12.5 -4.5 -18.7 -57.7 -98.8
 AA- 100
5.687 3.5 -4.5 -9.3 -37.1 -67.3
 AA0 80
5.967 12.5 -3.0 -14.8 -53.4 -93.3
 AAA 60
6.143 12.5 -4.5 -18.7 -57.7 -98
 AA0 50
3.301 3.9 -8.1 -13.4 -35.3 -68.3
 AA- 50
3.283 12.3 -5.0 -15.7 -46.6 -93.8
 AA- 50
3.290 12.5 -5.6 -16.7 -53.3 -109.1
 A+ 50
3.326 4.1 -7.4 -13.3 -35.1 -75.4
 40
3.331 12.6 -4.3 -15.8 -46.0 -103.8
 40
3.359 12.5 -4.9 -18.6 -58.6 -118.9
 A+ 40
3.346 4.0 -7.5 -13.5 -35.9 -77.4 SK297-2 AA+ 40
3.367 12.7 -4.3 -16.2 -46.7 -103.9
 A0 30
3.424 12.5 -4.9 -18.7 -58.8 -118.5
 AAA 20
3.376 4.1 -7.4 -13.1 -36.4 -78.6
 A+ 20
3.409 12.6 -4.3 -16.3 -48.1 -105.8
 20
3.527 12.5 -4.9 -18.8 -59.3 -119.2
 AAA 20526115544
-6389
-10731
IRS(%) CRS(%) Spread(bp)
-7579
-1881-407
-144918
2452
800
700800
7000
5400
1600
1100
1000
600
6000.000
18000
5400
0
0
0
2.805
3.260
0.000
0.000
0
0
0
0
12211.5
112340.6 -4028.2 -5919.3 -7891.71M
208337.1 -641.3 1378.3 5125.7
1D 1W
168460.5 782.0 2163.6
2034-08-06 - 4.292692
69726.4 0 32.2 -2086.71650405.1 0 5951.6
3.251 3.34
2025-06-18 3.234 3.292025-04-30 - 6.1
2026-01-09 3.351 3.4
3.546 3.49
2026-01-30 3.412 3.472027-02-15 3.306 3.41
2026-02-13 3.335 3.39
3.571 3.61
2026-09-13 3.141 3.242027-06-20 - 5
2025-07-18 - 4.42
3.146 3.232025-04-21 3.644 3.66
2034-08-06 - 5.052025-02-21 3.877 3.9
2024-10-28 3.328 3.33▪
▪
▪
2522.15
732.87105.91
117.18
2026-05-222025-02-142025-01-172027-06-03
MMF*
0
0
7 Aug. 2024
27-03-03 2.99 100 2.6            
 25-04-02 3.14 -60 0.7          
26-06-10 2.96 90 1.8            
 24-12-10 3.30 -50 0.3          
29-07-31 3.03 90 5.0            
 25-07-02 3.08 -30 0.9          
26-12-10 2.95 60 2.3            
 25-06-10 3.11 -30 0.8          
26-07-02 2.99 60 1.9            
 25-03-10 3.07 -30 0.6          
400 2.8            -200 0.6          
54-03-10 2.89 322 29.6          
 53-09-10 2.90 -20 29.1       
25-04-02 3.14 110 0.7            
 52-09-10 2.93 -22 28.1       
24-12-10 3.29 70 0.3            
 26-12-10 2.92 -20 2.3          
27-06-10 2.92 59 2.8            
 31-12-10 3.08 -20 7.3          
27-03-20 3.16 40 2.6            
 26-11-09 3.29 -10 2.3          
601 16.5          -92 15.4       
27-06-10 2.92 148 2.8            
 26-06-10 2.99 -58 1.8          
34-06-10 3.00 92 9.8            
 29-03-10 2.94 -33 4.6          
25-08-06 3.53 80 1.0            
 33-06-10 2.99 -32 8.8          
26-04-02 3.02 77 1.7            
 24-11-30 3.42 -30 0.3          
24-08-26 3.53 70 0.1            
 27-01-28 3.18 -20 2.5          
466 3.3            -173 3.5          
25-01-02 3.24 190 0.4            
 24-12-05 3.44 -100 0.3          
27-03-03 2.96 100 2.6            
 26-12-10 2.93 -13 2.3          
25-07-02 3.05 100 0.9            
 54-03-10 2.89 -10.0 29.6       
25-12-10 3.03 75 1.3            
 24-09-10 3.75 -3.6 0.1          
26-03-10 3.01 50 1.6            
 25-06-10 3.16 -3.5 0.8          
515 1.2            -130 2.8          
