3Y
3Y
91d
2Y
3Y
KR Market
KR Bond(%,bp) YTM 1D 1W 1M
CD91D 3.390 -1.0 -11.0 -14.0
2.867 1.1 -0.8 -0.4
 3.100 3.106 AAA
2.900 1.6 -5.5 -1.0
 3.150 3.156 AAA
2.898 2.3 -6.4 7.8
 3.080 3.172 AAA
2.953 3.3 -5.6 12.3
 3.140 3.171 AAA
3.037 3.2 -5.0 11.0
 2.999 3.113 AAA
2.942 3.2 0.8 12.2
 3.155 3.171 AAA
KR Credit(%,bp) YTM 1D 1W 1M
 3.183 3.246 AA+
3.471 2.2 -6.8 1.3
 3.199 3.237 AA+
3.468 2.1 -6.8 6.4
 3.110 3.137 AAA
6.911 2.3 -7.1 6.1
 3.200 3.228 AAA
KTB Futures(tick)
 1D 1W
KTBF 3Y -8 19
 (십억계약,%,년)
LKTBF 10Y -30 47
KR Stock(%) Index 1D 1W 1M
KOSPI -0.04 0.39 1.32
KOSDAQ -0.10 -1.34 4.35
FX Market(%) Price 1D 1W 1M
1368.6 0.44 1.36 2.94
916.29 0.19 0.78 -3.04
1D(bp) 1D(bp) 1D(bp)
1Y 3.100 0.750 1Y 2.83 0
 23.3 -0.3
2Y 2.945 2.000 2Y 2.7 0
 4.5 0.4
3Y 2.895 2.000 3Y 2.71 -1
 -0.3 -0.3
5Y 2.885 2.250 5Y 2.68 -1
 -6.8 -1.1
10Y 2.920 2.750 10Y 2.71 -1
 -11.7 -0.5
US Bond Market
US Bond(%,bp) YTM 1D 1W 1M
UST2Y 4.0 3.2 1.3 36.5
UST5Y 3.9 5.6 1.4 45.6
UST10Y 4.1 7.8 2.9 44.6
UST30Y 4.4 9.4 3.1 43.1
KR Credit Market
 (계약수)
Bond Yield(%, bp) Yield 1D 1W 1M 3M 1Y
3.202 0.6 -3.1 -1.6 -15.9 -83.9
3.158 2.1 -6.9 6.4 -6.6 -130.1
3.204 3.3 -6.4 10.9 -5.1 -135.6
3.202 0.4 -3.7 -3.7 -13.9 -89.9 Fund Flow (십억원)
3.188 2.2 -6.7 6.7 -13.4 -135.9 YTD
3.260 3.2 -6.0 11.1 -8.7 -145.9 27008
3.308 0.5 -3.5 -4.5 -19.5 -94.1 35931.4
3.373 2.0 -6.7 2.9 -8.5 -152.2 17161.4
3.580 3.5 -5.5 10.0 -7.2 -157.3 64214
3.392 0.5 -4.0 -5.3 -16.6 -103.5 -9474.4
3.471 2.2 -6.8 1.3 -7.9 -168.1 *는 T-2일 기준, 펀드는 설정액 및 ETF 제외 기준
3.690 3.5 -5.5 9.2 -9.0 -167 **는 T-4일 기준
4.155 0.5 -4.0 -5.8 -36.3 -107.1
4.415 2.2 -6.8 1.3 -22.6 -151.2
 (십억원)
4.820 3.5 -5.5 9.7 -12.8 -147.1
4.877 0.5 -4.0 -5.8 -36.3 -104.1
 AA- 140
5.208 2.2 -6.8 1.3 -22.6 -147.2
 - 101
5.504 3.5 -5.5 9.7 -12.8 -145.6
 AA- 99
5.444 0.5 -4.0 -5.8 -36.3 -103.6
 AA- 80
5.838 2.2 -6.8 1.3 -22.6 -144.2
 - 70
6.145 3.5 -5.5 9.7 -12.8 -144.8
 - 70
3.246 0.7 -2.5 -0.3 -21.4 -94.6
 AA+ 61
3.323 2.0 -6.3 7.1 -8.4 -125.5
 AAA 60
3.369 3.3 -5.1 11.5 -5.2 -142.6
 AAA 60
3.262 0.5 -3.2 -1.0 -22.2 -100.9
 - 60
3.389 2.1 -6.8 6.9 -5.5 -133.5
 AA+ 50
3.442 3.3 -5.7 11.4 -4.3 -151.7
 AAA 50
3.285 0.5 -3.1 -1.0 -22.1 -102.9
 AA0 50
3.420 2.1 -6.8 6.3 -6.0 -134.4
 AAA 40
3.503 3.3 -5.7 11.0 -4.7 -151.8
 AAA 40
3.314 0.5 -3.2 -1.0 -22.0 -103.7
 AAA 40
3.468 2.1 -6.8 6.4 -5.4 -136.1
 AA+ 40
3.606 3.3 -5.7 10.9 -4.9 -152.5
 AA+ 40▪
▪
▪
2609.30
765.06106.01
116.90
2026-04-232027-04-232027-08-202054-09-24
MMF*
3.334 3.342027-09-06 3.393 3.34
2026-02-06 3.317 3.332026-11-10 3.189 3.22
2026-06-10 3.146 3.23.382 3.32
2027-01-29 3.382 3.362029-06-11 - 4.28
2025-06-26 3.387 3.423.212 3.26
2027-06-25 3.21 3.262025-07-18 - 4.22
2025-09-28 3.313 3.284.79 4.78
2028-12-20 - 3.842029-10-17 - 0
2099-12-31 3.977 4
2026-02-02 3.446 3.42-4144.4
61101 -364.2 -1179.3 -434.51680806.8 296.9 -3401.7
137.8
121029.1 -1078.7 431 5323.91M
198065.5 4137.3 6246.8 9921.6
1D 1W
172514.6 204.7 891.6
2.940
10000
6000
8000
7000
11000
2.920
2.915
2.980
2.910
600
6001100
2200
2200
1100
500
1900
300
1000
17737-4222
-20642
1338
IRS(%) CRS(%) Spread(bp)
1364
3631574
1094260
-831
18 Oct. 2024
26-10-17 3.10 220 2.0            
 26-07-02 2.95 -60 1.7          
27-09-03 2.95 80 2.9            
 28-09-10 2.98 -50 3.9          
29-10-17 3.38 60 5.0            
 24-12-10 3.11 -50 0.1          
29-10-17 3.16 60 5.0            
 54-09-10 2.91 -35 29.9       
29-03-10 2.97 59 4.4            
 32-12-10 3.08 -20 8.2          
479 3.2            -215 7.0          
54-10-16 3.00 180 30.0          
 29-03-10 2.97 -47 4.4          
26-07-02 2.96 170 1.7            
 30-06-10 3.05 -30 5.6          
27-10-17 3.17 120 3.0            
 26-02-02 3.42 -20 1.3          
34-06-10 3.02 57 9.7            
 31-12-10 3.07 -10 7.2          
24-12-10 3.11 50 0.1            
 53-03-10 2.95 -10 28.4       
577 11.5          -117 6.5          
27-10-15 3.55 100 3.0            
 34-06-10 3.03 -63 9.7          
26-04-17 3.20 80 1.5            
 26-07-02 2.96 -30 1.7          
54-09-24 4.79 61 30.0          
 54-03-10 2.92 -20 29.4       
26-08-22 3.17 40 1.8            
 26-12-21 4.20 -20 2.2          
27-04-16 3.53 40 2.5            
 26-06-10 2.96 -20 1.6          
321 7.5            -153 8.7          
27-03-03 2.94 200 2.4            
 28-12-10 2.99 -100 4.2          
31-12-10 3.06 100 7.2            
 28-03-10 2.97 -87 3.4          
34-06-10 3.00 74 9.7            
 26-03-10 2.95 -50.0 1.4          
29-03-10 2.94 62 4.4            
 25-01-02 3.12 -27.0 0.2          
26-09-10 2.90 58 1.9            
 24-12-10 2.97 -24.4 0.1          
493 4.6            -288 2.7          
