10y
10y
91d
2y
0 0
KR Market
KR Bond(%,bp) YTM 1D 1W 1M
CD91D 3.400 0.0 0.0 -13.0
2.850 0.2 -0.6 -1.9
 3.170 3.180 AAA
2.920 0.3 3.6 0.0
 3.120 3.217 AAA
2.932 -1.0 5.7 7.2
 3.339 3.289 AA+
3.007 -0.5 8.7 10.4
 3.205 3.191 AAA
3.127 0.0 12.2 10.2
 3.230 3.175 AAA
3.023 -0.7 11.3 8.3
 3.310 3.315 AAA
KR Credit(%,bp) YTM 1D 1W 1M
 3.703 4.553 A-
3.507 -0.7 5.8 3.4
 4.135 5.389 A-
3.501 -1.3 5.4 5.7
 3.310 3.315 AAA
6.941 -1.3 5.3 5.1
 6.567 - BBB
KTB Futures(tick)
 1D 1W
KTBF 3Y 0 -15
 (십억계약,%,년)
LKTBF 10Y -1 -91
KR Stock(%) Index 1D 1W 1M
KOSPI 1.12 -0.41 -0.09
KOSDAQ 0.93 -2.69 -1.32
FX Market(%) Price 1D 1W 1M
1382.2 0.15 1.44 3.47
904.84 -1.01 -1.06 -2.68
1D(bp) 1D(bp) 1D(bp)
1Y 3.115 0.000 1Y 2.78 -3.5
 26.5 -0.2
2Y 2.995 0.000 2Y 2.69 0
 7.5 -0.3
3Y 2.955 0.000 3Y 2.69 -1
 2.3 1.0
5Y 2.960 0.000 5Y 2.69 -2.5
 -4.7 0.5
10Y 3.008 -0.250 10Y 2.765 -2.5
 -12.0 -0.2
US Bond Market
US Bond(%,bp) YTM 1D 1W 1M
UST2Y 4.1 4.7 14.0 49.3
UST5Y 4.1 4.9 21.3 55.1
UST10Y 4.2 3.9 23.3 49.7
UST30Y 4.5 2.3 22.4 42.8
KR Credit Market
 (계약수)
Bond Yield(%, bp) Yield 1D 1W 1M 3M 1Y
3.183 0.0 -1.3 -3.7 -13.2 -87.1
3.180 -1.1 4.3 5.0 -1.2 -127.2
3.249 -0.5 7.8 8.1 2.9 -130.6
3.201 0.4 0.3 -3.8 -11.3 -91 Fund Flow (십억원)
3.221 -1.0 5.5 6.2 -5.0 -129.6 YTD
3.310 -0.5 8.2 8.6 0.7 -138.7 27930.1
3.306 0.8 0.3 -3.7 -15.7 -95.3 36190.4
3.411 -0.7 5.8 4.7 -0.5 -146.2 16884.7
3.632 -0.5 8.7 8.7 2.3 -151.8 80619.2
3.390 0.8 0.3 -4.5 -12.5 -104.7 -8679.6
3.507 -0.7 5.8 3.4 0.2 -162.3 *는 T-2일 기준, 펀드는 설정액 및 ETF 제외 기준
3.740 -0.5 8.5 8.2 0.8 -161.7 **는 T-4일 기준
4.145 0.5 -0.5 -5.8 -32.3 -109.6
4.443 -1.0 5.0 2.1 -14.6 -146.2
 (십억원)
4.870 -0.5 8.5 8.2 -3.5 -141.8
4.867 0.5 -0.5 -5.8 -32.3 -106.6
 AAA 170
5.236 -1.0 5.0 2.1 -14.6 -142.2
 AA+ 150
5.554 -0.5 8.5 8.2 -3.5 -140.3
 AA- 100
5.434 0.5 -0.5 -5.8 -32.3 -106.1
 AAA 100
5.866 -1.0 5.0 2.1 -14.6 -139.2
 AA- 100
6.195 -0.5 8.5 8.2 -3.5 -139.5
 AAA 80
3.232 0.2 -0.7 -2.3 -18.3 -96.7
 AAA 80
3.358 -1.0 5.5 6.2 0.5 -120.6
 - 80
3.425 -0.5 8.9 9.8 4.3 -134.4
 AA- 80
3.247 0.0 -1.0 -2.8 -18.7 -102.8
 AA- 80
3.422 -1.4 5.4 6.2 3.0 -128.5
 A- 62
3.496 -0.7 8.7 9.8 5.1 -144.4
 AAA 60
3.269 0.0 -1.1 -2.8 -18.7 -104.9
 AA- 60
3.453 -1.3 5.4 5.7 2.5 -129.4
 - 60
3.557 -0.7 8.7 9.4 4.8 -144.7
 A- 56
3.298 0.0 -1.1 -2.8 -18.6 -105.7
 AA0 50
3.501 -1.3 5.4 5.7 3.1 -131.1
 AA0 50
3.660 -0.6 8.7 9.3 4.7 -145.4
 A+ 4522595756
-7275
-10152
IRS(%) CRS(%) Spread(bp)
2616
2665131
1046757
861
1000
5005000
2000
3000
1000
2000
2300
2600
5000.000
9000
6000
8000
28200
0
3.050
3.020
2.930
2.970
0
524.4
120752.4 -560.7 -1355.4 3813.11M
198987.6 292.8 5059.4 7501.3
1D 1W
172773.6 197.2 463.7
2025-05-25 3.291 3.2512260.8
61895.8 352.3 430.6 360.31697212 2950.6 16702.1
3.262 3.27
2026-10-08 3.291 3.332025-02-07 3.464 3.53
2026-01-15 3.406 3.41
- 3.3
2027-01-11 3.458 3.442025-01-13 3.402 3.42
2026-06-26 3.239 3.27
3.324 3.37
2025-04-28 3.457 3.52027-10-07 3.481 3.5
2027-10-22 - 3.69
- 3.952025-01-27 3.477 3.44
2026-11-25 3.441 3.442028-11-03 - 3.65
2029-10-23 - 4.1▪
▪
▪
2599.62
745.19105.86
115.99
2027-10-222025-04-122030-07-262027-01-15
MMF*
0
24 Oct. 2024
26-06-10 3.01 260 1.6            
 26-07-02 3.00 -60 1.7          
29-10-23 3.31 230 5.0            
 26-08-05 3.17 -50 1.8          
26-10-02 2.95 180 1.9            
 28-09-10 3.05 -30 3.9          
27-09-03 3.01 120 2.9            
 26-01-02 2.98 -30 1.2          
27-10-23 3.21 120 3.0            
 25-09-03 2.86 -20 0.9          
910 2.9            -190 1.9          
34-06-10 3.15 146 9.6            
 25-06-10 2.93 -100 0.6          
26-10-23 3.23 100 2.0            
 52-03-10 3.03 -34 27.4       
26-06-10 3.01 53 1.6            
 31-12-10 3.18 -20 7.1          
27-10-23 3.21 50 3.0            
 25-07-02 2.86 -20 0.7          
29-10-23 3.31 50 5.0            
 25-03-10 2.89 -20 0.4          
399 5.2            -194 6.0          
27-06-10 2.96 78 2.6            
 27-03-03 3.01 -50 2.4          
54-09-10 2.97 69 29.9          
 28-03-10 3.03 -45 3.4          
29-10-23 3.31 60 5.0            
 54-03-10 2.99 -31 29.4       
27-10-22 3.61 60 3.0            
 25-02-07 3.53 -30 0.3          
26-08-05 3.17 50 1.8            
 26-06-10 3.00 -23 1.6          
317 9.0            -179 6.9          
25-08-23 3.20 300 0.8            
 27-06-10 2.95 -40 2.6          
26-04-23 3.17 200 1.5            
 25-06-10 2.95 -10 0.6          
26-12-10 2.98 105 2.1            
 36-09-10 3.16 -7.1 11.9       
54-09-10 2.97 56 29.9          
 26-03-10 2.96 -4.6 1.4          
25-09-09 2.86 50 0.9            
 29-12-10 3.12 -4.4 5.1          
711 3.5            -66 3.4          
