0 0
0 0
0 0
0 0
0 0
KR Market
KR Bond(%,bp) YTM 1D 1W 1M
CD91D 3.520 0.0 -1.0 1.0
2.822 -0.8 -3.1 -16.9
 3.190 3.192 AAA
2.845 3.5 -3.3 -14.0
 2.961 - -
2.825 4.3 0.5 -10.2
 3.120 3.127 AAA
2.896 5.4 0.6 -9.4
 4.671 - A
2.995 6.0 -0.2 -5.2
 3.161 3.378 AA-
2.886 5.0 -2.7 -19.9
 3.131 3.378 AA-
KR Credit(%,bp) YTM 1D 1W 1M
 3.134 - AA
3.432 4.5 0.7 -16.8
 3.090 3.165 AAA
3.415 3.7 0.7 -9.1
 3.070 3.228 AAA
6.850 4.0 0.1 -12.9
 3.432 3.303 AA-
KTB Futures(tick)
 1D 1W
KTBF 3Y -15 -3
 (십억계약,%,년)
LKTBF 10Y -57 13
KR Stock(%) Index 1D 1W 1M
KOSPI 0.31 -3.02 -0.43
KOSDAQ 0.90 -0.71 5.09
FX Market(%) Price 1D 1W 1M
1333.7 1.09 1.15 -0.63
921.78 0.48 0.68 0.11
1D(bp) 1D(bp) 1D(bp)
1Y 3.093 2.750 1Y 2.76 4.5
 27.1 3.5
2Y 2.880 5.000 2Y 2.56 5.5
 3.5 1.5
3Y 2.820 5.750 3Y 2.58 5.5
 -0.5 1.4
5Y 2.798 6.500 5Y 2.61 5
 -9.9 1.1
10Y 2.848 7.500 10Y 2.65 5
 -14.8 1.5
US Bond Market
US Bond(%,bp) YTM 1D 1W 1M
UST2Y 3.926 21.9 36.5 16.8
UST5Y 3.806 17.7 30.1 25.5
UST10Y 3.969 12.1 21.7 21.2
UST30Y 4.252 7.3 14.7 19.2
KR Credit Market
 (계약수)
Bond Yield(%, bp) Yield 1D 1W 1M 3M 1Y
3.176 -0.8 -2.9 -13.6 -17.6 -86.3
3.100 4.4 0.8 -9.4 -19.4 -137.4
3.162 5.6 0.8 -5.0 -14.4 -141.5
3.189 -0.2 -2.5 -15.6 -14.5 -93.7 Fund Flow (십억원)
3.128 4.4 0.8 -9.9 -23.6 -146.4 YTD
3.213 5.3 0.4 -5.6 -18.4 -154.2 7829.6
3.291 -1.0 -2.0 -16.9 -20.5 -95.8 34288.3
3.328 4.5 0.7 -15.8 -19.5 -158.8 15166.3
3.530 5.3 1.0 -8.0 -19.2 -164.5 66419.4
3.380 -1.0 -2.0 -16.7 -17.1 -105.7 -8161.9
3.432 4.5 0.7 -16.8 -18.3 -175.6 *는 T-2일 기준, 펀드는 설정액 및 ETF 제외 기준
3.643 5.3 1.0 -8.5 -21.0 -173.9 **는 T-4일 기준
4.143 -1.0 -2.0 -19.2 -34.8 -109.8
4.376 4.5 0.7 -16.3 -32.1 -159.9
 (십억원)
4.773 5.3 1.0 -8.0 -23.2 -154.5
4.865 -1.0 -2.0 -19.2 -34.8 -106.8
 AA- 210
5.169 4.5 0.7 -16.3 -32.1 -155.9
 AAA 80
5.457 5.3 1.0 -8.0 -23.2 -153
 AAA 70
5.432 -1.0 -2.0 -19.2 -34.8 -106.3
 AA- 50
5.799 4.5 0.7 -16.3 -31.6 -152.9
 AAA 50
6.098 5.3 1.0 -8.0 -23.2 -152.2
 AAA 50
3.217 -0.4 -2.0 -10.9 -21.8 -99.3
 AAA 40
3.270 4.1 0.7 -6.9 -17.0 -134.9
 A+ 40
3.317 5.4 0.6 -4.7 -14.0 -151.4
 AA 40
3.239 -0.3 -1.8 -11.4 -22.0 -104.7
 AAA 40
3.336 3.9 0.9 -8.6 -15.3 -143.2 KT&G3-1 AAA 40
3.395 5.1 0.5 -5.8 -15.0 -160
 AAA 30
3.261 -0.4 -1.9 -11.3 -22.0 -106.8
 AA- 30
3.367 3.7 0.7 -9.2 -16.2 -143.7
 AA- 30
3.456 4.9 0.1 -6.1 -15.5 -160.2
 AAA 20
3.291 -0.3 -1.8 -11.2 -21.6 -107.5
 - 20
3.415 3.7 0.7 -9.1 -15.7 -145.2
 AAA 20
3.560 4.9 0.1 -6.1 -15.5 -160.7
 AA0 20▪
▪
▪
2569.71
768.98106.27
117.34
2025-01-132027-03-252026-04-272025-06-23
MMF*
0
0
3.46 3.552027-06-21 - 4.15
2028-10-18 3.157 3.222026-10-02 - 3.43
2025-04-29 3.329 3.453.126 3.17
2026-09-12 3.247 3.292026-06-19 3.084 3.13
2026-04-24 3.093 3.163.333 3.37
2029-10-04 - 3.172026-05-28 3.084 3.13
2027-02-22 3.141 3.193.472 3.54
2029-10-04 - 3.182026-06-26 3.136 3.18
2027-10-01 - 3.07
2024-10-11 4.192 3.9212715.8
62413.5 268.5 982.5 -2288.11683012.2 -866.1 10372.2
-433.9
119034 34.1 985 3349.91M
178887.1 2729.9 -8679.7 -18281
1D 1W
170871.5 567.5 -1353.5
0
0
0
0
0
0
0
0
0.000
0
0
0
0
0
0.000
0.000
0.000
0.000
1300
10001300
2500
1900
1900
1400
1300
900
900
3947609
-282
-10771
IRS(%) CRS(%) Spread(bp)
335
-1747-313
-2731722
-1397
7 Oct. 2024
27-10-04 3.00 180 3.0            
 34-06-10 2.99 -59 9.7          
26-10-02 2.85 150 2.0            
 26-12-10 2.87 -20 2.2          
29-09-30 3.10 130 5.0            
 26-07-24 3.32 -20 1.8          
25-10-02 2.84 90 1.0            
 27-03-05 3.29 -10 2.4          
25-10-02 3.19 60 1.0            
 27-01-26 3.35 -10 2.3          
610 2.7            -119 5.9          
34-06-10 3.00 103 9.7            
 34-06-10 2.99 -59 9.7          
26-06-10 2.89 90 1.7            
 26-12-10 2.85 -31 2.2          
26-03-10 2.90 60 1.4            
 28-02-27 3.10 -30 3.4          
25-12-10 2.91 50 1.2            
 26-03-10 2.89 -30 1.4          
33-12-10 3.02 40 9.2            
 26-12-10 2.87 -20 2.2          
343 4.8            -170 4.9          
26-04-04 3.12 130 1.5            
 26-12-10 2.86 -43 2.2          
34-06-10 2.99 60 9.7            
 54-03-10 2.87 -36 29.4       
25-10-02 2.84 40 1.0            
 24-11-17 3.53 -30 0.1          
25-01-03 3.50 30 0.2            
 24-12-14 3.50 -30 0.2          
24-10-11 3.92 30 0.0            
 27-02-22 3.19 -20 2.4          
290 2.8            -159 7.5          
25-10-02 2.83 120 1.0            
 26-09-10 2.86 -419 1.9          
29-09-10 2.89 91 4.9            
 27-06-10 2.82 -150 2.7          
32-06-10 3.04 50 7.7            
 27-12-10 2.85 -50.0 3.2          
31-12-10 3.02 40 7.2            
 25-09-10 2.80 -50.0 0.9          
54-03-10 2.88 13 29.4          
 51-03-10 2.67 -51.8 26.4       
314 5.2            -721 3.9          
