3Y
91d
0 0
0 0
0 0
KR Market
KR Bond(%,bp) YTM 1D 1W 1M
CD91D 3.280 0.0 0.0 -15.0
2.695 -0.9 1.6 -13.2
 2.960 2.963
2.650 -4.2 0.7 -27.5
 -2.897 AAA
2.574 -4.8 0.9 -30.8
 -2.835 AAA
2.572 -6.2 -1.8 -36.5
 -2.858 AAA
2.672 -7.2 -2.8 -36.5
 2.920 2.892 AAA
2.565 -8.0 -8.7 -42.3
 3.127 - AA
KR Credit(%,bp) YTM 1D 1W 1M
 3.183 3.226 AA-
3.217 -3.7 2.0 -26.0
 -2.897 AAA
3.171 -4.5 1.0 -27.9
 -2.858 AAA
6.536 -4.4 1.2 -31.3
 3.030 2.993 AAA
KTB Futures(tick)
 1D 1W
KTBF 3Y 14.0 2.0
 (십억계약,%,년)
LKTBF 10Y 70.0 41.0
KR Stock(%) Index 1D 1W 1M
KOSPI -2.78 -3.83 -7.83
KOSDAQ -5.19 -7.23 -15.65
FX Market(%) Price 1D 1W 1M
1,437.0 1.25 2.55 3.65
954.1 0.93 2.27 4.09
1D(bp) 1D(bp) 1D(bp)
1Y 2.778 -3.8 1Y 2.500 -10.5
 8.3 -2.8
2Y 2.593 -6.5 2Y 2.360 -6.5
 -5.8 -2.3
3Y 2.535 -6.0 3Y 2.320 -7.5
 -3.9 -1.2
5Y 2.508 -6.5 5Y 2.275 -9.5
 -6.5 -0.3
10Y 2.535 -6.7 10Y 2.305 -9.5
 -13.7 0.5
US Bond Market
US Bond(%,bp) YTM 1D 1W 1M
UST2Y 4.127 1.9 -5.7 -12.9
UST5Y 4.076 4.0 -1.2 -11.7
UST10Y 4.206 5.0 1.1 -10.1
UST30Y 4.389 5.0 2.5 -8.2
KR Credit Market
 (계약수)
Bond Yield(%, bp) Yield 1D 1W 1M 3M 1Y
3.006 -0.3 1.2 -18.1 -22.7 -85.7
2.835 -5.4 0.3 -30.1 -30.5 -95.6
2.858 -5.4 -0.8 -32.6 -30.4 -92.1
2.993 -0.7 -0.8 -24.0 -27.6 -90.3 Fund Flow (십억원)
2.868 -4.7 1.0 -30.4 -30.5 -104.4 YTD
2.892 -5.7 -1.4 -34.9 -32.9 -112 26,589
3.206 0.0 2.0 -13.1 -19.7 -81.3 41,974
3.125 -3.7 2.0 -25.6 -29.9 -104.5 18,393
3.213 -5.8 -1.3 -34.7 -35.2 -114 95,431
3.279 0.0 2.0 -13.7 -21.1 -90.8 -10,548
3.217 -3.7 2.0 -26.0 -32.1 -117.8 *는 T-2일 기준, 펀드는 설정액 및 ETF 제외 기준
3.321 -5.8 -1.3 -34.7 -36.2 -123.9 **는 T-4일 기준
3.972 0.0 2.5 -16.3 -28.6 -106.4
4.092 -3.7 2.5 -29.5 -39.0 -118.8
 (십억원)
4.441 -5.8 -1.3 -35.7 -36.7 -107.7
4.689 0.0 2.5 -16.3 -29.1 -103.9
 - 65
4.885 -3.7 2.5 -29.5 -39.0 -114.8
 - 60
5.125 -5.8 -1.3 -35.7 -36.7 -106.2
 - 50
5.261 0.0 2.5 -16.3 -28.6 -102.9
 AA+ 40
5.525 -3.7 2.5 -29.0 -38.0 -110.8
 AA- 40
5.766 -5.8 -1.3 -35.7 -36.7 -105.4
 AAA 30
3.124 -1.0 1.1 -11.1 -14.2 -85
 AA+ 30
3.012 -4.6 1.2 -28.5 -27.6 -93.2
 - 24
2.997 -5.8 -1.2 -34.7 -31.8 -102.1
 AAA 24
3.149 -0.6 1.7 -11.0 -14.5 -89
 AAA 23
3.096 -4.5 1.1 -27.6 -26.7 -95.9
 AAA 23
3.094 -5.6 -1.1 -33.0 -30.8 -109.6
 AAA 22
3.173 -0.6 1.7 -11.0 -14.2 -90.6
 AAA 22
3.124 -4.4 1.2 -27.8 -27.7 -97.2
 AAA 22
3.153 -5.6 -1.1 -33.2 -31.3 -109.9
 AAA 22
3.202 -0.7 1.7 -11.0 -14.2 -91.5
 AA+ 20
3.171 -4.5 1.0 -27.9 -27.6 -99 S-Oil56-1 AA0 20
3.256 -5.6 -1.1 -33.2 -31.5 -110.8
 AAA 20▪
▪
▪
2,360.6
627.0106.9
120.3
2025-08-082026-04-092025-12-092030-02-13
MMF*
0
0
3.215 3.252026-02-06 3.173 3.16
2025-03-10 3.29 3.232026-08-09 - 3.14
2026-10-09 - 3.14- 3.14
2026-06-09 - 3.132025-10-09 - 3.25
2026-02-09 - 3.16- 4.4
2025-08-09 - 3.312026-08-26 3.021 3.03
2025-05-23 3.442 3.373.023 3
2026-04-08 3.241 3.242025-12-09 - 4.5
2025-12-09 - 4.5
2031-06-10 - 3.7710,674
60,027 0 82 -8171,712,024 0 3,499
1,454
122,261 51 1,767 1,6871M
197,646 -1,742 2,027 -3,756
1D 1W
178,557 -278 690
0
0
0
0
0.000
2,000
5,000
0
0
0
2.530
2.960
0.000
0.000
1,100
1,0001,400
5,000
3,000
2,000
2,000
2,000
900
800
-3,472-4,954
-9,533
4,113
IRS(%) CRS(%) Spread(bp)
-2,427
6,543636
1,7251,618
1,733
10 Dec. 2024
26-12-09 2.88 260 2.0            
 27-06-10 2.61 -65 2.5          
25-03-11 2.99 260 0.3            
 30-06-10 2.76 -60 5.5          
26-06-09 2.90 240 1.5            
 26-03-10 2.70 -50 1.2          
25-10-09 3.05 110 0.8            
 27-09-03 2.70 -50 2.7          
25-01-02 3.36 60 0.1            
 34-06-10 2.74 -36 9.5          
930 1.1            -261 4.0          
26-12-09 2.92 200 2.0            
 25-10-02 2.70 -100 0.8          
25-04-02 2.84 78 0.3            
 25-12-10 2.69 -30 1.0          
29-09-10 2.62 40 4.8            
 31-12-10 2.77 -20 7.0          
28-09-10 2.63 27 3.8            
 26-06-10 2.69 -20 1.5          
34-06-10 2.71 25 9.5            
 54-03-10 2.56 -13 29.3       
370 2.6            -183 3.6          
27-02-09 3.90 250 2.2            
 29-03-10 2.68 -60 4.3          
27-06-10 2.60 167 2.5            
 25-06-21 3.30 -60 0.5          
29-09-10 2.62 143 4.8            
 25-01-02 3.36 -60 0.1          
27-12-09 3.15 80 3.0            
 25-07-03 3.29 -50 0.6          
26-12-09 2.88 80 2.0            
 26-12-10 2.67 -30 2.0          
720 2.8            -260 1.5          
26-09-10 2.67 108 1.8            
 29-06-10 2.71 -100 4.5          
27-03-03 2.67 100 2.2            
 52-03-10 2.58 -81 27.3       
25-03-11 2.97 80 0.3            
 25-03-10 2.98 -50 0.2          
26-03-10 2.69 50 1.2            
 25-01-27 3.13 -50 0.1          
26-04-02 2.71 50 1.3            
 31-06-10 2.77 -10 6.5          
388 1.4            -292 9.5          
