30y
91d
0 0
0 0
0 0
KR Market
KR Bond(%,bp) YTM 1D 1W 1M
CD91D 3.600 0.0 -1.0 2.0
3.373 -0.7 -0.8 -5.8
 3.620 - AAA
3.365 -3.4 -6.3 -13.7
 3.555 3.552 AAA
3.343 -4.9 -7.7 -16.2
 4.003 3.850 AA-
3.367 -5.0 -9.8 -18.5
 4.033 3.879 AA-
3.432 -4.0 -10.3 -18.5
 4.073 3.926 AA-
3.365 -3.5 -11.2 -16.5
 3.553 3.557 AAA
KR Credit(%,bp) YTM 1D 1W 1M
 4.953 5.020 A+
3.874 -5.0 -9.5 -17.0
 4.953 5.021 A+
3.769 -4.5 -7.5 -19.6
 5.05 5.337 A+
7.476 -4.9 -8.5 -27.0
 4.033 3.879 AA-
KTB Futures(tick)
 1D 1W
KTBF 3Y 15 34
 (십억계약,%,년)
LKTBF 10Y 45 128
KR Stock(%) Index 1D 1W 1M
KOSPI 1.03 0.46 0.48
KOSDAQ 0.58 1.47 -1.71
FX Market(%) Price 1D 1W 1M
1373 -0.22 0.59 0.75
878.78 -0.82 1.16 -1.21
1D(bp) 1D(bp) 1D(bp)
1Y 3.500 -1.25 1Y 3.395 -4
 12.7 -0.55
2Y 3.398 -4.00 2Y 3.205 -3.5
 3.2 -0.60
3Y 3.348 -4.50 3Y 3.19 -3.5
 0.5 0.40
5Y 3.308 -5.25 5Y 3.18 -5
 -5.9 -0.25
10Y 3.320 -4.50 10Y 3.02 -5
 -11.2 -0.50
US Bond Market
US Bond(%,bp) YTM 1D 1W 1M
UST2Y 4.734 0.3 -20.1 -10.5
UST5Y 4.305 0.4 -26.9 -17.2
UST10Y 4.292 1.1 -25.9 -17
UST30Y 4.439 0.7 -24.5 -16.2
KR Credit Market
 (계약수)
Bond Yield(%, bp) Yield 1D 1W 1M 3M 1Y
3.561 -1.1 -2.0 -6.3 -8.1 -23.3
3.502 -5.0 -7.2 -17.0 -8.1 -38.8
3.512 -4.5 -8.7 -17.7 -8.1 -37.9
3.587 -2.1 -3.9 -9.2 -8.6 -27.3 Fund Flow (십억원)
3.593 -4.9 -8.8 -18.3 -11.4 -45.2 YTD
3.665 -4.7 -10.9 -22.6 -17.3 -43.9 34980.8
3.712 -0.5 -2.5 -6.9 -3.5 -31.8 17138.1
3.753 -4.5 -9.0 -15.5 -12.3 -49.1 9317.5
3.979 -5.0 -10.8 -21.4 -17.0 -55.2 22865
3.760 -1.0 -3.5 -9.1 -12.8 -38.8 2281.8
3.874 -5.0 -9.5 -17.0 -22.2 -57*는 T-2일 기준, 펀드는 설정액 및 ETF 제외 기준
4.118 -5.5 -11.8 -23.8 -22.5 -62.7 **는 T-4일 기준
4.721 -0.5 -3.0 -9.6 -11.3 -31
4.966 -5.5 -10.0 -19.8 -14.2 -37.7
 (십억원)
5.262 -5.5 -11.3 -21.5 -9.8 -36.2
5.438 -0.5 -3.0 -9.1 -10.3 -29.5
 AA- 110
5.751 -5.5 -10.0 -18.8 -11.5 -36.5
 AAA 100
5.946 -5.5 -11.3 -21.0 -8.8 -36.3
 AA- 100
6.010 -0.5 -3.0 -9.1 -10.3 -31.5
 AA+ 80
6.376 -5.5 -10.0 -18.8 -11.5 -35
 75
6.587 -5.5 -11.3 -21.0 -8.8 -35.9
 70
3.643 -1.0 -1.8 -4.8 -7.1 -29
 AAA 60
3.651 -4.3 -8.2 -16.7 -9.3 -43.3
 AA- 50
3.691 -5.0 -10.7 -20.9 -12.5 -52.3
 AAA 50
3.658 -1.2 -2.5 -5.3 -11.0 -36.8
 AA- 50
3.682 -4.5 -7.8 -18.0 -16.9 -52.1
 AAA 40
3.800 -5.3 -11.0 -22.3 -19.5 -55.8
 AAA 40
3.689 -1.1 -2.3 -5.1 -12.0 -37.9
 AAA 40
3.722 -4.5 -7.8 -18.5 -17.1 -52.1
 40
3.869 -5.3 -11.1 -22.2 -19.0 -55.3
 AAA 30
3.718 -1.2 -2.1 -5.6 -13.1 -39.1
 AAA 30
3.769 -4.5 -7.5 -19.6 -18.4 -53.5
 AAA 30
3.980 -5.4 -10.8 -21.9 -18.7 -55.2
 AA0 3017889-10056
-8524
13113
IRS(%) CRS(%) Spread(bp)
-2730
-4511-221
-231164
-2292
400
400900
2000
1200
1200
1200
1000
200
2000.000
38000
5400
0
0
0
3.380
3.450
0.000
0.000
0
0
0
0
2817.5
113185.2 51.5 -357.5 954.91M
206038.3 1070.4 -3378.2 -4518.9
1D 1W
153721.3 202.6 424.4
2028-04-25 4.389 4.1914824
72857.2 0 3416.6 2018.21639457.8 0 3977
3.911 3.92
2030-07-26 - 4.172025-03-23 3.586 3.61
2027-01-29 3.924 3.88
3.862 3.87
2025-01-13 3.601 3.612028-12-20 - 4.98
2024-12-18 3.575 3.59
3.595 3.57
2027-05-21 3.606 3.582027-06-04 3.76 3.74
2027-01-24 3.614 3.6
3.608 3.672026-01-28 3.595 3.6
2024-11-28 3.61 3.632030-07-26 - 4.35
2025-08-11 3.595 3.6▪
▪
▪
2689.50
850.75104.64
113.18
2024-07-092026-08-282024-06-272025-02-27
MMF*
0
0
7 June. 2024
24-08-09 3.57 400 0.2            
 28-09-10 3.38 -100 4.3          
26-04-02 3.37 220 1.8            
 26-06-10 3.37 -70 2.0          
27-03-03 3.39 70 2.7            
 26-08-03 3.48 -60 2.2          
27-06-04 3.56 50 3.0            
 25-06-20 3.54 -50 1.0          
31-06-10 3.42 50 7.0            
 26-05-02 3.47 -50 1.9          
790 1.5            -330 2.6          
54-03-10 3.30 115 29.8          
 33-12-10 3.43 -132 9.5          
25-03-10 3.36 46 0.8            
 53-09-10 3.32 -105 29.3       
30-07-26 4.34 25 6.1            
 25-07-02 3.38 -60 1.1          
27-06-03 4.95 25 3.0            
 24-12-10 3.30 -40 0.5          
27-06-04 4.95 22 3.0            
 26-12-10 3.35 -35 2.5          
233 16.1          -371 12.1       
27-06-10 3.34 107 3.0            
 24-07-04 3.59 -140 0.1          
24-08-09 3.57 106 0.2            
 33-12-10 3.44 -129 9.5          
25-06-05 3.62 70 1.0            
 26-12-10 3.35 -121 2.5          
26-12-03 4.03 70 2.5            
 26-06-10 3.37 -80 2.0          
52-09-10 3.31 62 28.3          
 24-07-01 3.55 -50 0.1          
415 5.6            -520 3.3          
24-08-09 3.58 451 0.2            
 24-09-10 3.45 -170 0.3          
26-03-10 3.38 105 1.8            
 27-09-10 3.38 -25 3.3          
31-06-10 3.42 90 7.0            
 25-03-10 3.38 -20 0.8          
33-12-10 3.43 61 9.5            
 28-03-10 3.38 -20.0 3.8          
54-03-10 3.30 60 29.8          
 26-12-10 3.39 -20.0 2.5          
766 4.2            -255 1.0          
