5y
20y
0 0
0 0
0 0
KR Market
KR Bond(%,bp) YTM 1D 1W 1M
CD91D 3.600 0.0 0.0 4.0
3.375 0.8 2.1 -5.6
 3.610 3.619 AAA
3.430 1.2 3.0 -6.5
 3.667 - AAA
3.415 1.5 4.0 -9.2
 3.670 3.619 AAA
3.440 2.0 3.0 -14.2
 5.060 - A+
3.507 4.2 5.2 -14.5
 3.640 3.624 AAA
3.440 2.5 4.3 -12.5
 3.860 3.855 AA+
KR Credit(%,bp) YTM 1D 1W 1M
 3.779 3.762 AA+
3.971 1.5 3.7 -8.5
 5.025 5.059 A+
3.852 1.6 3.4 -13.1
 5.00 - A+
7.568 0.2 0.5 -23.5
 5.025 5.057 A+
KTB Futures(tick)
 1D 1W
KTBF 3Y -6 -11
 (십억계약,%,년)
LKTBF 10Y -39 -57
KR Stock(%) Index 1D 1W 1M
KOSPI -1.26 -1.36 0.44
KOSDAQ -0.85 -1.83 -2.65
FX Market(%) Price 1D 1W 1M
1369.5 0.52 1.08 0.02
872.02 0.34 0.38 -1.35
1D(bp) 1D(bp) 1D(bp)
1Y 3.545 0.50 1Y 3.51 0.5
 17.0 -0.30
2Y 3.460 1.00 2Y 3.315 4
 3.0 -0.20
3Y 3.413 1.75 3Y 3.3 4
 -0.2 0.25
5Y 3.388 3.25 5Y 3.255 4
 -5.2 1.25
10Y 3.390 4.00 10Y 3.095 3.5
 -11.7 -0.20
US Bond Market
US Bond(%,bp) YTM 1D 1W 1M
UST2Y 4.957 1.1 12.2 2
UST5Y 4.534 -0.3 8.3 -12.8
UST10Y 4.47 -1.1 4.5 -17.6
UST30Y 4.575 -0.8 1.3 -19.9
KR Credit Market
 (계약수)
Bond Yield(%, bp) Yield 1D 1W 1M 3M 1Y
3.583 0.7 2.4 -2.9 -6.8 -21.3
3.578 1.4 3.0 -8.8 -5.5 -28.8
3.580 1.8 2.8 -12.8 -8.6 -34
3.625 0.6 1.3 -3.6 -5.9 -23.8 Fund Flow (십억원)
3.683 1.4 3.5 -9.3 -8.1 -33.8 YTD
3.766 2.0 2.7 -16.8 -15.7 -37.2 35971.9
3.737 0.5 1.7 -1.1 1.5 -29.8 16601.5
3.843 1.5 4.0 -7.0 -9.9 -37.1 9656.1
4.070 1.5 2.2 -15.8 -15.9 -51.1 9651
3.795 0.0 0.7 -2.6 -7.3 -37.3 1637.9
3.971 1.5 3.7 -8.5 -19.6 -45*는 T-2일 기준, 펀드는 설정액 및 ETF 제외 기준
4.221 1.5 1.0 -17.0 -20.5 -57.4 **는 T-4일 기준
4.751 0.0 1.2 -5.6 -8.3 -28.5
5.071 1.0 3.2 -10.0 -10.2 -26.2
 (십억원)
5.360 1.5 2.0 -14.7 -8.0 -30.9
5.463 0.0 1.2 -5.6 -7.3 -25.5
 AAA 60
5.851 1.0 3.2 -9.0 -8.0 -24.5
 AA- 50.0
6.039 1.5 2.0 -14.7 -7.5 -31.5
 AA0 50
6.035 0.0 1.2 -5.6 -7.3 -28.5
 AAA 40
6.476 1.0 3.2 -9.0 -7.5 -23
 AA- 40
6.680 1.5 2.0 -14.7 -7.5 -31.1
 AAA 30
3.661 0.6 2.1 -3.3 -6.6 -26.2
 AAA 30
3.725 1.7 4.0 -11.4 -8.9 -33.4
 AAA 30
3.776 2.2 2.0 -16.5 -13.0 -47.5
 AAA 30
3.684 0.6 2.3 -2.6 -11.6 -33.2
 AAA 20
3.760 1.6 3.5 -12.3 -16.8 -41.2
 AAA 20
3.886 2.0 1.5 -18.6 -20.1 -50.1
 AA0 20
3.716 0.7 2.7 -2.8 -12.6 -34.2
 AA+ 20
3.802 1.6 3.7 -12.4 -16.8 -41.5 LS129-2 A+ 20
3.956 2.0 1.7 -18.0 -19.5 -49.9
 AAA 15
3.744 0.6 2.5 -3.6 -13.8 -35.4
 AAA 15
3.852 1.6 3.4 -13.1 -17.7 -42.3
 AAA 15
4.064 2.0 1.7 -18.0 -19.5 -50.1
 A+ 15-4522-1672
12139
-3174
IRS(%) CRS(%) Spread(bp)
4469
-680141
3091128
887
1200
10001300
3000
2500
1600
1600
1500
800
5000.000
23000
7000
0
0
0
3.420
3.425
0.000
0.000
0
0
0
0
4768.4
113523.8 -4.4 320.2 3961.71M
207029.4 -2961.0 575.9 1434.9
1D 1W
153184.7 -46.6 1398.8
2026-06-26 3.643 3.66-1397.8
72213.3 1184.5 1781.5 490.11626243.8 3142.6 -3449.4
3.637 3.64
2026-05-22 3.995 3.992025-09-19 3.906 3.86
2028-02-23 3.882 3.87
3.615 3.67
2024-11-29 3.62 3.652024-10-29 3.732 3.72
2026-04-07 3.647 3.67
3.607 3.66
2027-01-29 3.751 3.782026-04-30 3.638 3.66
2025-05-24 - 3.75
4.809 5.82024-07-24 - 3.68
2024-08-24 - 3.682027-02-26 4.041 3.93
2024-06-24 - 3.68▪
▪
▪
2687.60
839.41104.43
112.39
2024-09-152026-06-292029-04-292026-04-17
MMF*
0
0
27 May. 2024
29-03-10 3.45 111 4.8            
 54-03-10 3.36 -116 29.8       
27-05-24 3.67 110 3.0            
 25-12-19 3.59 -30 1.6          
29-05-31 3.58 58 5.0            
 26-01-15 3.59 -30 1.6          
24-06-20 3.53 50 0.1            
 25-12-10 3.46 -30 1.5          
30-12-10 3.50 50 6.5            
 25-02-19 3.60 -30 0.7          
379 3.9            -236 15.4       
33-12-10 3.51 140 9.6            
 26-12-10 3.42 -34 2.5          
26-03-10 3.45 146 1.8            
 41-09-10 3.42 -22 17.3       
25-12-10 3.44 80 1.5            
 28-03-10 3.44 -18 3.8          
54-03-10 3.36 65 29.8          
 50-03-10 3.17 -15 25.8       
29-05-24 3.86 50 5.0            
 27-06-15 3.60 -10 3.1          
481 8.1            -99 9.7          
25-05-24 3.67 130 1.0            
 26-06-10 3.43 -90 2.0          
26-08-24 5.06 71 2.2            
 27-03-03 3.46 -40 2.8          
25-11-24 5.00 60 1.5            
 25-06-09 3.59 -30 1.0          
25-05-24 3.61 60 1.0            
 24-11-14 3.57 -30 0.5          
26-12-10 3.42 53 2.5            
 26-03-10 3.44 -30 1.8          
374 1.5            -220 1.8          
27-12-10 3.42 565 3.5            
 31-12-10 3.55 -300 7.5          
54-03-10 3.35 122 29.8          
 25-03-10 3.42 -80 0.8          
28-03-10 3.42 100 3.8            
 52-03-10 3.40 -40 27.8       
28-03-10 3.46 73 3.8            
 25-03-10 3.44 -1.8 0.8          
30-12-10 3.50 50 6.5            
 27-03-10 3.45 -0.9 2.8          
910 7.3            -423 8.1          
