30y
91d
2y
0 0
0 0
KR Market
KR Bond(%,bp) YTM 1D 1W 1M
CD91D 3.580 -2.0 -2.0 -3.0
3.240 -3.4 -10.4 -15.0
 3.580 3.433 AAA
3.185 -2.0 -8.5 -25.0
 3.340 3.433 AAA
3.160 -0.5 -4.8 -27.2
 3.450 3.433 AAA
3.192 0.0 -3.3 -27.5
 3.470 3.433 AAA
3.275 -0.5 0.0 -26.2
 3.330 3.341 AAA
3.237 -0.5 -0.6 -21.0
 4.185 6.620 BBB+
KR Credit(%,bp) YTM 1D 1W 1M
 3.867 6.056 BBB+
3.663 -1.0 -5.5 -30.6
 4.000 -
3.618 -0.7 -5.0 -23.8
 4.10 -
7.282 -1.0 -5.5 -28.6
 4.400 -
KTB Futures(tick)
 1D 1W
KTBF 3Y 0 17
 (십억계약,%,년)
LKTBF 10Y 8 21
KR Stock(%) Index 1D 1W 1M
KOSPI 0.47 0.07 4.16
KOSDAQ 0.75 -0.71 -1.02
FX Market(%) Price 1D 1W 1M
1390.6 0.17 0.14 1.05
856.6 -0.14 -1.37 -2.24
1D(bp) 1D(bp) 1D(bp)
1Y 3.353 -1.75 1Y 3.285 0
 11.3 1.65
2Y 3.220 -0.75 2Y 3.04 0
 3.5 1.25
3Y 3.163 -0.75 3Y 3.02 0
 0.2 -0.25
5Y 3.135 -1.25 5Y 2.995 0
 -5.7 -1.25
10Y 3.158 -1.50 10Y 2.905 0
 -11.8 -1.00
US Bond Market
US Bond(%,bp) YTM 1D 1W 1M
UST2Y 4.727 -2.7 -3.1 -9.1
UST5Y 4.331 -6.9 -1.9 -8.2
UST10Y 4.364 -7.3 3 -2.9
UST30Y 4.532 -7.6 6.7 -0.9
KR Credit Market
 (계약수)
Bond Yield(%, bp) Yield 1D 1W 1M 3M 1Y
3.408 -2.9 -10.4 -17.9 -11.8 -42.1
3.341 -0.5 -5.3 -24.9 -17.5 -67.3
3.355 -0.2 -3.5 -25.1 -18.8 -65.1
3.406 -2.7 -10.4 -21.4 -14.6 -48.5 Fund Flow (십억원)
3.409 -0.5 -5.2 -27.4 -23.4 -74.6 YTD
3.445 -0.2 -3.8 -31.9 -33.8 -76 28478.5
3.544 -1.5 -8.9 -18.8 -13.6 -56.3 18549.6
3.571 -0.7 -4.2 -27.2 -24.8 -79.7 13776.2
3.769 0.0 -3.3 -31.0 -34.2 -81.8 50283
3.599 -1.5 -8.4 -19.1 -17.7 -63.1 115
3.663 -1.0 -5.5 -30.6 -32.6 -88.3 *는 T-2일 기준, 펀드는 설정액 및 ETF 제외 기준
3.900 0.0 -3.8 -32.3 -40.2 -90.3 **는 T-4일 기준
4.539 -1.5 -9.0 -20.7 -20.0 -52.7
4.745 -1.0 -5.5 -32.1 -32.4 -72.2
 (십억원)
5.052 0.0 -3.3 -31.5 -30.8 -66.7
5.261 -1.5 -9.0 -20.2 -19.0 -51.2
 60
5.538 -1.0 -5.5 -31.3 -29.6 -68.7
 AAA 60
5.736 0.0 -3.3 -31.5 -30.3 -66.3
 AA- 50
5.828 -1.5 -9.5 -20.7 -19.5 -52.7
 AA0 40
6.163 -1.0 -5.5 -31.3 -29.6 -67.2
 AAA 40
6.377 0.0 -3.3 -31.5 -30.3 -65.9
 39
3.487 -2.3 -9.5 -18.2 -16.1 -48.8
 AA- 30
3.490 -0.7 -4.9 -24.5 -24.3 -70.3
 AA- 30
3.503 0.0 -3.6 -29.0 -29.2 -81.5
 AAA 30
3.505 -2.5 -9.9 -18.6 -17.0 -56.4
 AAA 25
3.535 -0.7 -5.0 -23.4 -26.5 -77.9
 20
3.592 -0.2 -3.9 -31.3 -36.6 -87
 BBB+ 17
3.527 -2.5 -9.8 -19.3 -18.5 -58.1
 AAA 10
3.576 -0.7 -5.0 -23.3 -26.8 -77.6
 BBB+ 9
3.657 -0.2 -4.0 -31.7 -36.5 -87.1 0 0 0
3.553 -2.5 -10.0 -19.4 -19.6 -59.3 0 0 0
3.618 -0.7 -5.0 -23.8 -28.2 -80.2 0 0 0
3.764 -0.1 -3.9 -32.1 -36.6 -86.7 0 0 0▪
▪
▪
2794.01
836.10105.26
114.51
1900-01-002026-07-032026-04-172024-07-09
MMF*
0
0
0 01900-01-00 0 0
1900-01-00 0 02026-01-02 - 3.87
1900-01-00 0 0- 4.15
2024-11-11 3.503 3.382024-11-23 3.652 3.6
2029-09-10 - 4.283.68 3.64
2024-10-25 3.659 3.62029-12-20 - 4.89
2026-04-12 3.591 3.563.55 3.48
2027-06-25 3.393 3.392024-09-26 3.666 3.59
2026-01-29 3.838 3.74
2028-06-20 - 4.0327418
70690.4 -146.8 -50.1 -2166.81666875.8 17130.5 21244.8
1411.5
117643.9 5.2 1428 4458.71M
199536 8521.3 3817 -6502.3
1D 1W
155132.8 413.5 661.8
0
0
 0.000
35000
5400
23000
0
0
3.210
3.470
3.200
0.000
250
11500
4200
4000
3000
1500
1000
8
6
2765-4727
-18430
1962
IRS(%) CRS(%) Spread(bp)
680
16542107
201042
-2386
4 Jul. 2024
26-07-02 3.20 330 2.0            
 25-01-02 3.29 -150 0.5          
25-07-03 3.58 120 1.0            
 25-07-02 3.25 -90 1.0          
24-09-10 3.38 110 0.2            
 25-06-19 3.37 -60 1.0          
27-03-03 3.24 60 2.7            
 25-03-10 3.26 -50 0.7          
25-06-10 3.25 60 0.9            
 25-06-02 3.37 -50 0.9          
680 1.5            -400 0.8          
25-01-02 3.31 150 0.5            
 24-09-10 3.33 -150 0.2          
54-03-10 3.18 72 29.7          
 51-03-10 3.14 -50 26.7       
26-04-02 3.21 57 1.7            
 53-09-10 3.20 -28 29.2       
34-06-10 3.28 48 9.9            
 28-04-25 3.69 -20 3.8          
33-12-10 3.30 34 9.4            
 26-05-20 3.58 -20 1.9          
360 8.6            -268 8.6          
25-07-03 3.58 300 1.0            
 26-12-10 3.18 -35 2.4          
27-06-10 3.17 195 2.9            
 25-10-02 3.22 -30 1.2          
24-09-05 3.44 145 0.2            
 25-12-10 3.20 -26 1.4          
25-07-03 3.47 120 1.0            
 25-07-14 3.37 -20 1.0          
24-09-24 3.42 90 0.2            
 26-03-27 3.54 -20 1.7          
850 1.2            -131 1.6          
29-03-10 3.19 71 4.7            
 25-03-10 3.28 -50 0.7          
26-03-10 3.21 50 1.7            
 31-12-10 3.31 -30 7.4          
54-03-10 3.19 49 29.7          
 28-03-10 3.21 -15.0 3.7          
26-12-10 3.22 50 2.4            
 25-06-10 3.25 -0.6 0.9          
27-03-10 3.26 45 2.7            
 35-09-10 3.29 -0.5 11.2       
264 8.0            -96 3.3          
