30y
0 0
0 0
0 0
0 0
KR Market
KR Bond(%,bp) YTM 1D 1W 1M
CD91D 3.600 0.0 0.0 -1.0
3.274 -4.2 -7.1 -11.7
 3.470 3.450
3.205 -5.2 -5.5 -24.8
 3.630 3.480 AAA
3.165 -4.2 -3.5 -28.7
 3.666 3.554 AAA
3.192 -4.3 -2.0 -31.0
 3.319 3.391 AAA
3.280 -2.7 1.0 -30.0
 3.544 3.566 AA+
3.242 -2.3 0.0 -26.3
 4.819 4.803 A+
KR Credit(%,bp) YTM 1D 1W 1M
 3.660 3.480 AAA
3.673 -3.7 -3.5 -32.1
 3.420 3.541 AAA
3.625 -4.2 -4.0 -24.9
 3.55 3.573 AA+
7.292 -4.2 -4.0 -29.6
 4.700 -
KTB Futures(tick)
 1D 1W
KTBF 3Y 15 12
 (십억계약,%,년)
LKTBF 10Y 27 -12
KR Stock(%) Index 1D 1W 1M
KOSPI -0.84 0.23 5.47
KOSDAQ -2.04 -1.43 -1.20
FX Market(%) Price 1D 1W 1M
1388.2 0.65 0.05 0.27
857.81 -0.21 -1.41 -2.58
1D(bp) 1D(bp) 1D(bp)
1Y 3.370 -5.00 1Y 3.285 -3.5
 9.6 -0.80
2Y 3.228 -5.75 2Y 3.04 -5.5
 2.3 -0.55
3Y 3.170 -5.50 3Y 3.02 -5
 0.5 -1.30
5Y 3.148 -3.75 5Y 2.995 -5
 -4.5 0.55
10Y 3.173 -2.25 10Y 2.905 -6
 -10.8 0.45
US Bond Market
US Bond(%,bp) YTM 1D 1W 1M
UST2Y 4.754 -1.4 -0.1 -12.9
UST5Y 4.4 -3 11.7 -11.2
UST10Y 4.437 -2.9 18.5 -6.6
UST30Y 4.608 -1.9 22.8 -4.3
KR Credit Market
 (계약수)
Bond Yield(%, bp) Yield 1D 1W 1M 3M 1Y
3.437 -4.2 -8.0 -15.4 -10.2 -38.7
3.346 -4.5 -3.9 -26.4 -16.2 -65.8
3.357 -4.3 -2.2 -28.4 -17.5 -62.9
3.433 -4.7 -7.9 -19.3 -12.9 -45.5 Fund Flow (십억원)
3.414 -4.2 -3.9 -29.2 -22.5 -73.1 YTD
3.447 -4.3 -2.4 -35.7 -32.9 -73.8 19957.2
3.559 -4.7 -7.6 -17.8 -12.6 -54.8 18136.1
3.578 -3.7 -2.5 -29.0 -24.3 -78 13771
3.769 -4.3 -2.5 -34.5 -33.9 -79.8 39851.4
3.614 -4.7 -6.9 -18.1 -17.7 -61.6 743
3.673 -3.7 -3.5 -32.1 -32.8 -86.3 *는 T-2일 기준, 펀드는 설정액 및 ETF 제외 기준
3.900 -4.3 -3.0 -35.8 -39.9 -88.3 **는 T-4일 기준
4.554 -5.0 -7.5 -19.7 -19.0 -51.2
4.755 -4.2 -3.5 -33.6 -31.6 -70.2
 (십억원)
5.052 -4.3 -2.5 -35.0 -30.5 -64.7
5.276 -5.0 -7.5 -19.2 -18.0 -49.7
 AAA 160
5.548 -4.2 -3.5 -32.8 -28.8 -66.7
 120
5.736 -4.3 -2.5 -35.0 -30.0 -64.3
 118
5.843 -5.0 -8.0 -19.7 -18.5 -51.2
 AA0 60
6.173 -4.2 -3.5 -32.8 -28.8 -65.2
 AAA 60
6.377 -4.3 -2.5 -35.0 -30.0 -63.9
 AA- 50
3.510 -4.2 -7.3 -16.1 -14.2 -46
 AAA 50
3.497 -4.4 -3.4 -26.2 -23.4 -68.9 SK310-1 AA+ 50
3.503 -4.5 -2.5 -32.8 -28.7 -79.9
 AAA 50
3.530 -3.9 -7.9 -16.4 -14.8 -53.4
 AA0 50
3.542 -4.2 -3.8 -24.9 -25.3 -76.5
 AA0 50
3.594 -4.3 -2.6 -34.9 -35.7 -85.2
 AA- 50
3.552 -3.8 -7.8 -17.2 -16.3 -55.1
 AA+ 40
3.583 -4.2 -3.8 -24.8 -25.5 -76.2
 AA- 40
3.659 -4.3 -2.8 -35.3 -35.6 -85.4
 40
3.578 -3.7 -8.0 -17.3 -17.4 -56.3 SK304-2 AA+ 40
3.625 -4.2 -4.0 -24.9 -26.9 -78.8
 AAA 30
3.765 -4.3 -3.4 -35.5 -35.8 -85
 AA- 30245937
-12659
1842
IRS(%) CRS(%) Spread(bp)
1691
13350-337
225-2650
-3428
1000
10001500
5400
2400
2000
1900
1600
800
5230.000
35000
0
0
0
0
3.210
0.000
0.000
0.000
0
0
0
0
0
0
1200.6
117638.7 218.4 1521.8 45051M
191014.7 3593.2 -7323.7 -13953.2
1D 1W
154719.3 367.7 218.9
2027-07-02 - 3.4223550.1
71318.4 711.6 -0.1 -1621.31656444.2 10520.1 12739.5
3.548 3.51
2024-11-11 3.525 3.522028-12-20 - 3.94
2029-12-20 - 4.89
3.513 3.5
2025-01-17 3.539 3.562026-06-26 3.564 3.56
2024-10-28 3.536 3.55
3.69 3.65
2027-06-27 3.417 3.412024-11-01 3.532 3.55
2025-01-19 3.639 3.58
3.769 3.652025-09-16 3.518 3.48
2025-06-25 3.498 3.452026-01-28 3.545 3.5
2028-11-03 - 3.85▪
▪
▪
2780.86
829.91105.26
114.43
2026-01-152026-06-132026-02-272025-07-14
MMF*
0
0
3 Jul. 2024
27-07-02 3.32 160 3.0            
 26-06-10 3.21 -240 1.9          
28-06-30 3.27 100 4.0            
 26-12-10 3.18 -70 2.4          
26-04-02 3.24 90 1.8            
 25-09-10 3.20 -66 1.2          
29-06-30 3.31 90 5.0            
 25-07-18 3.41 -60 1.0          
25-12-10 3.20 50 1.4            
 25-06-10 3.25 -60 0.9          
490 3.2            -496 1.7          
54-03-10 3.21 221 29.7          
 25-09-03 3.18 -110 1.2          
27-07-02 4.82 80 3.0            
 25-06-10 3.25 -80 0.9          
26-07-02 3.54 30 2.0            
 25-12-10 3.20 -70 1.4          
34-06-10 3.30 24 9.9            
 26-12-10 3.18 -55 2.4          
27-06-10 3.17 22 2.9            
 52-03-10 3.19 -50 27.7       
377 19.0          -365 5.0          
25-07-02 3.63 190 1.0            
 24-10-16 3.49 -50 0.3          
24-10-02 3.67 160 0.3            
 27-12-20 3.75 -40 3.5          
24-07-18 3.48 150 0.0            
 43-09-10 3.26 -20 19.2       
34-06-10 3.29 125 9.9            
 26-12-10 3.18 -20 2.4          
26-07-02 3.54 50 2.0            
 24-07-20 3.42 -20 0.0          
675 2.3            -150 3.9          
27-06-10 3.17 130 2.9            
 25-06-10 3.27 -148 0.9          
26-03-10 3.20 103 1.7            
 28-12-10 3.28 -93 4.4          
33-06-10 3.29 97 8.9            
 25-09-10 3.21 -90.0 1.2          
34-06-10 3.30 64 9.9            
 25-03-10 3.30 -70.0 0.7          
26-12-10 3.18 54 2.4            
 30-12-10 3.29 -70.3 6.4          
447 4.9            -471 2.5          
