30y
91d
2y
0 0
0 0
KR Market
KR Bond(%,bp) YTM 1D 1W 1M
CD91D 3.470 -1.0 -2.0 -9.0
3.049 -2.1 -6.5 -12.7
 3.370 3.394 AAA
2.970 -1.5 -6.8 -17.3
 3.080 3.087 AAA
2.919 -1.2 -5.6 -20.1
 3.200 3.191 AAA
2.939 -1.1 -4.6 -20.1
 3.190 3.194 AAA
3.000 -0.2 -1.2 -20.0
 3.180 3.281 AAA
2.995 0.6 -1.0 -17.9
 3.180 3.281 AAA
KR Credit(%,bp) YTM 1D 1W 1M
 3.133 3.183 AAA
3.476 -0.2 -2.2 -13.9
 3.160 3.133 AAA
3.393 -0.9 -4.3 -17.7
 3.98 3.469 AA-
6.973 -1.2 -6.2 -26.1
 3.310 3.392 AAA
KTB Futures(tick)
 1D 1W
KTBF 3Y 4 7
 (십억계약,%,년)
LKTBF 10Y -2 -31
KR Stock(%) Index 1D 1W 1M
KOSPI -0.45 -7.95 -10.83
KOSDAQ -0.44 -8.39 -13.38
FX Market(%) Price 1D 1W 1M
1377.2 0.03 0.81 -0.32
942.71 1.16 2.94 9.72
1D(bp) 1D(bp) 1D(bp)
1Y 3.140 -1.50 1Y 2.795 -1.5
 9.1 0.60
2Y 2.955 -2.50 2Y 2.7 -1
 -1.5 -1.00
3Y 2.895 -1.25 3Y 2.65 -1
 -2.4 -0.05
5Y 2.870 -0.50 5Y 2.65 -0.5
 -6.9 0.60
10Y 2.913 0.25 10Y 2.56 -0.5
 -8.7 0.45
US Bond Market
US Bond(%,bp) YTM 1D 1W 1M
UST2Y 4.04 7.6 -11.2 -58.8
UST5Y 3.829 6.5 -0.7 -41.5
UST10Y 3.991 4.6 1.3 -30.7
UST30Y 4.28 3.2 0.2 -21
KR Credit Market
 (계약수)
Bond Yield(%, bp) Yield 1D 1W 1M 3M 1Y
3.236 -1.1 -4.1 -9.2 -34.3 -55.5
3.119 -1.4 -5.7 -17.5 -48.1 -89.7
3.131 -1.2 -3.7 -16.9 -48.3 -91.3
3.273 -0.8 -2.0 -3.0 -36.8 -57 Fund Flow (십억원)
3.183 -1.1 -5.0 -18.4 -52.0 -96.9 YTD
3.205 -1.1 -3.9 -18.7 -60.4 -104.8 34128.1
3.398 -1.0 -3.5 -8.3 -34.2 -72.2 31520
3.367 -0.7 -3.7 -15.6 -48.6 -110.4 9663
3.512 -0.5 -3.5 -19.8 -60.1 -113.4 33812.3
3.450 -1.0 -3.5 -8.6 -35.8 -86.7 -849
3.476 -0.2 -2.2 -13.9 -50.8 -124 *는 T-2일 기준, 펀드는 설정액 및 ETF 제외 기준
3.635 -0.5 -3.5 -20.3 -64.1 -121.8 **는 T-4일 기준
4.378 -2.0 -5.0 -9.8 -38.1 -70.8
4.527 -1.2 -3.2 -17.0 -56.7 -99.8
 (십억원)
4.803 -1.0 -4.0 -19.0 -59.7 -99.1
5.100 -2.0 -5.0 -9.8 -37.1 -67.3
 AAA 70
5.320 -1.2 -3.2 -17.0 -55.4 -95.8
 60
5.487 -1.0 -4.0 -19.0 -59.2 -97.6
 AAA 50
5.667 -2.0 -5.0 -9.8 -37.6 -68.3
 A0 40
5.950 -1.2 -3.2 -16.5 -54.9 -93.3
 AA- 30
6.128 -1.0 -4.0 -19.0 -59.2 -96.8
 AA+ 30
3.285 -2.1 -6.3 -13.6 -36.9 -69.4
 AA0 30
3.270 -1.2 -4.5 -17.4 -47.1 -92.7
 AA- 30
3.279 -0.8 -3.9 -17.2 -53.9 -106.8
 30
3.304 -2.3 -6.7 -14.1 -37.2 -77.1
 AA- 30
3.314 -1.0 -4.4 -17.3 -46.9 -103.3
 AA+ 30
3.345 -0.9 -4.4 -19.0 -59.8 -116.9
 20
3.325 -2.3 -6.6 -14.2 -37.8 -79
 AA- 20
3.351 -0.8 -4.2 -17.7 -47.2 -103.2
 AA+ 20
3.409 -1.0 -4.4 -19.1 -60.2 -116.6
 20
3.354 -2.3 -6.7 -13.9 -38.1 -80.3
 20
3.393 -0.9 -4.3 -17.7 -48.4 -105.3
 20
3.513 -0.9 -4.4 -19.2 -60.6 -117.2
 20▪
▪
▪
2556.73
745.28105.98
117.14
2026-06-202054-07-312027-01-272026-03-06
MMF*
0
0
- 4.682027-06-21 - 4.69
2027-06-20 - 4.542025-05-23 3.546 3.48
2025-07-18 - 4.38- 0
2027-07-30 3.387 3.442025-06-27 3.413 3.43
2025-02-18 3.577 3.483.319 3.4
2025-04-18 - 4.142025-11-27 3.42 3.38
2025-12-12 3.428 3.423.714 3.66
2024-09-06 3.554 3.552024-12-20 - 4.92
2025-01-13 3.345 3.44
2028-10-19 3.719 3.72-1497.1
69726.4 0 285 -18391650405.1 0 3522.9
11261.5
113530.7 691.9 -4362.7 -7000.71M
205185.6 -868.2 2114.6 1862.2
1D 1W
168103.2 -297.4 1550.8
0
0
 0.000
18000
5400
21000
0
0
2.805
3.260
2.980
0.000
1800
18002000
10000
3000
3000
3000
3000
1500
1400
12373-8312
-19023
7902
IRS(%) CRS(%) Spread(bp)
-351
7755177
272-546
-1864
9 Aug. 2024
26-02-08 3.20 250 1.5            
 26-06-10 2.96 -140 1.8          
27-02-08 3.08 220 2.5            
 26-12-10 2.93 -70 2.3          
25-07-02 3.05 110 0.9            
 26-03-10 3.01 -58 1.6          
29-06-10 2.97 100 4.8            
 28-09-10 2.95 -40 4.1          
25-02-08 3.36 80 0.5            
 33-06-10 3.01 -29 8.8          
760 2.0            -337 2.8          
25-03-10 3.12 90 0.6            
 25-07-02 3.05 -100 0.9          
34-06-10 3.00 45 9.8            
 25-10-02 3.06 -60 1.2          
43-09-10 2.99 40 19.1          
 25-07-29 3.20 -40 1.0          
27-08-08 3.16 45 3.0            
 29-06-10 2.97 -40 4.8          
27-08-06 4.42 34 3.0            
 25-06-05 3.35 -20 0.8          
254 5.9            -260 1.6          
34-08-08 3.13 180 10.0          
 33-12-10 3.01 -120 9.3          
25-08-08 3.50 120 1.0            
 25-10-10 3.27 -50 1.2          
26-08-06 3.98 110 2.0            
 26-06-10 2.98 -40 1.8          
27-08-08 3.16 85 3.0            
 34-06-10 3.00 -28 9.8          
26-07-02 2.97 60 1.9            
 54-03-10 2.90 -25 29.6       
555 4.5            -263 8.7          
25-10-02 3.05 230 1.2            
 53-03-10 2.92 -184 28.6       
25-07-02 3.04 200 0.9            
 25-01-02 3.27 -107 0.4          
26-01-02 3.05 90 1.4            
 25-10-23 3.27 -50.0 1.2          
25-08-08 3.28 90 1.0            
 25-10-30 3.27 -40.0 1.2          
25-06-10 3.07 66 0.8            
 25-11-15 3.26 -30.0 1.3          
676 1.1            -411 13.3       
