10y
91d
0 0
0 0
0 0
KR Market
KR Bond(%,bp) YTM 1D 1W 1M
CD91D 2.980 -1.0 -2.0 -41.0
2.629 -0.7 -1.0 -5.5
 2.810 2.872
2.620 -1.1 -3.5 -10.5
 2.760 2.766 AAA
2.570 -5.1 -7.7 -4.2
 3.069 3.168 AA+
2.675 -4.0 -6.2 -8.5
 2.720 2.797 AAA
2.810 -5.5 -3.5 -5.0
 2.730 2.861 AAA
2.728 -1.7 -0.4 -6.3
 2.830 2.838 AAA
KR Credit(%,bp) YTM 1D 1W 1M
 2.942 2.953 AAA
3.191 -5.0 -11.5 -15.7
 3.013 2.953 AAA
3.184 -5.8 -11.2 -9.8
 3.128 3.201 AA+
6.536 -6.2 -10.2 -9.9
 2.891 2.851 AAA
KTB Futures(tick)
 1D 1W
KTBF 3Y 15.0 41.0
 (십억계약,%,년)
LKTBF 10Y 67.0 175.0
KR Stock(%) Index 1D 1W 1M
KOSPI -0.08 0.83 4.74
KOSDAQ -0.22 1.12 8.64
FX Market(%) Price 1D 1W 1M
1,439.5 -0.84 -1.62 -0.82
920.8 -0.14 -0.79 -0.34
1D(bp) 1D(bp) 1D(bp)
1Y 2.693 -1.8 1Y 2.625 -1.5
 6.3 -1.1
2Y 2.600 -2.5 2Y 2.525 -1.5
 -2.0 -1.4
3Y 2.578 -3.8 3Y 2.535 -2
 0.8 1.4
5Y 2.598 -5.2 5Y 2.560 -2
 -7.7 -1.2
10Y 2.673 -5.8 10Y 2.545 -3
 -13.8 -0.2
US Bond Market
US Bond(%,bp) YTM 1D 1W 1M
UST2Y 4.272 -1.5 -9.7 -4.0
UST5Y 4.397 -3.8 -20.1 1.8
UST10Y 4.580 -4.9 -21.4 5.4
UST30Y 4.808 -5.1 -16.9 8.5
KR Credit Market
 (계약수)
Bond Yield(%, bp) Yield 1D 1W 1M 3M 1Y
2.785 -0.7 -3.4 -24.1 -39.8 -77.2
2.807 -4.4 -8.8 -13.6 -37.3 -81.9
2.921 -3.2 -6.4 -13.6 -32.8 -70.6
2.838 0.0 -0.4 -19.4 -36.3 -74.1 Fund Flow (십억원)
2.861 -5.1 -8.0 -11.5 -36.0 -87.6 YTD
2.974 -4.0 -6.8 -11.3 -33.6 -88.2 33,662
3.003 -1.0 -4.5 -24.5 -30.3 -77.4 40,332
3.099 -5.0 -11.5 -15.7 -31.2 -94.6 26,338
3.303 -4.0 -7.7 -11.5 -32.9 -89.7 83,350
3.081 -1.0 -4.5 -24.5 -30.9 -85.7 -9,129
3.191 -5.0 -11.5 -15.7 -31.6 -107.9 *는 T-2일 기준, 펀드는 설정액 및 ETF 제외 기준
3.411 -4.0 -7.7 -11.5 -32.9 -98.6 **는 T-4일 기준
3.779 -1.0 -4.5 -22.5 -36.6 -103
4.083 -5.0 -10.5 -13.2 -36.0 -107.2
 (십억원)
4.531 -4.0 -7.7 -11.0 -33.9 -83.9
4.496 -1.0 -4.5 -22.5 -37.1 -101
 AAA 150
4.876 -5.0 -10.5 -13.2 -36.0 -103.7
 - 90
5.215 -4.0 -7.7 -11.0 -33.9 -82.9
 AAA 90
5.068 -1.0 -4.5 -22.5 -36.6 -100
 - 84
5.516 -5.0 -10.5 -13.2 -35.0 -100.2
 AA+ 80
5.856 -4.0 -7.7 -11.0 -33.9 -82.1 SBS14-1 AA0 60
2.969 -1.1 -2.9 -15.8 -26.3 -74.3
 AA- 60
3.015 -5.3 -10.8 -10.6 -34.3 -78.4
 - 60
3.068 -4.2 -7.8 -12.8 -35.7 -78.8
 - 60
3.009 -1.1 -2.3 -15.2 -23.8 -77.6
 AA0 50
3.110 -5.8 -11.2 -9.6 -31.2 -80.7
 AAA 50
3.156 -4.5 -9.1 -13.8 -34.0 -87.6
 AA0 50
3.038 -1.1 -2.3 -15.1 -23.1 -78.8
 AAA 50
3.137 -5.8 -11.2 -9.6 -31.6 -82.2
 AAA 50
3.219 -4.5 -9.1 -13.6 -33.8 -87.8
 A+ 40
3.069 -1.1 -2.3 -14.9 -22.9 -79.7
 A+ 40
3.184 -5.8 -11.2 -9.8 -31.7 -84.1
 A+ 40
3.323 -4.5 -9.1 -13.6 -33.7 -88.5
 - 4021,463-1,621
1,758
10,263
IRS(%) CRS(%) Spread(bp)
-4,877
-7,78312
-3,090-2,874
-10,463
1,800
1,8002,200
12,000
5,500
3,200
2,700
2,600
1,800
1,5000.000
24,000
12,000
0
0
0
2.840
2.810
0.000
0.000
0
0
0
0
#N/A
130,206 742 2,386 #N/A1M
204,719 -443 5,730 #N/A
1D 1W
176,915 -38 2,082
2028-01-21 - 2.960-14,863
61,447 170 -715 4951,699,943 -3,219 -14,055
- 3.400
2025-02-07 3.212 3.2002031-06-10 - 3.860
2028-01-21 - 2.910
- 4.310
2028-11-03 - 3.6502026-08-28 3.034 3.000
2026-10-08 2.973 2.950
3.047 3.010
2026-01-12 3.008 2.9002025-03-05 3.160 3.050
2027-01-21 - 2.860
- 4.5002025-02-07 3.298 3.470
2025-02-06 3.296 3.2202025-01-24 3.128 3.280
2026-03-04 3.257 3.230▪
▪
▪
2,518.0
726.1106.9
118.5
2025-06-192026-04-062027-06-212027-01-21
MMF*
0
0
22 Jan. 2025
26-07-21 2.76 270 1.5            
 30-12-10 2.78 -153 5.9          
30-01-21 2.94 120 5.0            
 26-09-10 2.64 -111 1.6          
26-01-21 2.79 110 1.0            
 33-12-10 2.88 -75 8.9          
30-01-21 3.01 90 5.0            
 28-03-10 2.64 -60 3.1          
30-01-21 2.90 90 5.0            
 26-12-10 2.62 -50 1.9          
680 3.0            -449 4.5          
28-01-21 2.96 70 3.0            
 25-12-31 2.62 -110 0.9          
54-09-10 2.68 60 29.7          
 30-06-10 2.78 -65 5.4          
35-01-21 3.24 50 10.0          
 29-09-10 2.67 -55 4.6          
30-01-21 2.94 50 5.0            
 25-12-10 2.61 -50 0.9          
45-01-21 3.18 40 20.0          
 25-12-08 2.80 -50 0.9          
270 13.1          -330 2.4          
25-11-21 2.80 120 0.8            
 34-06-10 2.86 -72 9.4          
28-01-21 2.83 90 3.0            
 26-12-10 2.63 -49 1.9          
26-01-21 3.13 80 1.0            
 27-12-10 2.57 -45 2.9          
26-07-21 2.76 70 1.5            
 29-11-08 2.86 -40 4.8          
28-01-21 3.05 70 3.0            
 26-09-02 2.77 -30 1.6          
430 1.8            -236 4.8          
54-09-10 2.67 98 29.7          
 26-12-10 2.64 -62 1.9          
25-12-10 2.63 85 0.9            
 28-12-10 2.69 -44 3.9          
26-06-10 2.64 80 1.4            
 27-12-10 2.68 -44 2.9          
34-12-10 2.83 65 9.9            
 28-03-10 2.64 -8 3.1          
29-09-10 2.64 49 4.6            
 42-09-10 2.76 -7 17.6       
378 10.5          -164 3.4          
