10y
91d 91d
0 0
0 0
0 0
KR Market
KR Bond(%,bp) YTM 1D 1W 1M
CD91D 3.540 -1.0 -1.0 -6.0
3.196 1.0 0.8 -13.8
 4.800 5.617 AA-
3.110 2.3 -4.1 -16.5
 3.230 3.225 AAA
3.053 1.8 -6.4 -15.5
 3.160 3.180 AAA
3.074 1.4 -6.0 -15.6
 3.170 3.282 AAA
3.140 0.3 -5.5 -13.5
 3.237 3.300 AAA
3.102 -0.1 -6.8 -14.5
 3.180 3.198 AAA
KR Credit(%,bp) YTM 1D 1W 1M
 3.181 3.195 AAA
3.540 1.5 -7.2 -19.6
 3.224 3.221 AAA
3.505 1.7 -6.2 -16.1
 5.10 6.032 A+
7.161 1.8 -6.9 -19.0
 3.428 - AA
KTB Futures(tick)
 1D 1W
KTBF 3Y -6 30
 (십억계약,%,년)
LKTBF 10Y -6 86
KR Stock(%) Index 1D 1W 1M
KOSPI -0.80 -0.86 3.61
KOSDAQ -1.21 -3.39 -3.44
FX Market(%) Price 1D 1W 1M
1381.5 -0.25 -0.23 0.02
883.01 1.04 3.03 0.77
1D(bp) 1D(bp) 1D(bp)
1Y 3.290 1.75 1Y 3.2 -0.5
 9.4 0.75
2Y 3.110 2.25 2Y 2.94 1
 0.0 -0.05
3Y 3.038 2.00 3Y 2.88 0.5
 -1.5 0.20
5Y 3.005 0.50 5Y 2.875 0.5
 -6.9 -0.90
10Y 3.040 -0.25 10Y 2.785 0.5
 -10.0 -0.55
US Bond Market
US Bond(%,bp) YTM 1D 1W 1M
UST2Y 4.44 1.9 -18.2 -33.4
UST5Y 4.079 0.4 -15.9 -23.1
UST10Y 4.159 0 -12.7 -12.6
UST30Y 4.376 0.2 -10.2 -3.1
KR Credit Market
 (계약수)
Bond Yield(%, bp) Yield 1D 1W 1M 3M 1Y
3.338 0.0 0.0 -18.1 -23.2 -47.3
3.207 1.2 -8.4 -18.3 -38.2 -79.5
3.235 1.4 -6.0 -15.0 -39.5 -77.5
3.316 0.3 0.6 -21.9 -28.1 -53.8 Fund Flow (십억원)
3.303 1.8 -6.1 -16.4 -39.7 -81.5 YTD
3.326 1.4 -6.0 -17.9 -52.8 -86.5 38374.1
3.473 0.0 -1.8 -16.7 -22.7 -64.9 21223.3
3.448 1.5 -7.2 -17.7 -39.8 -94.8 16651.4
3.640 1.5 -6.5 -18.2 -51.3 -93.8 30586.4
3.528 0.0 -1.8 -16.0 -24.3 -74.7 -1522.6
3.540 1.5 -7.2 -19.6 -45.4 -105.9 *는 T-2일 기준, 펀드는 설정액 및 ETF 제외 기준
3.768 1.5 -6.5 -19.3 -55.1 -100.5 **는 T-4일 기준
4.483 0.5 -0.3 -16.1 -27.6 -59.3
4.624 2.0 -7.0 -20.4 -48.0 -84.1
 (십억원)
4.928 1.5 -6.0 -17.7 -49.9 -78.6
5.205 0.5 -0.3 -16.1 -26.6 -57.3
 AA- 69
5.417 2.0 -7.0 -19.6 -45.7 -80.1
 AAA 60
5.612 1.5 -6.0 -17.7 -49.4 -77.7
 AAA 50
5.772 0.5 -0.3 -16.6 -27.1 -58.3
 AAA 40
6.047 2.0 -6.5 -19.1 -45.2 -77.6
 AA0 40
6.253 1.5 -6.0 -17.7 -49.4 -76.8
 A+ 31
3.431 0.7 0.4 -14.8 -24.2 -53.9
 AA- 30
3.389 1.8 -5.2 -14.8 -39.0 -78.1
 AA0 30
3.402 1.6 -4.8 -15.4 -46.5 -90
 AAA 30
3.452 0.9 -0.1 -15.6 -24.0 -61.4
 AAA 30
3.425 1.6 -5.9 -15.6 -41.4 -86.6
 A+ 23
3.471 1.6 -5.8 -17.7 -54.0 -97.6
 AA- 20
3.476 0.9 0.1 -15.3 -25.2 -63
 AAA 20
3.462 1.6 -6.3 -16.0 -42.0 -87
 20
3.536 1.6 -5.8 -18.1 -53.9 -97.7
 20
3.502 0.9 0.1 -15.6 -26.3 -63.9
 AA- 10
3.505 1.7 -6.2 -16.1 -43.3 -89
 10
3.641 1.6 -5.8 -18.7 -54.2 -97.9
 AA0 8▪
▪
▪
2843.29
829.41105.57
115.85
2024-11-012024-10-072031-02-162026-01-22
MMF*
0
0
3.396 3.472026-07-09 3.471 3.53
2024-11-08 4.178 4.32028-03-16 - 5.59
2029-09-10 - 4.273.668 3.61
2024-07-26 3.392 3.472025-01-17 3.406 3.5
2054-07-17 - 5.023.494 3.53
2024-11-03 3.411 3.442054-06-27 - 6.41
2027-01-15 3.62 3.533.345 3.34
2027-02-15 3.506 3.472026-11-03 3.298 3.31
2026-11-10 3.298 3.31
2054-07-17 - 4.7715163.3
69052.8 -1828.1 -2512.6 -3354.81647179.2 -3200.8 -4723
3811.3
120519.1 194.4 -54.6 5642.31M
209431.6 3640.5 5144.1 5381.8
1D 1W
157806.5 -27.7 1275.3
0
0
0
0
0.000
24000
5700
0
0
0
3.185
3.250
0.000
0.000
1000
10001000
5000
3000
2900
1700
1600
1000
800
38020-855
-23584
9937
IRS(%) CRS(%) Spread(bp)
-9045
-6944377
1134-904
-6786
18 Jul. 2024
27-03-03 3.10 460 2.6            
 26-07-02 3.11 -90 2.0          
26-07-17 3.16 190 2.0            
 28-09-10 3.07 -60 4.2          
26-01-17 3.23 190 1.5            
 34-06-10 3.15 -31 9.9          
24-09-19 3.44 120 0.2            
 54-03-10 3.04 -30 29.7       
25-03-11 3.41 60 0.6            
 26-11-03 3.30 -30 2.3          
1,020 1.9            -241 7.0          
33-12-10 3.15 90 9.4            
 43-09-10 3.09 -44 19.2       
34-06-10 3.13 93 9.9            
 31-12-10 3.21 -20 7.4          
26-04-02 3.13 70 1.7            
 31-12-10 3.15 -12 7.4          
27-07-17 3.18 70 3.0            
 25-05-02 3.47 -10 0.8          
29-07-17 3.22 70 5.0            
 26-05-12 3.19 -10 1.8          
393 6.2            -96 11.5       
24-09-19 3.44 370 0.2            
 33-12-10 3.15 -140 9.4          
34-07-17 3.24 160 10.0          
 25-12-10 3.12 -95 1.4          
42-09-10 3.11 120 18.2          
 26-12-10 3.07 -55 2.4          
25-01-08 3.60 60 0.5            
 25-06-20 3.85 -50 0.9          
25-03-11 3.42 50 0.6            
 26-06-19 3.41 -30 1.9          
760 5.1            -370 4.5          
25-06-10 3.22 60 0.9            
 25-10-24 3.26 -40 1.3          
34-06-10 3.12 57 9.9            
 25-09-10 3.16 -26 1.2          
54-03-10 3.00 51 29.7          
 25-11-25 3.26 -20.0 1.4          
29-03-10 3.07 52 4.6            
 25-09-03 3.09 -20.0 1.1          
24-09-19 3.44 40 0.2            
 25-10-02 3.13 -20.0 1.2          
261 9.2            -126 1.2          
