0 0
0 0
0 0
0 0
0 0
KR Market
KR Bond(%,bp) YTM 1D 1W 1M
CD91D 3.510 0.0 0.0 0.0
3.035 2.0 1.0 -16.9
 3.278 3.141 AAA
2.992 1.4 0.5 -10.6
 3.220 3.193 AAA
2.917 1.2 -0.5 -12.8
 3.250 3.228 AAA
2.952 1.7 2.2 -12.2
 3.325 3.151 AAA
3.005 2.3 3.0 -12.7
 3.320 3.324 AAA
3.012 1.7 6.0 -7.5
 3.250 3.228 AAA
KR Credit(%,bp) YTM 1D 1W 1M
 3.200 3.297 AAA
3.548 1.7 1.5 1.8
 4.020 3.569 AA-
3.443 1.9 1.5 -4.9
 3.57 3.557 AA-
6.971 1.2 -0.5 -17.0
 3.500 3.517 AA-
KTB Futures(tick)
 1D 1W
KTBF 3Y -7 -4
 (십억계약,%,년)
LKTBF 10Y -27 -37
KR Stock(%) Index 1D 1W 1M
KOSPI -0.22 0.17 -2.07
KOSDAQ -0.03 -1.66 -5.03
FX Market(%) Price 1D 1W 1M
1338.8 0.31 -1.38 -3.25
911.09 -1.23 0.23 2.28
1D(bp) 1D(bp) 1D(bp)
1Y 3.210 0.75 1Y 2.91 3
 17.5 -1.25
2Y 3.010 1.00 2Y 2.78 1.5
 1.8 -0.40
3Y 2.920 1.00 3Y 2.73 1
 0.3 -0.20
5Y 2.883 1.25 5Y 2.725 1
 -7.0 -0.45
10Y 2.913 1.50 10Y 2.635 1
 -9.2 -0.80
US Bond Market
US Bond(%,bp) YTM 1D 1W 1M
UST2Y 3.917 -9.1 -13.5 -51.5
UST5Y 3.65 -7 -10.9 -52.5
UST10Y 3.801 -5.3 -8.3 -48.6
UST30Y 4.093 -3.5 -4.9 -45.1
KR Credit Market
 (계약수)
Bond Yield(%, bp) Yield 1D 1W 1M 3M 1Y
3.285 2.3 2.6 -5.1 -29.8 -52
3.156 1.5 0.2 -5.8 -42.2 -92.7
3.170 1.9 2.4 -6.7 -41.0 -95.7
3.342 1.8 3.1 1.0 -28.3 -54.5 Fund Flow (십억원)
3.207 1.4 -0.4 -8.8 -47.6 -100.9 YTD
3.228 1.8 2.0 -9.7 -53.8 -111.9 27440.5
3.453 2.0 3.0 -3.0 -28.4 -65.2 33811.2
3.434 1.7 1.5 -0.7 -40.9 -111.9 14564.5
3.557 2.0 2.5 -7.5 -51.3 -119.6 39643.1
3.525 2.0 3.5 -1.0 -27.0 -76 -4374.9
3.548 1.7 1.5 1.8 -42.3 -126 *는 T-2일 기준, 펀드는 설정액 및 ETF 제외 기준
3.680 2.0 2.5 -8.0 -54.1 -128 **는 T-4일 기준
4.393 1.0 1.5 -9.5 -35.8 -68.6
4.544 0.7 0.0 -7.0 -52.7 -106.8
 (십억원)
4.815 1.7 2.2 -11.3 -54.5 -108.6
5.115 1.0 1.5 -9.5 -34.8 -65.6
 60
5.337 0.7 0.0 -7.0 -51.4 -102.8
 AA- 50
5.499 1.7 2.2 -11.3 -54.0 -107.1
 AAA 50
5.682 1.0 1.5 -9.5 -35.3 -66.6
 40
5.967 0.7 0.0 -7.0 -50.9 -100.3
 35
6.140 1.7 2.2 -11.3 -54.0 -106.3 CJ159 AA- 30
3.333 2.0 4.4 -10.3 -32.8 -65.3
 30
3.289 1.3 0.4 -8.8 -43.6 -97.6
 30
3.313 1.7 2.9 -9.0 -46.3 -113.2
 AA- 30
3.357 2.4 5.0 -10.0 -32.7 -72
 AA0 30
3.360 1.9 1.5 -5.4 -40.0 -106.1
 AA- 30
3.394 1.7 3.1 -7.0 -49.2 -121.8
 A+ 30
3.377 2.3 5.0 -10.2 -33.9 -74.4
 AA- 20
3.397 1.8 1.4 -5.3 -40.5 -105.9
 AA+ 20
3.458 1.7 3.1 -7.1 -49.8 -121.5
 AA- 20
3.407 2.4 5.0 -9.9 -33.7 -75 SK311-1 AA+ 20
3.443 1.9 1.5 -4.9 -40.9 -107.5
 AAA 20
3.562 1.7 3.1 -7.1 -50.2 -122.1
 AA+ 20▪
▪
▪
2701.69
773.26105.91
116.98
2026-10-132025-02-172029-02-232029-02-23
MMF*
0
0
3.22 3.312027-05-28 3.274 3.32
2034-06-28 3.292 3.242026-05-31 3.296 3.34
2025-02-07 3.551 3.63.532 3.55
2025-04-18 3.535 3.542026-04-06 3.352 3.39
2026-09-14 3.36 3.4- 9.5
2026-07-04 3.331 3.372027-02-05 3.308 3.34
2027-05-22 - 11- 3.97
2030-07-26 - 3.382027-07-23 3.347 3.42
2027-02-19 3.234 3.26
2026-08-21 - 3.735030.4
66200.5 -416.5 -583.3 -3696.81656235.9 -1118.7 801.6
4713.3
118432.2 292.9 1974.3 1126.41M
198498 -1454.8 1403.9 -6075.6
1D 1W
170394.4 275.3 1120.5
0
0
0
0
0
0
0
0
0.000
0
0
0
0
0
0.000
0.000
0.000
0.000
1200
9001800
3000
3000
2500
2000
2000
800
700
15597-316
-6748
3470
IRS(%) CRS(%) Spread(bp)
-2110
-6901578
2671-621
-851
26Aug. 2024
26-02-23 3.25 90 1.5            
 25-03-10 3.09 -101 0.5          
27-08-23 3.22 90 3.0            
 26-01-02 3.03 -60 1.4          
26-02-23 3.25 70 1.5            
 28-09-10 2.96 -50 4.0          
27-08-26 3.21 60 3.0            
 26-06-10 2.97 -50 1.8          
32-12-10 3.05 50 8.3            
 25-01-19 3.46 -30 0.4          
360 3.1            -291 1.5          
29-08-23 3.33 100 5.0            
 53-09-10 2.94 -60 29.1       
27-08-23 3.22 100 3.0            
 24-09-10 3.45 -40 0.0          
25-03-10 3.11 80 0.5            
 28-03-10 2.96 -17 3.5          
54-03-10 2.93 61 29.6          
 27-06-30 3.26 -10 2.8          
26-02-23 3.25 50 1.5            
 28-09-10 2.96 -10 4.0          
391 7.0            -137 13.7       
27-08-23 3.28 130 3.0            
 25-09-14 3.31 -50 1.1          
26-02-23 3.25 100 1.5            
 25-10-02 3.04 -40 1.1          
26-02-23 3.50 60 1.5            
 26-02-15 3.25 -40 1.5          
26-02-23 3.25 60 1.5            
 24-12-16 3.46 -30 0.3          
27-08-23 3.22 60 3.0            
 27-03-10 2.95 -30 2.5          
410 2.2            -190 1.3          
25-08-22 3.30 140 1.0            
 28-09-10 2.97 -42 4.0          
25-06-10 3.03 110 0.8            
 28-03-10 2.99 -10 3.5          
26-12-10 2.94 87 2.3            
 24-09-10 3.63 -10.0 0.0          
25-06-10 3.04 61 0.8            
 27-12-10 2.95 -10.1 3.3          
26-03-10 3.04 38 1.5            
 28-06-10 2.98 -9.2 3.8          
436 1.2            -82 3.4          
