3Y
91d
0 0
0 0
0 0
KR Market
KR Bond(%,bp) YTM 1D 1W 1M
CD91D 2.990 0.0 -1.0 -1.0
2.600 -1.4 -3.9 -3.9
 2.860 2.868
2.685 0.5 3.8 7.5
 2.840 2.841 AAA
2.637 0.5 5.7 6.7
 2.840 2.845 AAA
2.720 0.8 1.8 3.8
 2.918 2.949 AAA
2.852 1.5 1.2 1.2
 3.900 - -
2.755 0.7 -3.5 0.7
 2.911 2.851 AAA
KR Credit(%,bp) YTM 1D 1W 1M
 3.900 - -
3.211 0.0 3.2 -4.5
 2.950 2.949 AAA
3.213 0.3 4.0 -1.6
 2.999 2.949 AAA
6.568 0.5 4.4 -0.2
 2.900 2.878 AAA
KTB Futures(tick)
 1D 1W
KTBF 3Y -3.0 -17.0
 (십억계약,%,년)
LKTBF 10Y -16.0 -35.0
KR Stock(%) Index 1D 1W 1M
KOSPI 0.71 2.31 0.92
KOSDAQ -0.01 4.12 4.42
FX Market(%) Price 1D 1W 1M
1,452.6 0.10 -0.70 -0.85
955.9 0.35 2.27 2.38
1D(bp) 1D(bp) 1D(bp)
1Y 2.743 0.0 1Y 2.700 1
 14.3 1.4
2Y 2.658 0.5 2Y 2.555 0
 -2.7 0.0
3Y 2.643 0.8 3Y 2.555 -1
 0.6 0.3
5Y 2.663 1.3 5Y 2.585 -0.5
 -5.8 0.5
10Y 2.720 1.8 10Y 2.540 -1.5
 -13.2 0.3
US Bond Market
US Bond(%,bp) YTM 1D 1W 1M
UST2Y 4.287 0.8 7.1 -9.4
UST5Y 4.372 2.9 4.9 -20.3
UST10Y 4.538 3.8 2.3 -22.3
UST30Y 4.748 3.9 0.0 -20.0
KR Credit Market
 (계약수)
Bond Yield(%, bp) Yield 1D 1W 1M 3M 1Y
2.769 -1.0 -3.2 -5.9 -44.7 -83.6
2.880 0.2 4.9 3.7 -31.3 -70.7
2.950 0.1 0.3 0.6 -28.1 -64.7
2.835 -0.6 -2.0 -0.1 -42.3 -80.3 Fund Flow (십억원)
2.922 0.2 4.7 3.9 -30.7 -79.9 YTD
3.002 0.2 0.2 0.1 -28.8 -84.2 40,979
2.933 -1.0 -6.5 -14.0 -42.7 -77.9 44,676
3.121 0.0 3.2 -4.3 -31.0 -83.1 28,515
3.328 0.8 0.3 0.0 -28.0 -86.2 97,532
2.999 -1.0 -6.5 -15.2 -44.0 -87.4 -10,304
3.211 0.0 3.2 -4.5 -31.6 -97.1 *는 T-2일 기준, 펀드는 설정액 및 ETF 제외 기준
3.436 0.8 0.3 0.0 -28.0 -95.1 **는 T-4일 기준
3.694 -1.0 -6.5 -15.5 -45.6 -112
4.100 0.0 3.2 -2.8 -33.4 -105.3
 (십억원)
4.561 0.8 0.3 0.5 -28.5 -81.7
4.411 -1.0 -6.5 -15.5 -45.6 -110
 AA0 150
4.893 0.0 3.2 -2.8 -33.4 -101.8
 AA+ 120
5.245 0.8 0.3 0.5 -28.5 -80.7
 AAA 100
4.983 -1.0 -6.5 -15.5 -45.6 -109
 AA+ 80
5.533 0.0 3.2 -2.8 -32.9 -98.3
 AA0 80
5.886 0.8 0.3 0.5 -28.5 -79.9
 AA- 60
2.893 -1.4 -6.0 -11.6 -36.5 -82.6
 AAA 50
3.047 0.4 3.9 -1.6 -30.8 -74
 AAA 50
3.098 0.6 1.1 -0.6 -29.6 -74.8
 AA- 50
2.932 -1.4 -6.3 -10.9 -35.1 -87.3
 AA- 50
3.139 0.3 4.1 -1.6 -29.0 -77.4
 AA0 40
3.189 0.8 1.5 -1.4 -28.8 -83.3
 AA0 40
2.961 -1.4 -6.3 -10.9 -34.8 -88.6
 AA- 40
3.166 0.4 4.1 -1.6 -29.3 -78.9
 AA0 40
3.251 0.8 1.5 -1.2 -28.6 -83.5
 - 40
2.992 -1.4 -6.3 -10.8 -34.6 -89.5
 AA0 32
3.213 0.3 4.0 -1.6 -29.4 -80.6
 AA- 30
3.355 0.8 1.4 -1.3 -28.4 -84.2
 AA- 30-17,97415,393
18,839
-10,069
IRS(%) CRS(%) Spread(bp)
-6,610
-12,5477
1,833696
8,550
1,285
1,2001,400
5,000
2,800
2,000
1,600
1,551
1,100
4000.000
30,000
5,000
0
0
0
2.615
2.860
0.000
0.000
0
0
0
0
6,928
132,383 -93 1,759 3,4781M
212,036 -1,528 19,300 13,115
1D 1W
181,259 162 3,139
2027-01-29 3.069 3.0702,930
60,271 0 0 -1,6281,714,124 0 0
2.997 2.980
2026-01-30 3.002 2.9802030-01-24 3.138 3.220
2026-03-03 2.936 3.020
3.108 3.580
2025-02-28 3.080 3.3002028-01-17 3.060 3.040
2026-09-16 2.905 2.910
3.078 3.040
2025-09-19 3.257 3.1202025-09-02 3.222 3.180
2026-01-19 2.958 2.950
3.241 3.3302025-04-21 3.045 3.030
2025-06-09 3.441 3.4202026-11-04 3.182 3.080
2028-12-20 - 3.670▪
▪
▪
2,539.1
749.6106.7
118.3
2027-02-052027-01-222025-03-032026-01-30
MMF*
0
0
12 Feb. 2025
30-02-11 2.92 110 5.0            
 54-09-10 2.68 -62 29.6       
27-09-03 2.71 80 2.6            
 29-03-10 2.73 -50 4.1          
55-03-10 2.67 78 30.1          
 27-01-19 2.78 -40 1.9          
25-12-10 2.67 70 0.8            
 31-12-10 2.85 -30 6.8          
26-01-09 2.64 60 0.9            
 26-01-02 2.61 -30 0.9          
398 8.1            -212 11.1       
42-09-10 2.77 100 17.6          
 42-12-10 2.77 -110 17.8       
30-01-31 2.89 60 5.0            
 25-12-25 2.76 -70 0.9          
30-02-11 2.92 50 5.0            
 28-06-10 2.72 -50 3.3          
34-12-10 2.83 39 9.8            
 28-12-10 2.75 -40 3.8          
30-02-11 3.00 30 5.0            
 26-12-13 2.79 -30 1.8          
279 10.2          -300 8.0          
26-02-11 2.84 100 1.0            
 42-09-10 2.79 -51 17.6       
25-11-11 2.84 70 0.7            
 26-06-10 2.70 -50 1.3          
27-02-11 2.91 60 2.0            
 25-06-13 3.07 -40 0.3          
27-12-10 2.64 52 2.8            
 30-12-10 2.86 -30 5.8          
26-03-25 2.85 50 1.1            
 54-03-10 2.69 -28 29.1       
332 1.4            -199 9.9          
26-01-02 2.60 100 0.9            
 25-08-23 2.96 -150 0.5          
54-09-10 2.67 71 29.6          
 25-08-20 2.96 -110 0.5          
47-03-10 2.74 60 22.1          
 25-10-22 2.87 -100 0.7          
26-03-10 2.64 56 1.1            
 25-03-10 2.85 -55 0.1          
55-03-10 2.66 40 30.1          
 25-03-10 2.74 0 0.1          
327 14.6          -415 0.5          
