5y
91d
0 0
0 0
0 0
KR Market
KR Bond(%,bp) YTM 1D 1W 1M
CD91D 2.840 -1.0 -11.0 -19.0
2.626 1.6 1.7 -2.9
 2.830 2.774 -
2.640 0.0 -4.4 2.0
 2.710 2.737 AAA
2.595 -0.5 -3.5 3.5
 2.690 2.788 AAA
2.680 -2.5 -6.7 -2.0
 3.130 3.080 AA-
2.753 -4.2 -12.2 -10.8
 6.500 3.812 A-
2.695 -4.9 -8.0 -10.5
 3.399 3.325 AA-
KR Credit(%,bp) YTM 1D 1W 1M
 2.840 2.836 AAA
3.131 -1.0 -5.5 -3.8
 4.700 3.497 AAA
3.175 -0.7 -3.2 1.9
 2.845 3.007 AAA
6.508 -0.5 -3.3 -0.7
 2.925 3.080 AAA
KTB Futures(tick)
 1D 1W
KTBF 3Y 4.0 17.0
 (십억계약,%,년)
LKTBF 10Y 46.0 130.0
KR Stock(%) Index 1D 1W 1M
KOSPI 0.41 -1.14 4.11
KOSDAQ 0.26 -0.88 5.86
FX Market(%) Price 1D 1W 1M
1,433.1 0.19 -0.38 0.13
960.2 0.12 1.12 4.15
1D(bp) 1D(bp) 1D(bp)
1Y 2.680 0.0 1Y 2.600 0
 5.4 -1.6
2Y 2.603 -0.7 2Y 2.545 -2.5
 -3.8 -0.7
3Y 2.585 -1.5 3Y 2.560 -2.5
 -1.0 -1.0
5Y 2.590 -3.5 5Y 2.600 -4
 -9.0 -1.0
10Y 2.640 -4.3 10Y 2.505 -4
 -11.3 -0.1
US Bond Market
US Bond(%,bp) YTM 1D 1W 1M
UST2Y 4.125 2.1 -14.7 -7.9
UST5Y 4.138 0.5 -23.2 -20.2
UST10Y 4.301 0.4 -23.3 -23.6
UST30Y 4.553 -0.4 -21.4 -22.0
KR Credit Market
 (계약수)
Bond Yield(%, bp) Yield 1D 1W 1M 3M 1Y
2.792 1.2 -0.2 -2.1 -29.0 -87
2.831 -0.5 -4.4 2.0 -8.9 -79.6
2.881 -2.5 -7.0 -6.6 -8.3 -75.5
2.836 1.4 -2.4 -2.6 -25.3 -86.4 Fund Flow (십억원)
2.876 -0.6 -3.6 2.1 -6.2 -87.8 YTD
2.941 -2.5 -6.9 -5.9 -6.1 -93.9 39,757
2.944 1.0 -0.5 -7.4 -29.2 -80.3 49,741
3.046 -1.0 -5.5 -3.3 -13.4 -87.6 30,529
3.274 -2.2 -7.1 -4.9 -4.7 -91.5 91,908
2.999 1.0 -0.5 -8.5 -31.0 -89.4 -10,621
3.131 -1.0 -5.5 -3.8 -14.1 -101.6 *는 T-2일 기준, 펀드는 설정액 및 ETF 제외 기준
3.379 -2.2 -7.4 -5.2 -5.0 -100.7 **는 T-4일 기준
3.682 1.0 -1.0 -9.7 -31.5 -116.2
4.023 -1.0 -5.5 -3.5 -11.9 -113
 (십억원)
4.507 -2.2 -7.4 -4.9 -4.2 -89.3
4.399 1.0 -1.0 -9.7 -31.5 -114.7
 - 74
4.821 -1.0 -5.5 -3.0 -11.4 -109
 AA- 60
5.191 -2.2 -7.4 -4.9 -4.2 -88.3
 AA0 30
4.971 1.0 -1.0 -9.7 -31.5 -114.7
 AAA 30
5.461 -1.0 -5.5 -3.0 -11.4 -107.5
 AAA 30
5.832 -2.2 -7.4 -4.9 -4.2 -88.3
 AAA 30
2.904 0.8 0.4 -7.4 -23.7 -83.1
 AAA 20
2.997 -1.0 -3.9 0.6 -8.0 -79.9
 AAA 20
3.055 -2.5 -7.0 -2.9 -4.8 -80.5
 AAA 20
2.949 1.0 1.3 -6.7 -21.0 -85.3
 A+ 20
3.099 -0.8 -3.4 1.7 -5.6 -80.9
 AA- 20
3.132 -2.6 -7.6 -3.8 -6.2 -90.6
 AA- 20
2.978 1.0 1.3 -6.7 -20.5 -86.5
 AA0 20
3.128 -0.6 -3.1 2.0 -5.4 -82.2
 AA- 20
3.194 -2.7 -7.6 -3.9 -6.0 -90.9 S-Oil58-1 AA0 20
3.009 1.0 1.3 -6.7 -20.3 -87.4
 AAA 20
3.175 -0.7 -3.2 1.9 -5.6 -83.4
 AAA 20
3.298 -2.7 -7.7 -3.9 -5.8 -91.3
 A+ 2017,702-7,222
-5,954
6,050
IRS(%) CRS(%) Spread(bp)
2,735
-3,281622
-183-2,703
-6,315
1,000
1,0001,050
20,000
3,000
2,000
1,300
1,200
700
7000.000
14,000
5,000
0
0
0
2.685
2.690
0.000
0.000
0
0
0
0
8,460
134,397 -683 -911 2,6611M
210,815 -1,374 -7,094 15,250
1D 1W
186,325 552 2,281
2026-11-27 - 4.3005,757
59,955 840 1,471 -7451,708,500 -1,340 -2,503
2.975 2.920
2025-06-05 2.979 2.9402027-02-26 - 3.140
2032-01-26 3.161 3.120
- 2.850
2030-02-26 - 2.9302026-08-07 2.834 2.820
2026-02-26 - 2.820
3.019 3.050
2025-08-01 3.056 3.0002025-06-09 3.191 3.040
2030-02-21 3.126 3.160
3.315 3.3502029-12-11 2.982 2.960
2036-03-04 3.092 3.0502027-01-15 3.241 3.400
2027-02-17 2.932 2.910▪
▪
▪
2,641.1
771.4106.8
119.3
2027-02-252025-08-282028-02-262025-10-31
MMF*
0
0
27Feb. 2025
27-02-26 2.71 300 2.0            
 34-12-10 2.75 -120 9.8          
31-06-10 2.80 120 6.3            
 28-03-10 2.66 -80 3.0          
25-12-10 2.62 90 0.8            
 34-06-10 2.77 -60 9.3          
27-01-02 2.63 90 1.8            
 42-09-10 2.73 -50 17.5       
30-12-10 2.77 80 5.8            
 27-03-10 2.65 -50 2.0          
680 3.0            -360 8.2          
34-12-10 2.76 77 9.8            
 34-06-10 2.78 -116 9.3          
55-03-10 2.60 30 30.1          
 25-09-30 2.58 -100 0.6          
42-09-10 2.73 20 17.5          
 46-03-10 2.73 -50 21.0       
54-03-10 2.53 20 29.1          
 50-03-10 2.57 -52 25.0       
54-09-10 2.60 15 29.6          
 28-06-10 2.69 -40 3.3          
162 18.7          -358 10.1       
25-04-30 2.83 235 0.2            
 26-03-10 2.59 -50 1.0          
55-03-10 2.60 66 30.1          
 25-06-03 2.85 -40 0.3          
32-12-10 2.80 50 7.8            
 34-12-10 2.75 -36 9.8          
28-02-26 2.84 40 3.0            
 29-09-10 2.67 -26 4.5          
25-03-07 2.93 40 0.0            
 34-06-10 2.77 -21 9.3          
431 5.9            -173 4.2          
54-09-10 2.60 130 29.6          
 52-03-10 2.67 -122 27.1       
34-12-10 2.75 90 9.8            
 33-06-10 2.80 -86 8.3          
30-12-10 2.76 70 5.8            
 27-12-10 2.58 -79 2.8          
25-12-10 2.61 50 0.8            
 28-06-10 2.68 -60 3.3          
25-04-30 2.83 40 0.2            
 27-03-10 2.64 -50 2.0          
380 13.6          -397 11.4       
