30Y
91d
0 0
0 0
0 0
KR Market
KR Bond(%,bp) YTM 1D 1W 1M
CD91D 3.280 0.0 -16.0 -15.0
2.692 1.3 -12.2 -15.1
 2.870 2.900 AAA
2.658 1.5 -18.4 -29.2
 2.870 2.961 AAA
2.585 2.0 -18.7 -35.7
 2.930 2.975
2.600 1.0 -21.0 -39.7
 2.900 2.897 AAA
2.712 1.2 -19.0 -37.8
 2.820 2.895 AAA
2.645 -0.7 -20.9 -37.6
 2.868 2.832 AAA
KR Credit(%,bp) YTM 1D 1W 1M
 2.919 2.866 AAA
3.212 1.5 -17.0 -32.5
 2.893 2.866 AAA
3.181 2.0 -16.7 -33.5
 3.000 - -
6.544 2.0 -18.9 -38.7
 4.000 - -
KTB Futures(tick)
 1D 1W
KTBF 3Y -7.0 46.0
 (십억계약,%,년)
LKTBF 10Y -18.0 156.0
KR Stock(%) Index 1D 1W 1M
KOSPI 1.86 -0.80 -1.66
KOSDAQ 2.21 -0.34 -5.25
FX Market(%) Price 1D 1W 1M
1,402.9 0.11 0.34 1.70
949.1 1.73 4.68 5.20
1D(bp) 1D(bp) 1D(bp)
1Y 2.823 0.5 1Y 2.655 -0.5
 13.1 -0.8
2Y 2.643 1.8 2Y 2.445 0
 -1.5 0.2
3Y 2.583 0.7 3Y 2.415 -1.5
 -0.2 -1.3
5Y 2.555 0.8 5Y 2.390 -1.5
 -4.5 -0.2
10Y 2.580 0.8 10Y 2.420 -1.5
 -13.2 -0.4
US Bond Market
US Bond(%,bp) YTM 1D 1W 1M
UST2Y 4.157 -2.7 -10.3 -5.3
UST5Y 4.066 -2.2 -12.7 -16.1
UST10Y 4.180 -1.5 -12.9 -20.5
UST30Y 4.356 -0.8 -12.6 -22.5
KR Credit Market
 (계약수)
Bond Yield(%, bp) Yield 1D 1W 1M 3M 1Y
3.002 0.8 -19.8 -18.5 -31.0 -88.6
2.852 2.0 -19.4 -34.2 -34.2 -100.4
2.878 1.2 -19.6 -36.1 -33.4 -100
2.998 -0.3 -22.9 -23.5 -34.7 -93.1 Fund Flow (십억원)
2.878 2.0 -18.7 -35.6 -34.9 -111.1 YTD
2.916 1.0 -20.5 -39.0 -35.3 -119.8 26,883
3.196 1.0 -14.5 -13.8 -26.4 -85.1 41,329
3.120 1.5 -17.0 -32.1 -36.6 -117.2 17,174
3.236 1.0 -20.0 -38.4 -37.4 -125.4 95,431
3.269 1.0 -14.5 -14.4 -27.8 -96.3 -10,548
3.212 1.5 -17.0 -32.5 -38.8 -132 *는 T-2일 기준, 펀드는 설정액 및 ETF 제외 기준
3.344 1.0 -20.0 -38.4 -38.4 -136.3 **는 T-4일 기준
3.962 1.5 -15.5 -18.3 -37.3 -112.9
4.087 2.0 -18.2 -36.3 -45.2 -130.5
 (십억원)
4.464 1.0 -21.0 -39.4 -38.9 -118.6
4.679 1.5 -15.5 -18.3 -37.8 -110.4
 AA0 120
4.880 2.0 -18.2 -36.3 -45.2 -126.5
 AAA 120
5.148 1.0 -21.0 -39.4 -38.9 -117.1
 AAA 100
5.251 1.5 -15.5 -18.3 -37.3 -109.4
 AA0 80
5.520 2.0 -18.2 -35.8 -44.2 -122.5
 AAA 70
5.789 1.0 -21.0 -39.4 -38.9 -116.3
 AA- 61
3.129 1.6 -11.6 -10.4 -19.7 -87.5
 AAA 50
3.020 2.0 -17.9 -33.3 -31.9 -99.9
 AAA 50
3.021 1.2 -20.2 -38.7 -34.3 -109.9
 AAA 40
3.145 1.3 -11.6 -11.3 -20.8 -93
 AA0 40
3.105 2.0 -16.8 -33.2 -31.7 -102.7
 AA+ 40
3.115 1.0 -19.3 -37.3 -33.8 -117.7
 AA0 30
3.169 1.3 -11.6 -11.3 -20.5 -94.6
 AA0 30
3.132 2.0 -16.9 -33.6 -32.7 -104.1
 AAA 30
3.174 1.0 -19.3 -37.5 -34.3 -118
 AAA 30
3.199 1.4 -11.5 -11.3 -20.4 -95.3
 AAA 30
3.181 2.0 -16.7 -33.5 -32.5 -105.7
 AAA 30
3.277 1.0 -19.3 -37.4 -34.4 -118.9
 AAA 3038,52764
-35,929
-2,479
IRS(%) CRS(%) Spread(bp)
2,494
2,775174
-1,530-979
-5,485
2,000
1,1002,000
5,900
5,100
5,000
3,000
2,400
1,000
2200.000
3,000
5,000
0
0
0
2.545
2.930
0.000
0.000
0
0
0
0
1,859
121,042 547 -177 1,6441M
197,940 2,321 -86 3,784
1D 1W
177,913 45 951
2032-03-31 4.289 4.2914,844
60,027 82 1,558 -1,1051,712,024 3,499 8,158
2.979 3.01
2027-10-01 2.91 2.972025-04-29 3.286 3.36
2026-06-02 3.003 3.08
2.987 2.99
2026-02-24 2.975 32025-02-20 3.415 3.37
2027-05-03 2.916 2.95
3.103 3.05
2026-11-27 3.281 3.232025-04-11 3.46 3.5
2025-03-07 3.455 3.43
2.941 2.992026-01-16 3.025 3.07
2026-05-09 2.974 3.042027-07-25 3.006 3.03
2026-01-31 2.986 2.97▪
▪
▪
2,500.1
690.8106.9
119.8
2026-09-062026-08-282026-04-082027-11-29
MMF*
0
0
4 Dec. 2024
26-06-03 2.87 350 1.5            
 26-07-02 2.70 -70 1.6          
26-12-03 2.82 130 2.0            
 29-03-10 2.64 -50 4.3          
25-12-03 2.95 130 1.0            
 26-03-10 2.70 -20 1.3          
26-10-02 2.63 100 1.8            
 54-09-10 2.57 -19 29.8       
25-06-10 2.80 90 0.5            
 25-09-10 2.73 -18 0.8          
800 1.4            -177 5.2          
26-07-02 2.70 220 1.6            
 39-09-10 2.70 -47 14.8       
26-12-03 2.90 170 2.0            
 26-12-10 2.63 -24 2.0          
27-12-03 2.87 150 3.0            
 26-03-27 3.16 -20 1.3          
29-12-03 2.92 130 5.0            
 32-03-31 4.30 -20 7.3          
29-11-30 2.77 70 5.0            
 54-03-10 2.60 -11 29.3       
740 2.9            -122 10.1       
26-06-03 2.87 40 1.5            
 34-06-10 2.70 -64 9.5          
26-12-03 2.82 30 2.0            
 26-10-02 2.64 -50 1.8          
26-03-10 2.71 30 1.3            
 26-06-10 2.67 -40 1.5          
25-07-25 3.12 30 0.6            
 26-12-10 2.63 -30 2.0          
54-03-10 2.60 26 29.3          
 26-07-02 2.69 -30 1.6          
156 6.0            -214 4.0          
25-06-10 2.77 200 0.5            
 26-03-10 2.75 -50 1.3          
54-09-10 2.57 59 29.8          
 27-06-10 2.62 -40 2.5          
34-12-10 2.68 50 10.0          
 29-12-10 2.68 -35 5.0          
25-03-04 2.94 50 0.2            
 25-12-10 2.72 -20 1.0          
27-06-10 2.56 45 2.5            
 27-03-10 2.62 -20 2.3          
404 6.2            -165 2.5          
