3y
91d
0 0
0 0
0 0
KR Market
KR Bond(%,bp) YTM 1D 1W 1M
CD91D 3.460 -1.0 -2.0 -9.0
3.044 -0.3 1.8 -15.9
 3.280 3.143 AAA
2.997 0.7 10.7 -14.6
 3.260 3.139 AAA
2.945 0.5 13.0 -14.8
 3.520 - AAA
2.959 0.2 12.9 -14.5
 3.355 3.238 AAA
3.002 -1.0 11.0 -16.5
 3.210 3.192 AAA
2.990 -1.0 8.3 -14.9
 5.350 6.201 A0
KR Credit(%,bp) YTM 1D 1W 1M
 3.187 3.152 AAA
3.506 0.5 14.8 -8.1
 3.500 3.238 AAA
3.426 0.8 14.3 -11.9
 3.33 3.397 AAA
6.999 0.5 12.7 -20.7
 3.329 3.336 AA+
KTB Futures(tick)
 1D 1W
KTBF 3Y -1 -1
 (십억계약,%,년)
LKTBF 10Y 8 -9
KR Stock(%) Index 1D 1W 1M
KOSPI 1.15 7.24 -8.35
KOSDAQ 1.08 11.78 -9.13
FX Market(%) Price 1D 1W 1M
1372 0.54 -0.20 -0.55
929.11 0.18 -3.63 7.45
1D(bp) 1D(bp) 1D(bp)
1Y 3.183 1.75 1Y 2.915 8
 13.9 2.05
2Y 2.983 1.00 2Y 2.77 4.5
 -1.5 0.30
3Y 2.908 -0.25 3Y 2.73 4.5
 -3.7 -0.75
5Y 2.870 -1.25 5Y 2.725 4
 -8.9 -1.45
10Y 2.908 -1.50 10Y 2.635 4
 -9.4 -0.50
US Bond Market
US Bond(%,bp) YTM 1D 1W 1M
UST2Y 4.019 -3.8 9.7 -43.5
UST5Y 3.748 -5 10.6 -35.5
UST10Y 3.905 -3.7 11.5 -27.9
UST30Y 4.202 -1.9 12.8 -19.6
KR Credit Market
 (계약수)
Bond Yield(%, bp) Yield 1D 1W 1M 3M 1Y
3.244 0.6 3.9 -10.9 -33.4 -55.7
3.145 0.6 12.1 -11.2 -47.5 -88.7
3.154 0.2 13.1 -11.1 -48.0 -92.7
3.286 0.6 5.9 -4.8 -35.8 -57.4 Fund Flow (십억원)
3.208 0.5 12.0 -13.4 -51.3 -96.5 YTD
3.224 0.1 12.3 -13.3 -60.2 -106 32257.3
3.403 0.5 3.5 -10.5 -34.2 -72.2 31698.7
3.392 0.5 12.8 -10.3 -47.8 -110.4 8837.8
3.532 0.3 13.5 -13.8 -59.6 -115.4 39623.1
3.460 0.5 4.0 -10.3 -35.3 -86.2 -523.3
3.506 0.5 14.8 -8.1 -49.5 -124 *는 T-2일 기준, 펀드는 설정액 및 ETF 제외 기준
3.655 0.3 13.5 -14.3 -63.6 -123.8 **는 T-4일 기준
4.383 0.0 2.0 -12.0 -38.1 -71.3
4.557 0.5 13.8 -11.2 -55.4 -99.3
 (십억원)
4.823 0.3 13.0 -13.5 -59.7 -101.1
5.105 0.0 2.0 -12.0 -37.1 -67.8
 AA0 90
5.350 0.5 13.8 -11.2 -54.1 -95.3
 - 80
5.507 0.3 13.0 -13.5 -59.2 -99.6
 AA0 60
5.672 0.0 2.0 -12.0 -37.6 -68.8
 - 60
5.980 0.5 13.8 -10.7 -53.6 -92.8
 - 60
6.148 0.3 13.0 -13.5 -59.2 -98.8
 AA0 50
3.285 0.0 2.3 -15.6 -36.8 -70.4
 AA- 40
3.298 0.5 13.8 -12.5 -45.7 -92.3
 AA- 40
3.304 0.5 13.9 -12.6 -53.9 -108.3
 AA+ 40
3.303 0.1 1.8 -15.8 -37.0 -78
 A0 40
3.346 0.8 14.1 -11.7 -45.3 -102.4
 A+ 30
3.369 0.3 13.5 -13.0 -58.7 -118.5
 A0 30
3.324 0.1 1.8 -16.3 -37.7 -80
 A+ 30
3.384 0.9 14.4 -11.8 -45.5 -102.1
 AA0 30
3.434 0.4 13.5 -13.0 -59.0 -118.1
 AA+ 26
3.353 0.1 1.8 -16.0 -37.9 -81
 - 20
3.426 0.8 14.3 -11.9 -46.7 -104.2
 - 20
3.537 0.3 13.5 -13.2 -59.5 -118.8 0 0 0▪
▪
▪
2618.30
772.72105.90
117.09
1900-01-002025-02-282028-01-282028-06-20
MMF*
0
0
0 02027-06-21 - 4.72
2027-06-20 - 4.542027-01-22 3.286 3.32
2034-08-06 4.299 4.263.576 3.58
2025-02-24 3.48 3.522024-12-09 3.64 3.58
2025-04-25 3.562 3.523.309 3.33
2027-02-05 3.424 3.432025-09-01 3.477 3.45
2024-10-08 3.555 3.57- 4.01
2031-06-10 - 3.992028-05-24 - 4.65
2027-02-25 3.304 3.31
2027-01-22 3.387 3.4-32.3
70052.1 -232 116.5 -1225.91656215.9 8472.6 3750.1
11317.4
112705.5 -825.2 -5912.9 -8381.71M
203314.8 -1870.8 -1417.3 -2154.7
1D 1W
168281.9 178.7 1143.7
0
0
0
0
0.000
20000
5000
0
0
0
2.935
3.210
0.000
0.000
800
7001000
2500
2500
2100
1400
1000
700
600
139-1145
7123
1010
IRS(%) CRS(%) Spread(bp)
-1610
-1128581
-14525
-260
13 Aug. 2024
25-07-02 3.04 60 0.9            
 26-03-10 3.03 -60 1.6          
27-08-13 3.19 60 3.0            
 32-06-10 3.04 -30 7.8          
27-08-29 3.08 50 3.0            
 27-06-10 2.95 -30 2.8          
26-06-10 2.98 50 1.8            
 33-12-10 3.01 -20 9.3          
26-02-12 3.21 50 1.5            
 32-12-10 3.04 -20 8.3          
270 2.0            -160 4.8          
27-08-12 3.26 70 3.0            
 25-07-02 3.03 -100 0.9          
43-09-10 3.00 55 19.1          
 33-06-10 3.02 -95 8.8          
26-08-12 3.28 40 2.0            
 25-06-10 3.11 -43 0.8          
28-06-10 2.98 40 3.8            
 24-11-08 3.31 -30 0.2          
34-06-10 3.00 37 9.8            
 25-03-06 3.39 -30 0.6          
242 7.7            -298 3.3          
25-08-12 3.52 140 1.0            
 34-06-10 3.00 -109 9.8          
27-06-10 2.95 130 2.8            
 25-06-10 3.10 -100 0.8          
26-08-12 3.28 60 2.0            
 54-03-10 2.91 -50 29.6       
25-08-12 3.50 60 1.0            
 26-12-10 2.97 -45 2.3          
42-09-10 3.00 51 18.1          
 24-09-10 3.31 -30 0.1          
441 3.7            -334 8.2          
24-11-12 3.22 410 0.3            
 26-06-10 2.99 -60 1.8          
26-03-10 3.03 151 1.6            
 26-06-10 3.00 -50 1.8          
25-10-02 3.04 120 1.1            
 25-03-10 3.11 -30.0 0.6          
25-06-10 3.05 120 0.8            
 28-12-10 2.99 -2.3 4.3          
25-07-02 3.02 100 0.9            
 29-12-10 2.99 -0.7 5.3          
901 0.7            -143 1.6          
