0 0
0 0
0 0
0 0
0 0
KR Market
KR Bond(%,bp) YTM 1D 1W 1M
CD91D 3.400 0.0 1.0 -13.0
2.833 -0.8 -5.2 -1.2
 3.080 3.106 AAA
2.881 0.1 -3.1 0.6
 3.530 3.571 AAA
2.880 -1.0 -3.5 6.8
 3.200 3.138 AAA
2.950 -0.3 -3.5 7.5
 3.279 3.196 AAA
3.060 -1.0 -2.0 6.3
 -3.162 AAA
2.988 -0.7 0.7 5.8
 3.133 3.196 AAA
KR Credit(%,bp) YTM 1D 1W 1M
 3.178 3.138 AAA
3.455 -1.0 -3.4 3.5
 3.136 3.196 AAA
3.451 -0.8 -3.5 5.7
 3.164 3.238 AAA
6.869 -3.0 -5.8 2.7
 4.300 3.731 AAA
KTB Futures(tick)
 1D 1W
KTBF 3Y 2 7
 (십억계약,%,년)
LKTBF 10Y 16 11
KR Stock(%) Index 1D 1W 1M
KOSPI 0.09 -0.41 -0.50
KOSDAQ -0.98 -3.43 -4.20
FX Market(%) Price 1D 1W 1M
1388.7 0.62 1.39 4.34
913.95 0.42 0.07 -1.40
1D(bp) 1D(bp) 1D(bp)
1Y 3.078 -0.250 1Y 2.775 3.5
 24.5 0.6
2Y 2.950 0.250 2Y 2.655 -0.5
 6.9 0.2
3Y 2.913 0.250 3Y 2.64 -0.5
 3.3 1.3
5Y 2.903 -0.500 5Y 2.645 -0.5
 -4.8 -0.2
10Y 2.943 -1.000 10Y 2.705 -0.5
 -11.8 0.0
US Bond Market
US Bond(%,bp) YTM 1D 1W 1M
UST2Y 4.1 2.6 15.7 54.6
UST5Y 4.1 3.1 18.6 53.9
UST10Y 4.2 2.8 15.7 45.5
UST30Y 4.5 2.5 10.8 35.9
KR Credit Market
 (계약수)
Bond Yield(%, bp) Yield 1D 1W 1M 3M 1Y
3.168 -0.6 -4.4 -3.1 -14.2 -93.1
3.130 -0.8 -4.3 4.7 -6.8 -145
3.191 -0.5 -4.4 5.3 -2.0 -148.2
3.200 0.0 -1.7 -1.8 -10.8 -95.1 Fund Flow (십억원)
3.172 -0.9 -3.2 6.1 -9.7 -145.9 YTD
3.254 -0.3 -3.8 6.0 -3.8 -155.6 27751.8
3.301 -0.5 -2.2 -1.0 -16.2 -100.8 37627.9
3.359 -1.0 -3.2 4.3 -5.7 -165.1 16563.1
3.575 -0.2 -3.7 6.5 -2.2 -169.3 80373.3
3.380 -0.5 -2.7 -2.3 -13.5 -110.7 -9556
3.455 -1.0 -3.4 3.5 -5.0 -181.2 *는 T-2일 기준, 펀드는 설정액 및 ETF 제외 기준
3.683 -0.2 -3.7 6.0 -3.7 -179.2 **는 T-4일 기준
4.130 -1.0 -4.0 -3.8 -33.8 -116.1
4.388 -1.3 -4.5 1.9 -19.8 -165.4
 (십억원)
4.813 -0.2 -3.7 6.0 -8.0 -159.3
4.847 -1.0 -4.5 -4.3 -34.3 -113.6
 AA- 100
5.181 -1.3 -4.5 1.9 -19.8 -161.4
 - 100
5.497 -0.2 -3.7 6.0 -8.0 -157.8
 - 90
5.419 -1.0 -4.0 -3.8 -33.8 -112.6
 C 86
5.811 -1.3 -4.5 1.9 -19.8 -158.4
 AA0 80
6.138 -0.2 -3.7 6.0 -8.0 -157
 A+ 76
3.208 -1.2 -5.4 -2.9 -19.4 -103.5
 A+ 66
3.301 -1.3 -4.1 5.3 -5.1 -138
 AA- 63
3.366 -0.3 -3.6 6.9 -0.5 -151.9
 - 60
3.230 -0.5 -4.7 -2.9 -19.2 -108.6 S-Oil56-1 AA0 50
3.372 -0.8 -3.5 6.2 -2.2 -145.2
 AA- 50
3.441 -0.3 -3.4 7.0 0.7 -161.4
 AAA 50
3.252 -0.5 -4.8 -2.9 -19.2 -110.8
 AA0 40
3.403 -0.8 -3.5 5.7 -2.7 -146.1
 AA+ 40
3.502 -0.3 -3.4 6.7 0.3 -161.8
 AA+ 40
3.282 -0.5 -4.7 -2.9 -19.0 -111.4
 AA- 40
3.451 -0.8 -3.5 5.7 -2.1 -147.8
 A+ 37
3.604 -0.3 -3.4 6.4 0.2 -162.5
 AA- 3016128-3075
-8521
5591
IRS(%) CRS(%) Spread(bp)
-644
-5884113
1349-1485
-2491
1100
600900
1300
5000
4000
3000
900
200
3000.000
0
0
0
0
0
0.000
0.000
0.000
0.000
0
0
0
0
0
0
0
0
2054.4
120430.8 -925.2 -749.9 2264.91M
198809.3 -1138.6 219.1 10806.8
1D 1W
174211.1 1564.5 1709.4
2025-04-28 3.464 3.524326.1
61019.4 239.4 -256.4 -411.61696966.1 3379.1 10893.1
- 20
2025-01-25 3.422 3.532025-01-24 - 5
2026-10-25 - 4.3
- 4
2028-07-06 - 3.942027-10-22 3.676 3.72
2029-10-25 - 3.86
3.16 3.15
2026-07-23 3.235 3.282025-03-10 3.362 3.29
2025-06-12 3.318 3.34
3.762 3.562025-01-17 3.511 3.61
2027-10-25 - 3.552025-05-28 3.35 3.3
2027-02-05 3.407 3.37▪
▪
▪
2583.27
727.41106.00
116.60
2025-02-032025-11-232099-12-312030-04-25
MMF*
0
0
28 Oct. 2024
27-10-25 3.20 160 3.0            
 29-12-10 3.03 -100 5.1          
26-10-25 3.18 110 2.0            
 25-10-04 3.24 -50 0.9          
34-10-25 3.53 110 10.0          
 25-04-10 3.34 -40 0.5          
29-10-25 3.28 90 5.0            
 26-07-02 2.94 -30 1.7          
29-10-25 3.13 90 5.0            
 26-10-02 2.88 -30 1.9          
560 4.8            -250 2.7          
34-10-25 3.53 190 10.0          
 25-10-02 2.82 -50 0.9          
29-11-23 3.45 110 5.1            
 25-03-10 2.90 -50 0.4          
26-04-25 3.20 70 1.5            
 25-06-10 2.94 -40 0.6          
29-10-25 3.28 56 5.0            
 28-03-10 2.98 -10 3.4          
27-10-25 4.46 40 3.0            
 28-09-13 3.09 -10 3.9          
466 6.4            -160 1.0          
26-10-25 3.18 80 2.0            
 34-06-10 3.06 -90 9.6          
27-10-25 3.20 70 3.0            
 54-03-10 2.93 -43 29.4       
26-04-25 3.20 70 1.5            
 25-12-10 2.91 -20 1.1          
29-10-25 3.28 64 5.0            
 25-05-13 3.33 -20 0.5          
27-04-25 3.21 63 2.5            
 27-07-30 3.07 -20 2.8          
347 2.7            -193 11.5       
28-03-10 2.97 70 3.4            
 25-03-10 2.91 -50 0.4          
54-03-10 2.94 30 29.4          
 51-03-10 2.50 -19 26.4       
25-12-10 2.91 30 1.1            
 54-09-10 2.92 -16.3 29.9       
34-06-10 3.05 21 9.6            
 33-06-10 3.08 -10.0 8.6          
26-10-25 3.08 20 2.0            
 25-10-02 2.84 -10.0 0.9          
170 8.2            -105 10.5       
