3Y
91d
2Y
1Y
0 0
KR Market
KR Bond(%,bp) YTM 1D 1W 1M
CD91D 3.330 3.0 5.0 -10.0
2.693 0.0 -0.9 -13.7
 2.905 3.013 AAA
2.669 1.2 -2.9 -27.3
 3.067 3.102 AA+
2.535 1.9 -9.0 -36.5
 2.918 3.009 AAA
2.615 3.3 -2.7 -33.4
 3.045 3.075 AA+
2.687 4.7 -7.8 -34.8
 3.078 3.233 AA-
2.610 4.3 -6.5 -36.5
 3.058 3.086 AA+
KR Credit(%,bp) YTM 1D 1W 1M
 2.963 3.272 AAA
3.250 2.8 -0.2 -24.0
 3.086 3.236 AA-
3.199 2.4 -2.2 -26.9
 3.089 3.220 AA-
6.558 1.8 -2.6 -30.9
 3.070 3.225 AA-
KTB Futures(tick)
 1D 1W
KTBF 3Y -9.0 -6.0
 (십억계약,%,년)
LKTBF 10Y -60.0 -38.0
KR Stock(%) Index 1D 1W 1M
KOSPI 1.02 -0.87 -3.52
KOSDAQ 2.17 -0.18 -7.26
FX Market(%) Price 1D 1W 1M
1,432.2 0.37 1.57 2.69
943.7 -0.19 0.36 3.62
1D(bp) 1D(bp) 1D(bp)
1Y 2.808 2.5 1Y 2.590 3.5
 11.5 2.5
2Y 2.610 1.8 2Y 2.430 3.5
 -5.9 0.6
3Y 2.555 1.8 3Y 2.390 3.5
 2.0 -0.2
5Y 2.553 3.3 5Y 2.350 4.5
 -6.3 -0.1
10Y 2.600 4.3 10Y 2.375 4.5
 -8.7 -0.4
US Bond Market
US Bond(%,bp) YTM 1D 1W 1M
UST2Y 4.157 1.0 2.5 -9.9
UST5Y 4.136 3.7 6.6 -5.7
UST10Y 4.275 4.7 9.3 -3.2
UST30Y 4.484 6.4 13.8 1.3
KR Credit Market
 (계약수)
Bond Yield(%, bp) Yield 1D 1W 1M 3M 1Y
3.006 -0.1 -0.4 -18.7 -22.9 -86.5
2.857 1.9 -3.5 -29.5 -28.2 -95.2
2.902 3.1 -1.8 -29.4 -25.3 -90.3
2.997 0.4 -0.3 -24.0 -26.6 -89.9 Fund Flow (십억원)
2.887 1.9 -3.1 -30.1 -28.0 -103.8 YTD
2.937 3.5 -1.9 -31.5 -27.5 -110 19,814
3.213 0.7 0.7 -12.7 -17.0 -80.1 42,230
3.158 2.8 -0.2 -23.6 -24.1 -102.6 18,838
3.261 3.3 -1.7 -30.9 -28.4 -109.2 102,777
3.286 0.7 0.7 -13.3 -18.9 -89.1 -8,406
3.250 2.8 -0.2 -24.0 -26.3 -114.9 *는 T-2일 기준, 펀드는 설정액 및 ETF 제외 기준
3.369 3.3 -1.7 -30.9 -29.4 -118.6 **는 T-4일 기준
3.974 0.2 0.2 -16.1 -26.9 -105.7
4.125 2.8 -0.2 -27.5 -33.2 -117.4
 (십억원)
4.489 3.3 -1.7 -31.9 -29.9 -103.9
4.691 0.2 0.2 -16.1 -27.4 -103.7 SK302-1 AA+ 150
4.918 2.8 -0.2 -27.5 -33.2 -113.9
 AA- 120
5.173 3.3 -1.7 -31.9 -29.9 -102.9
 AAA 80
5.263 0.2 0.2 -16.1 -26.9 -102.7
 AA0 70
5.558 2.8 -0.2 -27.0 -32.2 -109.9
 AAA 60
5.814 3.3 -1.7 -31.9 -29.9 -102.1 LF12 AA- 50
3.124 0.2 -1.2 -11.5 -14.3 -85.3
 AA0 40
3.032 1.9 -2.8 -28.1 -26.3 -92.8
 AAA 40
3.044 3.5 -1.8 -31.2 -26.8 -99.6
 AAA 40
3.146 0.0 -0.8 -11.7 -14.5 -89.4
 AA- 40
3.124 2.4 -2.1 -26.6 -24.1 -94.1
 AA+ 40
3.143 3.7 -1.4 -29.5 -24.5 -106.8
 AA- 40
3.172 0.0 -0.6 -11.5 -13.9 -90.8
 AA+ 40
3.151 2.3 -2.2 -26.9 -25.1 -95.4
 AA- 40
3.202 3.7 -1.4 -29.7 -25.1 -107.2
 AAA 30
3.201 0.0 -0.6 -11.5 -14.0 -91.7
 AA0 30
3.199 2.4 -2.2 -26.9 -24.9 -97.1 SK312-2 AA+ 20
3.304 3.6 -1.5 -29.8 -25.3 -108.1
 AA+ 20-15,09511,975
15,421
-8,997
IRS(%) CRS(%) Spread(bp)
-3,186
-7,455630
1,738-1,077
1,886
400
400500
1,700
1,100
900
700
600
300
3000.000
2,000
5,000
1,000
4,000
0
2.530
2.960
2.595
2.710
0
1,490
122,706 581 672 1,4521M
190,871 -2,682 -11,269 -7,438
1D 1W
178,813 120 425
2025-02-22 3.321 3.5612,970
62,170 2,051 2,051 1,8651,719,369 9,701 9,701
3.049 3.02
2027-12-10 - 2.922025-04-28 3.98 3.96
2027-02-22 2.916 2.95
3.049 3.06
2026-05-12 3.046 3.062027-07-02 3.099 3.17
2027-10-04 2.981 3.01
3.227 3.25
2025-02-20 3.267 3.422026-10-08 3.191 3.23
2026-05-31 3.055 3.1
3.016 3.092026-03-09 3.191 3.2
2027-08-27 3.065 3.112025-04-18 3.414 3.46
2025-06-16 3.336 3.37▪
▪
▪
2,442.5
675.9106.8
119.3
2031-02-192026-04-122026-01-162026-02-02
MMF*
0
12Dec. 2024
26-12-10 2.65 330 2.0            
 34-06-10 2.77 -74 9.5          
25-06-10 2.84 90 0.5            
 30-06-10 2.75 -50 5.5          
27-06-10 2.59 70 2.5            
 25-02-22 3.39 -30 0.2          
27-09-03 2.66 70 2.7            
 25-03-02 3.31 -30 0.2          
25-11-09 2.73 70 0.9            
 25-07-24 3.19 -30 0.6          
630 1.8            -214 4.7          
29-11-30 2.79 137 5.0            
 31-12-10 2.77 -40 7.0          
34-06-10 2.76 109 9.5            
 26-12-10 2.66 -34 2.0          
25-09-10 2.77 110 0.7            
 51-03-10 2.57 -35 26.3       
54-09-10 2.53 85 29.8          
 25-03-10 2.94 -30 0.2          
26-10-02 2.67 50 1.8            
 27-06-10 2.60 -20 2.5          
491 9.0            -159 8.3          
27-12-10 2.53 76 3.0            
 25-01-02 3.16 -40 0.1          
26-07-02 2.69 50 1.6            
 27-02-04 4.10 -40 2.2          
27-12-10 3.05 50 3.0            
 25-01-31 2.98 -30 0.1          
29-09-10 2.60 44 4.8            
 27-06-28 3.16 -20 2.5          
26-10-02 2.67 40 1.8            
 26-01-16 3.06 -20 1.1          
260 2.8            -150 1.1          
27-09-03 2.67 170 2.7            
 31-12-10 2.75 -41 7.0          
54-09-10 2.52 70 29.8          
 31-06-10 2.71 -11 6.5          
25-11-09 2.71 60 0.9            
 52-09-10 3.86 -11 27.8       
51-03-10 2.53 50 26.3          
 49-03-10 2.59 -3 24.3       
26-09-10 2.65 41 1.7            
 54-03-10 2.55 -1 29.3       
391 10.2          -66 11.3       
