2y
91d
30y
30y
2y
KR Market
KR Bond(%,bp) YTM 1D 1W 1M
CD91D 3.010 1.0 -2.0 -9.0
2.631 -0.8 -2.4 -1.7
 3.384 3.172 AA-
2.645 -0.2 2.5 0.0
 3.012 - AA
2.572 -0.8 1.2 5.0
 3.255 3.106 AA-
2.675 -2.7 -2.5 -1.0
 3.182 - AA
2.812 -2.8 -4.9 -0.8
 3.372 3.172 AA-
2.739 -5.1 -6.1 -2.5
 3.239 3.106 AA-
KR Credit(%,bp) YTM 1D 1W 1M
 3.081 3.131 AA+
3.166 -1.3 -0.3 -8.0
 2.935 2.960 AA
3.161 -1.2 0.5 -4.2
 3.102 - AA
6.512 -1.2 -0.3 -3.5
 - - -
KTB Futures(tick)
 1D 1W
KTBF 3Y 1.0 -4.0
 (십억계약,%,년)
LKTBF 10Y 31.0 59.0
KR Stock(%) Index 1D 1W 1M
KOSPI 1.11 -1.09 0.83
KOSDAQ 1.54 0.31 1.81
FX Market(%) Price 1D 1W 1M
1,444.3 -1.27 0.91 -1.73
941.8 0.77 2.15 1.76
1D(bp) 1D(bp) 1D(bp)
1Y 2.693 1.0 1Y 2.675 -0.5
 6.2 1.8
2Y 2.590 -0.2 2Y 2.550 -1
 -5.5 -0.1
3Y 2.575 -1.0 3Y 2.575 -0.5
 0.3 -0.2
5Y 2.583 -2.0 5Y 2.595 -0.5
 -9.2 0.7
10Y 2.638 -2.0 10Y 2.560 -2
 -17.5 0.8
US Bond Market
US Bond(%,bp) YTM 1D 1W 1M
UST2Y 4.191 -2.5 -2.7 -8.6
UST5Y 4.260 -6.3 -7.5 -17.0
UST10Y 4.442 -7.3 -8.8 -19.0
UST30Y 4.668 -8.0 -10.5 -18.2
KR Credit Market
 (계약수)
Bond Yield(%, bp) Yield 1D 1W 1M 3M 1Y
2.792 -0.9 -2.1 -11.6 -40.4 -81
2.823 -0.8 1.2 -0.5 -35.0 -75.6
2.918 -2.9 -2.9 -4.1 -30.1 -67.7
2.845 -1.0 -1.7 -7.1 -39.6 -78.9 Fund Flow (십억원)
2.866 -0.9 1.1 0.1 -34.6 -84.3 YTD
2.973 -2.7 -2.7 -3.6 -31.0 -85.8 33,214
2.978 -2.0 -4.0 -17.0 -36.9 -75.9 42,692
3.076 -1.3 -0.3 -7.8 -34.8 -88.6 26,890
3.293 -3.2 -3.0 -5.0 -30.7 -88.4 97,532
3.044 -2.0 -4.0 -18.2 -38.2 -85.4 -10,304
3.166 -1.3 -0.3 -8.0 -35.4 -102.6 *는 T-2일 기준, 펀드는 설정액 및 ETF 제외 기준
3.401 -3.2 -3.0 -5.0 -30.7 -97.3 **는 T-4일 기준
3.739 -2.0 -4.0 -16.0 -40.6 -108
4.055 -1.3 -0.3 -5.3 -37.5 -109.3
 (십억원)
4.526 -3.2 -3.0 -4.0 -31.2 -83.9
4.456 -2.0 -4.0 -16.0 -40.6 -106
 AAA 130
4.848 -1.3 -0.3 -5.3 -37.5 -105.8
 AA- 120
5.210 -3.2 -3.0 -4.0 -31.2 -82.9
 AA0 100
5.028 -2.0 -4.0 -16.0 -40.6 -105
 AA0 100
5.488 -1.3 -0.3 -5.3 -37.0 -102.3
 AAA 90
5.851 -3.2 -3.0 -4.0 -31.2 -82.1
 AA- 80
2.942 -1.1 -3.6 -10.3 -30.3 -77
 AA0 80
2.996 -1.2 0.5 -5.1 -33.5 -78.4
 AAA 80
3.060 -2.7 -2.4 -5.6 -32.4 -77.5
 AAA 80
2.983 -1.2 -3.3 -10.1 -28.9 -81.9
 AA0 70
3.086 -1.2 0.4 -4.3 -32.0 -81.6
 AA- 70
3.147 -2.7 -2.3 -6.6 -31.7 -86.3
 AA0 70
3.012 -1.2 -3.3 -9.9 -28.4 -83.1
 AA+ 70
3.113 -1.2 0.5 -4.2 -32.3 -83.1
 AAA 60
3.209 -2.7 -2.4 -6.4 -31.6 -86.6
 AAA 60
3.043 -1.2 -3.3 -9.8 -28.2 -84
 AA- 60
3.161 -1.2 0.5 -4.2 -32.3 -84.7
 AA+ 60
3.314 -2.7 -2.3 -6.4 -31.4 -87.2
 - 60▪
▪
▪
2,509.3
731.0106.9
118.7
2054-11-082025-06-252028-01-172025-04-11
MMF*
- 5.1002027-02-05 - 3.250
2026-09-03 3.043 2.9902025-04-25 3.091 3.090
2028-04-25 2.906 2.9003.075 3.070
2028-01-24 2.989 2.9802027-09-12 2.979 3.010
2030-01-23 3.092 3.1202.956 2.940
2029-05-28 2.961 2.9602026-11-27 3.176 3.080
2027-01-22 2.961 3.0003.134 3.220
2027-12-08 2.949 2.9302028-02-04 - 3.380
2027-10-04 2.954 2.970
2025-04-12 3.065 3.140-13,878
60,271 #N/A 0 -1771,714,124 #N/A 0
#N/A
130,758 134 #N/A #N/A1M
204,272 11,535 #N/A #N/A
1D 1W
179,275 1,155 #N/A
2.640
10,000
3,800
29,000
29,000
20,000
2.635
2.850
2.735
2.730
700
500900
2,100
2,000
1,800
1,400
1,400
500
150
28,129-1,829
-33,502
1,661
IRS(%) CRS(%) Spread(bp)
-2,579
3,161271
2991,797
1,735
6 Feb. 2025
52-03-10 2.75 240 27.1          
 55-03-10 2.74 -395 30.1       
27-01-02 2.65 140 1.9            
 54-09-10 2.73 -71 29.6       
26-02-04 2.82 90 1.0            
 26-07-02 2.69 -70 1.4          
29-09-10 2.70 90 4.6            
 29-12-10 2.75 -47 4.8          
29-03-10 2.73 80 4.1            
 28-05-15 2.78 -30 3.3          
640 11.9          -613 23.5       
54-09-10 2.74 871 29.6          
 34-06-10 2.89 -134 9.4          
55-03-10 2.74 278 30.1          
 27-03-13 2.80 -90 2.1          
27-12-10 2.59 44 2.8            
 28-06-10 2.70 -40 3.3          
54-03-10 2.68 40 29.1          
 54-03-10 2.73 -35 29.1       
26-07-02 2.70 40 1.4            
 32-06-10 2.89 -30 7.4          
1,273 27.9          -329 8.6          
28-02-04 2.84 140 3.0            
 29-10-28 2.96 -30 4.7          
27-08-04 2.73 140 2.5            
 28-03-10 2.69 -20 3.1          
55-03-10 2.74 103 30.1          
 27-03-05 2.97 -20 2.1          
26-02-04 3.06 80 1.0            
 27-10-22 3.17 -20 2.7          
27-12-10 2.58 80 2.8            
 25-03-07 3.15 -20 0.1          
543 7.7            -110 2.7          
55-03-10 2.72 230 30.1          
 25-08-28 2.97 -200 0.6          
52-03-10 2.75 120 27.1          
 25-09-06 2.95 -100 0.6          
26-09-10 2.67 107 1.6            
 25-10-24 2.87 -100 0.7          
34-12-10 2.83 59 9.9            
 27-06-10 2.61 -60 2.3          
26-06-10 2.67 43 1.3            
 29-12-10 2.75 -47 4.8          
559 19.7          -507 1.2          
