10y
0 0
0 0
0 0
0 0
KR Market
KR Bond(%,bp) YTM 1D 1W 1M
CD91D 3.540 -1.0 -3.0 -6.0
3.198 -0.5 1.8 -14.8
 3.210 3.222 AAA
3.125 -1.8 -1.7 -18.4
 3.230 3.230 AAA
3.072 -2.1 -4.8 -17.0
 3.340 3.334 AAA
3.097 -0.7 -4.5 -16.5
 5.680 6.339 A0
3.175 0.8 -3.5 -12.5
 3.270 3.256 AAA
3.145 0.6 -3.5 -12.2
 3.757 3.585 AA-
KR Credit(%,bp) YTM 1D 1W 1M
 4.694 4.511 A+
3.562 -2.5 -5.8 -21.2
 4.738 4.586 A+
3.522 -2.3 -5.2 -17.6
 4.68 4.496 A+
7.183 -2.3 -5.3 -20.0
 4.683 4.496 A+
KTB Futures(tick)
 1D 1W
KTBF 3Y 5 14
 (십억계약,%,년)
LKTBF 10Y -4 26
KR Stock(%) Index 1D 1W 1M
KOSPI 0.14 0.11 3.72
KOSDAQ 0.30 -0.74 -1.08
FX Market(%) Price 1D 1W 1M
1382.8 0.23 -0.04 0.25
875.66 1.27 1.96 -0.19
1D(bp) 1D(bp) 1D(bp)
1Y 3.300 -2.00 1Y 3.245 -1
 10.2 -1.50
2Y 3.133 -1.75 2Y 2.97 -1.5
 0.7 0.05
3Y 3.063 -1.50 3Y 2.915 0
 -1.0 0.60
5Y 3.040 -0.50 5Y 2.91 0.5
 -5.7 0.20
10Y 3.080 1.00 10Y 2.825 0.5
 -9.5 0.20
US Bond Market
US Bond(%,bp) YTM 1D 1W 1M
UST2Y 4.46 0.6 -17.1 -25.5
UST5Y 4.134 3.1 -10.8 -11
UST10Y 4.231 4.7 -5.1 0.5
UST30Y 4.459 6.1 -0.8 10.7
KR Credit Market
 (계약수)
Bond Yield(%, bp) Yield 1D 1W 1M 3M 1Y
3.346 -0.7 1.3 -18.4 -22.7 -48
3.236 -2.1 -6.0 -18.0 -39.6 -78.6
3.257 -0.8 -4.6 -15.1 -41.9 -78.7
3.332 -0.2 1.7 -21.5 -25.6 -53.5 Fund Flow (십억원)
3.321 -2.1 -4.9 -18.0 -42.1 -81.5 YTD
3.349 -0.8 -4.5 -18.8 -54.7 -87.6 35417.4
3.503 -0.5 1.2 -15.7 -20.7 -62.9 20904
3.470 -2.5 -5.8 -19.3 -42.1 -93.6 16165.9
3.662 -0.8 -5.5 -19.7 -53.4 -95.3 39655.4
3.558 -0.5 1.2 -15.0 -22.8 -72.7 702.6
3.562 -2.5 -5.8 -21.2 -48.7 -104.7 *는 T-2일 기준, 펀드는 설정액 및 ETF 제외 기준
3.790 -0.8 -5.8 -20.8 -58.2 -101.5 **는 T-4일 기준
4.503 0.0 1.7 -16.1 -26.6 -58.3
4.641 -2.8 -6.1 -22.5 -51.8 -83.9
 (십억원)
4.950 -0.8 -5.0 -19.2 -52.0 -79.6
5.225 0.0 1.7 -16.1 -25.6 -56.8
 AA0 50
5.434 -2.8 -6.1 -21.7 -49.0 -80.4
 AAA 40
5.634 -0.8 -5.0 -19.2 -51.5 -79.2
 AA- 30
5.792 0.0 1.7 -16.6 -26.1 -58.3
 AA- 30
6.064 -2.3 -5.6 -21.2 -48.5 -78.4
 AA- 30
6.275 -0.8 -5.0 -19.2 -51.5 -78.8
 AA+ 30
3.436 -0.5 1.3 -15.9 -24.4 -54.9
 AA- 30
3.402 -2.1 -4.2 -17.3 -42.0 -79.1
 AA- 30
3.423 -0.7 -3.0 -16.5 -48.6 -91.1
 AA0 30
3.456 -0.5 1.1 -16.8 -25.2 -62.7
 AAA 30
3.442 -2.1 -4.9 -17.3 -44.9 -87.4
 AA0 30
3.492 -0.7 -4.8 -19.1 -56.9 -98.7
 AA0 30
3.480 -0.7 1.3 -16.5 -26.3 -64.1
 AA+ 30
3.480 -2.2 -5.2 -17.4 -45.5 -87.7
 AA0 30
3.557 -0.7 -4.9 -19.5 -56.9 -98.8
 AA+ 20
3.506 -0.7 1.3 -16.8 -27.5 -65
 AAA 20
3.522 -2.3 -5.2 -17.6 -46.9 -89.8
 20
3.662 -0.7 -4.8 -20.2 -57.2 -99
 AA- 1844227-13299
-25504
14461
IRS(%) CRS(%) Spread(bp)
2179
-954417
741-2415
-6275
900
6001000
3400
2500
2000
2000
1500
500
2000.000
24000
0
0
0
0
3.185
0.000
0.000
0.000
0
0
0
0
0
0
3910.3
120033.6 -1053.6 423.3 5128.31M
206474.9 1005.4 2408.6 3205.3
1D 1W
157487.2 522.7 1451.5
2026-04-27 3.361 3.3524232.3
71278 -48.2 -535.1 -1129.61656248.2 3636.7 8535.1
3.57 3.43
2026-06-12 3.649 3.592024-09-06 3.434 3.44
2024-08-09 3.69 3.48
3.841 3.79
2024-10-10 3.492 3.472027-06-27 3.326 3.36
2026-02-27 3.866 3.82
3.346 3.35
2026-01-27 3.332 3.332027-06-26 3.459 3.44
2025-02-14 3.603 3.59
3.687 3.62029-01-16 3.33 3.37
2025-07-15 - 6.892026-07-11 3.503 3.49
2026-03-04 3.471 3.44▪
▪
▪
2860.92
852.88105.53
115.51
2024-10-072026-02-132026-02-272024-10-24
MMF*
0
0
16 Jul. 2024
24-10-15 3.28 350 0.3            
 26-12-10 3.12 -80 2.4          
27-01-15 3.21 310 2.5            
 25-03-10 3.21 -50 0.7          
26-01-15 3.23 240 1.5            
 26-04-02 3.15 -50 1.7          
25-07-09 3.22 40 1.0            
 33-12-10 3.21 -30 9.4          
25-09-10 3.13 36 1.2            
 25-06-10 3.19 -30 0.9          
976 1.3            -240 2.6          
26-01-15 3.27 150 1.5            
 24-09-10 3.38 -100 0.2          
25-04-02 3.27 100 0.7            
 24-08-29 3.48 -50 0.1          
24-08-09 3.42 100 0.1            
 25-08-31 3.63 -40 1.1          
25-03-10 3.22 80 0.7            
 27-02-17 3.70 -30 2.6          
25-07-15 3.34 50 1.0            
 29-06-10 3.15 -30 4.9          
480 0.8            -250 1.2          
34-06-10 3.18 176 9.9            
 26-12-10 3.11 -112 2.4          
25-07-15 3.34 140 1.0            
 25-06-10 3.21 -100 0.9          
24-09-10 3.50 101 0.2            
 24-08-09 3.50 -100 0.1          
42-09-10 3.14 70 18.2          
 24-08-01 3.47 -50 0.0          
26-07-15 4.69 60 2.0            
 29-03-10 3.11 -45 4.7          
547 6.0            -407 1.4          
24-10-15 3.25 110 0.3            
 25-06-10 3.19 -70 0.9          
54-03-10 3.07 60 29.7          
 29-03-10 3.12 -1 4.7          
26-03-10 3.17 60 1.7            
 30-12-10 3.18 -1.0 6.4          
34-06-10 3.20 50 9.9            
 43-09-10 3.15 -0.6 19.2       
25-07-09 3.21 40 1.0            
 25-09-10 3.09 -0.6 1.2          
320 7.6            -74 1.2          
