10Y
10Y
91d
0 0
0 0
KR Market
KR Bond(%,bp) YTM 1D 1W 1M
CD91D 3.440 0.0 0.0 5.0
2.841 -1.0 1.1 -4.4
 3.050 3.058
2.940 -2.0 -0.6 2.8
 3.240 3.322 AAA
2.887 -2.8 -1.3 -2.8
 3.130 3.131 AAA
2.935 -3.0 -0.5 -5.0
 3.170 3.175 AAA
3.035 -2.5 2.0 -4.5
 3.180 3.183 AAA
2.983 -1.6 1.9 0.2
 3.250 3.260 AAA
KR Credit(%,bp) YTM 1D 1W 1M
 3.155 3.193 AAA
3.477 -2.3 -1.3 -1.2
 3.220 3.227 AAA
3.448 -2.7 -1.7 -3.8
 8.000 - -
6.846 -2.8 -1.6 -8.1
 - - -
KTB Futures(tick)
 1D 1W
KTBF 3Y 8.0 15.0
 (십억계약,%,년)
LKTBF 10Y 25.0 28.0
KR Stock(%) Index 1D 1W 1M
KOSPI 0.12 -0.43 -4.70
KOSDAQ -0.50 -3.43 -8.91
FX Market(%) Price 1D 1W 1M
1,390.9 -0.31 -0.90 1.55
907.1 0.78 -1.09 -0.68
1D(bp) 1D(bp) 1D(bp)
1Y 3.128 -2.3 1Y 2.875 -2
 28.7 -1.3
2Y 2.975 -2.7 2Y 2.760 -1.5
 3.5 -0.7
3Y 2.920 -3.0 3Y 2.760 -0.5
 3.3 -0.2
5Y 2.903 -3.0 5Y 2.700 -1
 -3.3 0.0
10Y 2.930 -3.0 10Y 2.740 -1
 -10.5 -0.5
US Bond Market
US Bond(%,bp) YTM 1D 1W 1M
UST2Y 4.285 0.3 -5.9 33.5
UST5Y 4.264 -1.4 -5.0 38.4
UST10Y 4.401 -1.5 -2.9 31.6
UST30Y 4.584 -2.7 1.5 19.1
KR Credit Market
 (계약수)
Bond Yield(%, bp) Yield 1D 1W 1M 3M 1Y
3.216 -1.1 2.2 0.4 -4.3 -78.6
3.146 -2.6 -0.4 -2.7 -2.5 -89.3
3.182 -3.0 -0.3 -5.3 0.6 -88
3.250 -1.0 1.2 3.3 -7.5 -79.6 Fund Flow (십억원)
3.174 -2.7 -1.4 -3.0 -5.3 -96.1 YTD
3.240 -3.0 -0.3 -5.2 0.4 -100.6 31,429
3.355 -1.0 1.5 3.2 -7.8 -84.9 39,986
3.383 -2.3 -1.1 -0.8 -6.4 -117.9 14,611
3.558 -3.0 -0.5 -5.4 -0.4 -114.7 92,793
3.431 -1.0 1.2 2.4 -7.4 -97.1 -11,836
3.477 -2.3 -1.3 -1.2 -8.4 -134.5 *는 T-2일 기준, 펀드는 설정액 및 ETF 제외 기준
3.666 -3.0 -0.5 -5.4 -1.9 -125.6 **는 T-4일 기준
4.142 -1.0 0.7 -2.8 -23.6 -110.9
4.379 -2.8 -1.8 -5.4 -18.8 -125.8
 (십억원)
4.796 -3.0 -0.5 -5.4 -2.7 -106.4
4.859 -1.0 0.7 -3.3 -24.1 -108.4
 - 140
5.172 -2.8 -1.8 -5.4 -18.8 -121.8
 - 100
5.480 -3.0 -0.5 -5.4 -2.7 -104.9
 AAA 70
5.431 -1.0 0.7 -2.8 -23.6 -107.4
 AA0 60
5.807 -2.8 -1.8 -4.9 -18.3 -118.3
 AA- 50
6.121 -3.0 -0.5 -5.4 -2.7 -104.1
 AA+ 40
3.263 -0.3 2.2 0.1 -4.7 -89.7
 - 32
3.303 -2.7 -1.3 -3.9 -0.7 -89.4
 AA- 30
3.346 -3.0 -0.3 -5.6 2.4 -95.3
 AA- 30
3.283 -0.7 1.8 0.6 -4.4 -95.8
 AA- 30
3.373 -2.5 -1.4 -3.4 -0.2 -96.7 KT187-4 AAA 30
3.426 -2.8 -0.6 -4.9 2.3 -105.2
 AAA 30
3.309 -0.6 2.0 0.9 -3.8 -97.4
 AAA 20
3.400 -2.7 -1.7 -3.8 -1.2 -98.1
 AAA 20
3.485 -2.8 -0.7 -5.1 1.8 -105.6
 AA+ 20
3.338 -0.7 2.0 0.9 -3.9 -98.1
 AAA 20
3.448 -2.7 -1.7 -3.8 -1.0 -99.8
 AA- 20
3.588 -2.8 -0.6 -5.0 1.7 -106.4
 - 15▪
▪
▪
2,472.0
686.1106.0
116.8
2025-02-182025-07-182026-04-172027-10-07
MMF*
0
0
- 3.162025-01-17 3.407 3.51
2025-01-26 3.545 3.662025-01-17 3.411 3.52
2025-07-25 3.501 3.493.29 3.33
2024-11-29 3.422 3.382025-06-09 3.643 3.65
2034-09-02 3.463 3.43.474 3.46
2030-02-26 3.419 3.412025-04-04 3.448 3.46
2025-08-19 - 83.32 3.3
2025-01-17 3.633 3.742028-12-24 3.448 2.92
2029-02-26 3.257 3.23
2028-09-29 3.441 3.0423,312
58,740 -297 -1,840 -2,5361,709,385 1,384 1,038
4,055
118,479 26 -2,237 -2,5511M
202,487 805 6,139 4,421
1D 1W
176,570 -170 -380
0
0
 0.000
7,000
5,000
6,600
0
0
3.040
3.025
3.050
0.000
800
3001,000
6,600
3,300
2,700
1,400
1,400
160
90
1,683-5,459
-12,036
7,939
IRS(%) CRS(%) Spread(bp)
-522
9,814-696
-513-974
1,528
20 Nov. 2024
27-05-19 3.13 230 2.5            
 26-10-02 2.94 -160 1.9          
28-11-19 3.16 80 4.0            
 26-03-10 2.90 -40 1.3          
26-05-19 3.18 80 1.5            
 25-07-02 2.87 -40 0.6          
25-08-19 3.32 70 0.7            
 29-12-10 3.02 -40 5.1          
25-03-10 2.84 50 0.3            
 27-06-10 2.89 -32 2.6          
510 2.1            -312 2.1          
27-04-23 3.37 30 2.4            
 28-09-29 3.04 -70 3.9          
27-10-22 3.37 20 2.9            
 52-03-10 2.93 -64 27.3       
52-03-10 2.89 40 27.3          
 25-11-13 3.15 -60 1.0          
54-09-10 2.91 18 29.8          
 28-12-24 2.92 -50 4.1          
25-08-19 8.00 16 0.7            
 54-03-10 2.92 -40 29.3       
124 14.3          -284 12.2       
25-11-19 3.25 100 1.0            
 34-06-10 3.04 -42 9.6          
25-10-02 2.84 60 0.9            
 26-12-10 2.93 -40 2.1          
26-10-02 2.94 40 1.9            
 54-03-10 2.93 -29 29.3       
27-05-19 3.13 40 2.5            
 25-07-11 3.49 -30 0.6          
26-11-19 3.17 40 2.0            
 26-06-10 2.92 -29 1.6          
280 1.5            -170 8.2          
33-06-10 3.06 52 8.6            
 25-03-10 2.94 -239 0.3          
25-06-10 2.93 50 0.6            
 33-12-10 3.07 -49 9.1          
25-06-10 2.94 50 0.6            
 24-11-30 3.56 -30.0 0.0          
26-09-10 2.94 50 1.8            
 26-03-10 2.89 -8.5 1.3          
44-09-10 2.98 10 19.8          
 26-03-10 2.90 -4.2 1.3          
212 3.7            -330 1.6          
