0 0
0 0
0 0
0 0
0 0
KR Market
KR Bond(%,bp) YTM 1D 1W 1M
CD91D 3.470 0.0 -1.0 -8.0
3.047 -0.2 -4.3 -14.1
 3.170 3.158 AAA
2.990 2.0 -1.5 -16.1
 3.260 3.238 AAA
2.940 2.1 0.4 -17.7
 4.963 5.225 A0
2.957 1.8 1.5 -17.7
 3.428 3.468 AA-
3.012 1.2 4.2 -18.3
 3.318 3.314 AA+
3.000 0.5 3.8 -17.0
 3.432 3.478 AA-
KR Credit(%,bp) YTM 1D 1W 1M
 3.930 3.467 AA-
3.501 2.5 3.3 -11.1
 3.318 3.314 AA+
3.418 2.5 2.2 -14.9
 5.90 - BBB
6.994 2.1 0.4 -23.6
 3.072 3.204 AAA
KTB Futures(tick)
 1D 1W
KTBF 3Y -7 0
 (십억계약,%,년)
LKTBF 10Y -13 -44
KR Stock(%) Index 1D 1W 1M
KOSPI 1.24 -3.28 -9.75
KOSDAQ 2.57 -1.91 -10.96
FX Market(%) Price 1D 1W 1M
1364.6 -0.91 -0.48 -1.45
927.41 -1.62 1.91 8.21
1D(bp) 1D(bp) 1D(bp)
1Y 3.165 2.50 1Y 2.835 4
 11.8 2.70
2Y 2.973 1.75 2Y 2.725 2.5
 -1.8 -0.25
3Y 2.910 1.50 3Y 2.685 3.5
 -3.0 -0.60
5Y 2.883 1.25 5Y 2.685 3.5
 -7.5 -0.55
10Y 2.923 1.00 10Y 2.595 3.5
 -9.0 -0.20
US Bond Market
US Bond(%,bp) YTM 1D 1W 1M
UST2Y 4.057 1.7 17.3 -56.5
UST5Y 3.798 -3.1 17.8 -44
UST10Y 3.942 -4.9 14.8 -34.4
UST30Y 4.221 -5.9 11.2 -25.7
KR Credit Market
 (계약수)
Bond Yield(%, bp) Yield 1D 1W 1M 3M 1Y
3.238 0.2 -2.0 -10.0 -34.1 -55.9
3.139 2.0 -0.1 -15.2 -46.1 -87.8
3.152 2.1 2.2 -14.3 -46.2 -90.5
3.280 0.7 -0.1 -3.0 -36.1 -57.3 Fund Flow (십억원)
3.203 2.0 0.4 -16.1 -50.0 -95.3 YTD
3.223 1.8 1.8 -16.3 -58.6 -103.7 32257.3
3.398 0.0 -2.5 -9.3 -34.2 -72.2 31698.7
3.387 2.0 1.3 -13.3 -46.6 -109.1 8837.8
3.529 1.7 2.0 -17.6 -58.4 -113.2 33812.3
3.455 0.5 -2.0 -9.1 -35.3 -86.2 -849
3.501 2.5 3.3 -11.1 -48.3 -122.7 *는 T-2일 기준, 펀드는 설정액 및 ETF 제외 기준
3.652 1.7 2.0 -18.1 -62.4 -121.6 **는 T-4일 기준
4.383 0.5 -3.5 -10.3 -37.6 -70.8
4.552 2.5 2.3 -14.2 -54.2 -98
 (십억원)
4.820 1.7 1.5 -16.8 -58.0 -98.9
5.105 0.5 -3.5 -10.3 -36.6 -67.3
 A 50
5.345 2.5 2.3 -14.2 -52.9 -94
 A- 43
5.504 1.7 1.5 -16.8 -57.5 -97.4
 BBB 43
5.672 0.5 -3.5 -10.3 -37.1 -68.3
 AA0 30
5.975 2.5 2.3 -13.7 -52.4 -91.5
 AA- 30
6.145 1.7 1.5 -16.8 -57.5 -96.6
 AA- 30
3.285 0.0 -4.1 -14.2 -36.9 -70
 AA+ 30
3.293 2.3 1.7 -14.8 -44.8 -91.1
 AA- 20
3.299 2.0 2.3 -15.1 -51.9 -106.3
 AA0 20
3.302 -0.2 -4.6 -15.1 -37.4 -77.7
 AA+ 20
3.338 2.4 2.0 -14.6 -44.5 -101.6
 20
3.366 2.1 2.0 -16.3 -57.7 -116.3
 A 20
3.323 -0.2 -4.6 -15.2 -38.0 -79.6
 AA0 20
3.375 2.4 2.2 -15.0 -44.8 -101.5
 AA0 20
3.430 2.1 2.0 -16.4 -58.1 -116
 18
3.352 -0.2 -4.6 -14.9 -38.3 -80.9
 A- 10
3.418 2.5 2.2 -14.9 -45.9 -103.5
 AAA 10
3.534 2.1 2.0 -16.5 -58.5 -116.6
 A- 9164472249
-17898
476
IRS(%) CRS(%) Spread(bp)
-4705
1818-47
121069
-2094
700
700800
3000
1600
1500
1000
800
670
6000.000
0
0
0
0
0
0.000
0.000
0.000
0.000
0
0
0
0
0
0
0
0
11317.4
112705.5 -825.2 -5912.9 -8381.71M
203314.8 -1870.8 -1417.3 -2154.7
1D 1W
168281.9 178.7 1143.7
2028-02-09 - 4.89-2206.4
69726.4 0 0 -1599.81650405.1 0 0
3.394 3.43
2024-10-07 3.61 3.582026-07-31 4.895 4.97
2026-08-09 - 5.9
3.472 3.44
2027-01-25 3.408 3.452027-04-23 3.456 3.51
2026-10-22 3.409 3.42
- 4.9
2025-07-25 3.359 3.462025-08-08 3.497 3.48
2025-06-20 - 7.11
5.87 62026-01-02 4.393 4.21
2025-12-22 3.227 3.22027-04-12 3.363 3.4
2024-12-20 3.718 5.34▪
▪
▪
2588.43
764.43105.91
117.01
2025-02-282028-02-092026-04-192026-09-14
MMF*
0
0
12 Aug. 2024
29-06-10 2.99 120 4.8            
 26-03-10 3.02 -169 1.6          
27-02-09 3.17 90 2.5            
 26-12-10 2.95 -40 2.3          
25-07-02 3.05 80 0.9            
 27-03-03 3.01 -30 2.6          
26-07-02 3.00 60 1.9            
 26-01-02 3.05 -30 1.4          
26-02-20 3.93 50 1.5            
 25-03-10 3.11 -30 0.6          
400 2.7            -299 1.7          
33-12-10 3.02 60 9.3            
 54-03-10 2.91 -40 29.6       
44-08-09 3.07 60 20.0          
 26-06-10 2.99 -30 1.8          
26-08-07 4.96 40 2.0            
 29-06-10 2.99 -20 4.8          
43-09-10 3.00 27 19.1          
 31-12-10 3.10 -20 7.3          
26-07-02 2.99 30 1.9            
 26-12-10 2.94 -11 2.3          
217 11.1          -121 12.5       
25-06-10 3.10 90 0.8            
 26-02-20 3.93 -50 1.5          
27-02-09 3.17 70 2.5            
 29-06-25 3.21 -40 4.9          
27-06-10 2.94 56 2.8            
 24-09-19 3.41 -40 0.1          
26-08-07 3.89 40 2.0            
 34-06-10 3.01 -33 9.8          
26-06-10 2.98 40 1.8            
 24-12-10 3.09 -22 0.3          
296 1.9            -185 3.3          
25-07-02 3.04 100 0.9            
 53-09-10 2.92 -270 29.1       
26-01-02 3.05 90 1.4            
 43-09-10 3.00 -215 19.1       
24-12-10 3.06 87 0.3            
 54-03-10 2.91 -189.7 29.6       
25-06-10 3.07 45 0.8            
 25-09-12 3.30 -60.0 1.1          
25-10-02 3.06 30 1.1            
 53-03-10 2.93 -30.0 28.6       
352 0.9            -765 24.2       
