30y
91d
2y
0 0
0 0
KR Market
KR Bond(%,bp) YTM 1D 1W 1M
CD91D 3.580 0.0 -2.0 -2.0
3.200 -4.0 -14.2 -18.0
 3.440 3.432 AAA
3.135 -5.0 -14.5 -26.4
 4.464 - AAA
3.122 -3.8 -9.0 -27.0
 3.327 3.336 AAA
3.160 -3.2 -7.6 -25.7
 3.320 3.326 AAA
3.235 -4.0 -6.0 -23.7
 3.340 3.341 AAA
3.207 -3.0 -6.5 -19.3
 3.967 - A
KR Credit(%,bp) YTM 1D 1W 1M
 3.320 3.326 AAA
3.625 -3.8 -9.3 -29.9
 3.343 3.336 AAA
3.577 -4.1 -9.2 -23.7
 4.46 - AAA
7.239 -4.3 -10.2 -28.6
 3.289 3.355 AAA
KTB Futures(tick)
 1D 1W
KTBF 3Y 10 16
 (십억계약,%,년)
LKTBF 10Y 39 28
KR Stock(%) Index 1D 1W 1M
KOSPI 1.11 1.47 6.12
KOSDAQ 0.56 0.26 -0.59
FX Market(%) Price 1D 1W 1M
1380.4 -0.73 -0.39 0.32
856.33 -0.03 -0.78 -3.36
1D(bp) 1D(bp) 1D(bp)
1Y 3.330 -2.25 1Y 3.285 0
 13.0 1.75
2Y 3.188 -3.25 2Y 3.04 0
 5.3 1.75
3Y 3.130 -3.25 3Y 3.02 0
 0.8 0.55
5Y 3.100 -3.50 5Y 2.995 0
 -6.0 -0.30
10Y 3.125 -3.25 10Y 2.905 0
 -11.0 0.75
US Bond Market
US Bond(%,bp) YTM 1D 1W 1M
UST2Y 4.727 0.9 0.5 -5.4
UST5Y 4.331 0 2.7 -2.1
UST10Y 4.364 0 7.3 3.1
UST30Y 4.532 0 10.3 5.6
KR Credit Market
 (계약수)
Bond Yield(%, bp) Yield 1D 1W 1M 3M 1Y
3.369 -3.9 -14.5 -20.3 -15.0 -45.8
3.299 -4.2 -9.9 -25.3 -21.3 -70.9
3.320 -3.5 -8.5 -23.7 -20.9 -68.6
3.357 -4.9 -15.4 -25.1 -18.5 -52.9 Fund Flow (십억원)
3.371 -3.8 -9.4 -27.1 -26.4 -78 YTD
3.410 -3.5 -8.3 -30.2 -35.6 -79.6 32707
3.506 -3.8 -13.0 -21.1 -16.9 -59.6 18797.2
3.533 -3.8 -8.2 -26.5 -27.6 -83.3 14371.9
3.737 -3.2 -7.7 -29.2 -35.1 -84.7 50283
3.561 -3.8 -12.5 -20.9 -20.5 -66.9 115
3.625 -3.8 -9.3 -29.9 -34.9 -92.4 *는 T-2일 기준, 펀드는 설정액 및 ETF 제외 기준
3.868 -3.2 -8.2 -30.5 -41.1 -93.2 **는 T-4일 기준
4.501 -3.8 -12.8 -22.5 -22.8 -56.5
4.707 -3.8 -9.5 -31.4 -34.7 -75.8
 (십억원)
5.020 -3.2 -7.7 -29.7 -32.2 -70.1
5.223 -3.8 -12.8 -22.0 -21.8 -55
 AAA 1989
5.500 -3.8 -9.5 -30.6 -31.9 -72.3
 AAA 427
5.704 -3.2 -7.7 -29.7 -31.7 -69.7
 AAA 300
5.790 -3.8 -12.8 -22.5 -22.3 -56.5
 AAA 300
6.125 -3.8 -9.5 -30.6 -31.9 -70.8
 AA0 190
6.345 -3.2 -7.7 -29.7 -31.7 -69.3
 AA- 120
3.449 -3.8 -12.9 -20.4 -18.9 -52.8
 AA- 100
3.452 -3.8 -9.1 -24.2 -26.7 -73.8
 AA0 100
3.473 -3.0 -7.6 -26.8 -30.0 -84.2
 AA- 100
3.466 -3.9 -13.3 -20.4 -19.9 -60.5
 AA0 60
3.494 -4.1 -9.2 -23.3 -29.4 -81.7
 AAA 60
3.558 -3.4 -8.0 -29.5 -37.0 -90.1
 AA- 51
3.488 -3.9 -13.1 -21.2 -21.4 -62.2
 AA- 50
3.535 -4.1 -9.1 -23.2 -29.7 -81.4 S-Oil55-1 AA0 50
3.624 -3.3 -7.9 -29.8 -36.8 -90.1
 AA0 50
3.514 -3.9 -13.0 -21.6 -22.5 -63.4
 AA0 50
3.577 -4.1 -9.2 -23.7 -31.1 -83.8
 AA- 50
3.728 -3.6 -8.2 -30.6 -37.2 -90
 AA- 508210-1635
-17973
2858
IRS(%) CRS(%) Spread(bp)
-740
11300-298
-38494
-2009
2000
13002000
10000
7791
3000
3000
2000
1157
11000.000
35000
5400
23000
0
0
3.210
3.470
3.200
0.000
 0
0
1323.3
118239.6 595.7 1274.2 4384.11M
203764.5 4228.5 7306.9 -1245.9
1D 1W
155380.4 247.6 1178.6
2025-07-18 - 4.4627418
70690.4 0 102.5 -2166.81666875.8 0 22929.2
- 4.2
2025-02-28 3.76 3.712025-07-18 - 4.46
2025-07-18 - 4.2
3.631 3.58
2028-06-13 3.867 3.82026-05-29 3.719 3.6
2026-06-26 3.471 3.53
3.789 3.74
2028-02-28 3.926 3.862027-06-03 3.639 3.58
2024-12-25 3.621 3.52
3.65 3.582026-05-04 3.56 3.5
2026-04-25 3.518 3.52024-11-04 3.492 3.36
2024-10-02 3.54 3.3▪
▪
▪
2824.94
840.81105.36
114.90
2027-01-112026-01-232027-02-152025-07-18
MMF*
0
0
5 Jul. 2024
26-01-04 3.32 150 1.5            
 25-06-02 3.34 -90 0.9          
24-09-10 3.32 130 0.2            
 26-04-02 3.19 -80 1.7          
26-07-02 3.15 110 2.0            
 54-03-10 3.21 -73 29.7       
29-07-04 3.29 100 5.0            
 25-03-10 3.22 -70 0.7          
26-07-04 3.33 90 2.0            
 25-01-02 3.26 -70 0.5          
580 2.0            -383 6.5          
26-07-04 3.33 133 2.0            
 25-07-02 3.20 -140 1.0          
27-07-04 3.34 120 3.0            
 24-09-10 3.27 -130 0.2          
54-03-10 3.16 93 29.7          
 24-07-25 3.48 -50 0.1          
34-06-10 3.24 65 9.9            
 32-07-12 4.05 -40 8.0          
26-07-04 3.34 40 2.0            
 33-12-10 3.26 -38 9.4          
451 9.1            -398 2.1          
24-09-05 3.44 200 0.2            
 25-02-28 3.71 -30 0.7          
25-07-18 4.46 100 1.0            
 24-08-09 3.45 -30 0.1          
24-07-25 3.48 100 0.1            
 33-12-10 3.25 -25 9.4          
26-01-04 3.32 80 1.5            
 26-05-04 3.50 -20 1.8          
34-06-10 3.24 74 9.9            
 25-02-03 3.50 -20 0.6          
554 1.8            -125 2.5          
26-03-10 3.17 60 1.7            
 25-03-10 3.24 -60 0.7          
33-06-10 3.26 50 8.9            
 30-12-10 3.24 -51 6.4          
34-06-10 3.24 41 9.9            
 25-07-02 3.29 -40.0 1.0          
54-03-10 3.14 37 29.7          
 24-12-10 3.05 -40.0 0.4          
33-12-10 3.24 20 9.4            
 49-03-10 3.18 -3.2 24.7       
208 10.8          -194 2.6          
