5Y
91D
0 0
0 0
0 0
KR Market
KR Bond(%,bp) YTM 1D 1W 1M
CD91D 3.530 0.0 0.0 1.0
2.853 0.0 -1.4 -17.7
 1.300 3.075
2.878 0.0 -2.2 -14.7
 3.100 3.211 0
2.820 0.0 -1.7 -13.5
 3.160 3.160 AAA
2.890 0.0 2.0 -12.2
 3.120 3.209 AAA
2.997 0.0 0.5 -9.1
 5.900 - A
2.913 0.0 0.1 -16.9
 5.108 - A+
KR Credit(%,bp) YTM 1D 1W 1M
 3.130 3.120 AAA
3.425 0.0 -3.5 -18.6
 3.088 3.153 AAA
3.408 0.0 -1.4 -10.8
 3.125 3.131 0
6.849 0.0 -1.8 -16.0
 4.495 - 0
KTB Futures(tick)
 1D 1W
KTBF 3Y 0 7
 (십억계약,%,년)
LKTBF 10Y 0 12
KR Stock(%) Index 1D 1W 1M
KOSPI 0.00 2.18 -0.92
KOSDAQ 0.00 3.50 0.89
FX Market(%) Price 1D 1W 1M
1318.6 0.00 -0.79 -1.30
915.58 0.00 -1.22 -0.68
1D(bp) 1D(bp) 1D(bp)
1Y 3.080 0.000 1Y 2.75 0
 22.7 0.0
2Y 2.860 0.000 2Y 2.575 0
 -1.8 0.0
3Y 2.798 0.000 3Y 2.59 0
 -2.3 0.0
5Y 2.788 0.000 5Y 2.625 0
 -10.3 0.0
10Y 2.828 0.000 10Y 2.665 0
 -17.0 0.0
US Bond Market
US Bond(%,bp) YTM 1D 1W 1M
UST2Y 3.561 0 -3.6 -36
UST5Y 3.505 0 0.4 -19.9
UST10Y 3.752 0 0.9 -15.3
UST30Y 4.105 0 1.9 -9.1
KR Credit Market
 (계약수)
Bond Yield(%, bp) Yield 1D 1W 1M 3M 1Y
3.205 0.0 -1.6 -10.5 -27.4 -76.9
3.092 0.0 -1.6 -11.7 -29.9 -117.1
3.154 0.0 1.9 -7.8 -24.6 -115.4
3.214 0.0 -2.4 -14.9 -26.6 -83.8 Fund Flow (십억원)
3.120 0.0 -1.7 -13.1 -33.6 -126.2 YTD
3.209 0.0 1.9 -8.2 -28.1 -128.2 13527.9
3.311 0.0 -3.7 -17.2 -29.5 -88.3 35632.2
3.321 0.0 -2.5 -17.6 -29.4 -138.5 15990.7
3.520 0.0 0.5 -11.2 -29.2 -139.3 62189.3
3.400 0.0 -4.0 -17.0 -26.1 -97.7 -8721.7
3.425 0.0 -3.5 -18.6 -28.5 -155.3 *는 T-2일 기준, 펀드는 설정액 및 ETF 제외 기준
3.633 0.0 0.0 -12.2 -31.0 -148.7 **는 T-4일 기준
4.163 0.0 -4.5 -21.0 -44.1 -101.8
4.369 0.0 -3.5 -19.8 -42.8 -139.6
 (십억원)
4.763 0.0 0.5 -11.2 -33.2 -129.3
4.885 0.0 -4.5 -21.0 -44.1 -98.8
 A 185
5.162 0.0 -3.5 -19.8 -42.8 -135.6
 AAA 120
5.447 0.0 0.5 -11.2 -33.2 -127.8
 - 80
5.452 0.0 -4.5 -21.0 -44.1 -98.3
 AAA 80
5.792 0.0 -3.5 -19.8 -42.3 -132.6
 - 60
6.088 0.0 0.5 -11.2 -33.2 -127
 AAA 60
3.237 0.0 -1.6 -10.5 -31.5 -89.8
 - 55
3.263 0.0 -0.8 -8.6 -27.8 -113.2
 AA- 50
3.311 0.0 1.9 -6.7 -23.7 -125.7
 AA0 50
3.257 0.0 -1.8 -11.1 -31.2 -95.9
 AA0 50
3.327 0.0 -1.2 -10.5 -25.7 -122.3
 - 43
3.390 0.0 2.2 -7.7 -24.7 -134.2
 AA- 42
3.280 0.0 -1.7 -10.8 -31.0 -97.9
 AA0 40
3.360 0.0 -1.4 -11.0 -26.5 -122.7
 AAA 40
3.455 0.0 2.2 -7.6 -24.7 -134
 AAA 40
3.309 0.0 -1.7 -10.9 -30.6 -98.7
 A+ 40
3.408 0.0 -1.4 -10.8 -25.9 -124.2
 AAA 32
3.559 0.0 2.2 -7.7 -24.9 -134.5
 AAA 30108141151
-22196
-1912
IRS(%) CRS(%) Spread(bp)
-785
14002-617
825-682
-3205
1200
11001500
12494
4500
2000
2000
2000
1000
10000.000
13000
8000
0
0
0
2.855
3.030
0.000
0.000
0
0
0
0
1451
119858.4 244.5 2919.1 1640.31M
184585.4 -886.1 -6900.9 -15696.8
1D 1W
172215.4 -71.4 -33.8
2034-09-30 - 5.812003.2
61853.7 -48.8 318.2 -2772.51678782.1 6204.9 -6169.1
3.446 3.61
2029-09-10 - 0.752025-01-24 3.414 3.41
2027-10-05 - 3.85
3.286 3.31
2025-02-28 3.422 3.542027-07-22 3.171 3.2
2026-04-29 - 0.01
4.793 4.74
2029-04-08 3.273 3.262029-09-12 3.307 3.3
2025-12-01 - 0.01
3.459 3.622025-04-25 3.51 3.55
2024-10-29 3.553 3.472026-05-22 3.17 3.18
2024-11-20 3.456 3.54▪
▪
▪
2649.78
774.49106.30
117.21
2024-11-112054-09-242027-09-102024-11-01
MMF*
0
0
2 Oct. 2024
25-01-01 3.03 340 0.3            
 29-03-10 2.92 -110 4.4          
32-12-10 3.03 110 8.2            
 26-01-02 2.90 -70 1.3          
29-09-30 3.12 100 5.0            
 25-09-10 2.79 -30 0.9          
29-09-28 3.09 100 5.0            
 53-09-10 2.92 -20 29.0       
54-03-10 2.89 90 29.5          
 32-06-10 3.03 -20 7.7          
740 6.3            -250 5.4          
41-09-10 2.97 70 17.0          
 34-06-10 3.00 -63 9.7          
27-09-30 3.13 40 3.0            
 53-03-10 2.92 -50 28.5       
29-05-17 3.36 30 4.6            
 26-03-10 2.84 -51 1.4          
26-01-02 2.90 30 1.3            
 25-12-10 2.83 -37 1.2          
52-03-10 3.08 30 27.5          
 27-06-10 2.81 -26 2.7          
200 11.5          -227 9.8          
26-03-30 3.16 120 1.5            
 33-06-10 3.03 -39 8.7          
34-06-10 2.99 88 9.7            
 29-03-10 2.92 -32 4.4          
26-01-02 2.89 70 1.3            
 29-05-17 3.35 -30 4.6          
29-09-10 2.89 54 4.9            
 26-03-10 2.86 -21 1.4          
24-10-14 3.59 50 0.0            
 28-03-10 2.90 -20 3.4          
382 3.6            -142 5.1          
25-01-01 3.04 460 0.3            
 25-03-10 2.92 -220 0.4          
25-09-01 3.19 420 0.9            
 27-12-10 2.88 -105 3.2          
25-10-02 2.85 320 1.0            
 33-06-10 3.03 -38.8 8.7          
32-12-10 3.03 195 8.2            
 29-03-10 2.92 -32.0 4.4          
25-09-10 2.80 191 0.9            
 29-05-17 3.35 -30.0 4.6          
1,586 1.6            -427 2.5          
