0 0
0 0
0 0
0 0
0 0
KR Market
KR Bond(%,bp) YTM 1D 1W 1M
CD91D 3.510 0.0 -1.0 3.0
2.954 -2.3 -7.6 -11.6
 3.200 3.300 AAA
2.945 -2.2 -8.0 -4.0
 3.240 3.251 AAA
2.880 -3.0 -7.5 -5.1
 3.250 3.270 AAA
2.930 -4.2 -8.2 -2.0
 6.457 -
2.987 -4.5 -10.1 -1.5
 3.300 3.297 AAA
3.010 -6.0 -7.2 2.1
 3.280 3.297 AAA
KR Credit(%,bp) YTM 1D 1W 1M
 3.409 3.322 AAA
3.553 -3.0 -5.8 7.5
 3.200 3.223 AAA
3.452 -3.2 -6.4 5.0
 3.35 3.409 AAA
6.924 -3.8 -8.5 -6.1
 3.180 3.200 AAA
KTB Futures(tick)
 1D 1W
KTBF 3Y 9 23
 (십억계약,%,년)
LKTBF 10Y 37 83
KR Stock(%) Index 1D 1W 1M
KOSPI -1.21 -4.86 -0.94
KOSDAQ -2.58 -7.96 -5.60
FX Market(%) Price 1D 1W 1M
1327.6 -0.62 -0.63 -3.57
938.44 1.04 1.80 0.70
1D(bp) 1D(bp) 1D(bp)
1Y 3.153 -2.75 1Y 2.84 -1.5
 19.9 -0.45
2Y 2.925 -3.00 2Y 2.665 -4.5
 -2.0 -0.80
3Y 2.838 -3.25 3Y 2.63 -6
 -4.3 -0.25
5Y 2.788 -3.50 5Y 2.66 -5.5
 -14.3 0.70
10Y 2.810 -3.75 10Y 2.6 -3
 -17.7 0.75
US Bond Market
US Bond(%,bp) YTM 1D 1W 1M
UST2Y 3.648 -9.8 -27.3 -31.6
UST5Y 3.488 -5 -21.6 -27.6
UST10Y 3.71 -2 -19.5 -23.5
UST30Y 4.02 -0.1 -17.6 -22.8
KR Credit Market
 (계약수)
Bond Yield(%, bp) Yield 1D 1W 1M 3M 1Y
3.281 -1.9 -2.9 3.4 -27.1 -58.8
3.151 -2.8 -5.8 1.8 -31.6 -102
3.155 -4.0 -7.7 1.2 -32.2 -105.1
3.304 -2.3 -5.9 2.3 -27.1 -65.1 Fund Flow (십억원)
3.179 -3.0 -7.2 -1.5 -37.6 -112.7 YTD
3.211 -4.0 -8.0 -0.5 -41.5 -120.8 25959
3.433 -2.0 -5.0 2.5 -26.9 -70.9 34825.8
3.439 -3.0 -5.8 6.5 -28.7 -120.7 11372.7
3.550 -4.2 -8.2 3.3 -38.9 -128.8 53703.6
3.520 -2.0 -5.0 6.0 -23.0 -80 -5873.8
3.553 -3.0 -5.8 7.5 -28.9 -134.8 *는 T-2일 기준, 펀드는 설정액 및 ETF 제외 기준
3.668 -4.2 -8.7 2.8 -41.0 -137.7 **는 T-4일 기준
4.298 -2.0 -7.5 -10.0 -41.3 -82.6
4.492 -3.0 -7.5 -4.7 -43.7 -120.8
 (십억원)
4.793 -4.2 -8.2 -2.0 -42.9 -119.3
5.020 -2.0 -7.5 -10.0 -40.8 -79.6
 166
5.285 -3.0 -7.5 -4.7 -42.9 -116.8
 A+ 115
5.477 -4.2 -8.2 -2.0 -42.9 -117.8
 AAA 110
5.587 -2.0 -7.5 -10.0 -41.3 -79.1
 AAA 70
5.915 -3.0 -7.5 -4.7 -42.4 -113.8
 AAA 70
6.118 -4.2 -8.2 -2.0 -42.9 -117
 A+ 70
3.292 -2.1 -5.0 -1.4 -34.7 -74.5
 AA- 40
3.295 -2.7 -5.4 1.3 -32.8 -104.5
 AA- 40
3.310 -3.9 -6.8 2.3 -34.4 -119.6
 40
3.327 -1.8 -4.1 0.0 -32.5 -80.2
 AA- 30
3.368 -3.2 -6.4 4.4 -28.3 -113
 AA- 30
3.397 -3.9 -7.0 4.3 -36.6 -127.8 S-Oil54-3 AA0 30
3.348 -1.7 -4.0 0.0 -32.8 -82.5
 AA0 30
3.406 -3.1 -6.4 4.7 -28.3 -112.7
 AAA 30
3.461 -3.9 -7.0 4.2 -37.1 -127.5
 AAA 30
3.377 -1.8 -4.1 0.0 -32.8 -83.2
 AA0 30
3.452 -3.2 -6.4 5.0 -28.3 -114.4
 AA0 20
3.566 -3.8 -7.0 4.4 -37.7 -128
 AA- 20▪
▪
▪
2544.28
706.59105.95
116.99
2025-01-242029-06-072026-04-252025-09-05
MMF*
0
0
3.579 4.142028-10-30 3.472 3.44
2024-09-19 3.488 3.532026-03-04 3.247 3.29
2032-04-25 3.251 3.243.344 3.34
2026-04-28 3.698 3.722026-04-14 3.628 3.59
2025-11-21 3.611 3.563.8 3.7
2028-06-20 - 42025-04-28 3.582 3.56
2024-10-26 3.615 3.62- 3.41
2026-09-04 - 3.42025-04-25 3.552 3.54
2027-09-06 - 3.41
2054-09-06 - 6.4622553.1
64701.6 0 75.4 -5582.51670296.4 0 3517.5
3127.1
115240.4 -443.7 -2278.2 2534.91M
197016.5 -151.6 -2658.6 -6298.3
1D 1W
171409 103.6 818.9
0
0
0
0
0
0
0
0
0.000
0
0
0
0
0
0.000
0.000
0.000
0.000
1300
11001500
6000
3100
3000
2500
1500
1000
1000
12101-9430
-14665
6516
IRS(%) CRS(%) Spread(bp)
3611
216540
1861-238
-1107
9 Sep. 2024
26-07-02 2.96 150 1.8            
 29-06-10 3.00 -70 4.8          
34-06-10 3.01 120 9.8            
 26-12-10 2.92 -50 2.3          
54-03-10 2.94 58 29.5          
 25-09-10 2.98 -50 1.0          
29-09-06 3.24 60 5.0            
 54-09-10 2.93 -35 30.0       
32-06-10 3.05 50 7.8            
 32-12-10 3.06 -25 8.3          
438 8.8            -230 7.6          
26-03-10 3.03 99 1.5            
 25-09-10 2.95 -150 1.0          
27-09-06 3.46 100 3.0            
 54-03-10 2.95 -42 29.5       
44-09-06 3.15 90 20.0          
 28-05-24 3.17 -30 3.7          
54-09-06 6.46 70 30.0          
 53-09-10 2.95 -20 29.0       
27-09-06 3.41 50 3.0            
 29-03-10 2.95 -18 4.5          
409 11.0          -261 8.4          
26-03-06 3.25 100 1.5            
 54-03-10 2.94 -55 29.5       
25-09-06 3.30 90 1.0            
 27-06-10 2.89 -52 2.8          
27-09-06 3.42 87 3.0            
 24-10-24 3.47 -40 0.1          
26-03-06 3.59 50 1.5            
 34-06-10 3.02 -37 9.8          
25-12-06 3.26 50 1.2            
 26-06-10 2.95 -22 1.8          
377 1.7            -207 10.6       
25-09-06 3.30 400 1.0            
 28-06-10 0.72 -21 3.8          
25-09-10 2.95 270 1.0            
 25-06-10 3.02 -20 0.8          
54-03-10 2.94 102 29.5          
 25-09-12 3.30 -10.0 1.0          
34-06-10 3.01 100 9.8            
 30-12-10 3.00 -1.6 6.3          
26-03-10 3.02 100 1.5            
 51-03-10 2.96 -0.5 26.5       
973 5.0            -53 2.4          
