20Y
3Y
0 0
0 0
0 0
KR Market
KR Bond(%,bp) YTM 1D 1W 1M
CD91D 3.530 0.0 2.0 2.0
2.873 0.2 -2.7 -14.9
 3.190 3.173 AAA
2.910 0.0 -5.0 -9.3
 3.220 3.215 AAA
2.835 1.5 -3.3 -10.8
 3.130 3.243 AAA
2.854 2.4 -4.1 -10.6
 2.980 - -
2.969 4.2 -0.1 -3.1
 3.100 - AAA
2.902 8.2 5.0 -9.3
 3.080 - AAA
KR Credit(%,bp) YTM 1D 1W 1M
 5.500 - -
3.468 1.0 -4.5 -9.5
 - - -
3.419 1.5 -2.9 -4.3
 3.00 - -
6.865 1.5 -3.2 -13.2
 3.000 - -
KTB Futures(tick)
 1D 1W
KTBF 3Y -4 -4
 (십억계약,%,년)
LKTBF 10Y -45 -45
KR Stock(%) Index 1D 1W 1M
KOSPI 0.21 0.34 -4.30
KOSDAQ 0.86 1.16 -6.09
FX Market(%) Price 1D 1W 1M
1329 -0.04 -0.72 -0.32
929.97 -1.59 -1.12 2.17
1D(bp) 1D(bp) 1D(bp)
1Y 3.150 0.500 1Y 2.795 -2
 27.7 0.3
2Y 2.885 0.250 2Y 2.6 -1.5
 -2.5 0.2
3Y 2.795 0.500 3Y 2.58 -2
 -4.0 -1.0
5Y 2.760 1.750 5Y 2.61 -1.5
 -9.4 -0.7
10Y 2.785 2.250 10Y 2.575 -1.5
 -18.4 -1.9
US Bond Market
US Bond(%,bp) YTM 1D 1W 1M
UST2Y 3.586 -3.5 -5.7 -40.2
UST5Y 3.484 -0.1 1.8 -20.6
UST10Y 3.717 1.1 4.1 -9.2
UST30Y 4.051 3 6.1 -1.1
KR Credit Market
 (계약수)
Bond Yield(%, bp) Yield 1D 1W 1M 3M 1Y
3.223 0.5 -1.2 -4.3 -28.4 -72.5
3.109 1.5 -3.0 -6.7 -23.4 -112.9
3.120 2.5 -3.5 -5.5 -22.9 -114.1
3.243 0.4 -2.0 -8.2 -26.2 -79.1 Fund Flow (십억원)
3.136 1.5 -3.1 -9.3 -27.8 -123.6 YTD
3.173 2.4 -3.9 -6.3 -28.0 -128.8 17086.4
3.353 0.0 -3.0 -8.5 -27.2 -83.6 35793.6
3.354 1.0 -4.5 -9.5 -21.7 -135.2 11837.5
3.505 2.5 -4.0 -5.7 -26.7 -138.3 67180.1
3.445 0.0 -3.0 -6.0 -22.3 -92.7 -7332.1
3.468 1.0 -4.5 -9.5 -20.8 -150 *는 T-2일 기준, 펀드는 설정액 및 ETF 제외 기준
3.623 2.5 -4.0 -6.2 -28.5 -147.2 **는 T-4일 기준
4.213 0.0 -3.0 -17.0 -40.6 -96.3
4.412 1.0 -4.5 -15.7 -34.6 -134.3
 (십억원)
4.748 2.5 -4.0 -7.5 -30.7 -128.3
4.935 0.0 -3.0 -17.0 -40.6 -93.3
 AAA 130
5.205 1.0 -4.5 -15.7 -34.6 -130.3
 AA0 120
5.432 2.5 -4.0 -7.5 -30.7 -126.8
 A+ 90
5.502 0.0 -3.0 -17.0 -41.1 -92.8
 AA+ 60
5.835 1.0 -4.5 -15.7 -34.1 -127.3
 AAA 50
6.073 2.5 -4.0 -7.5 -30.7 -126
 A+ 40
3.254 0.5 -1.3 -5.6 -32.4 -84.6
 AA0 40
3.271 1.9 -2.4 -4.4 -22.2 -111.3
 AAA 40
3.278 2.4 -3.4 -4.6 -23.6 -125.9
 AA0 40
3.277 0.5 -1.4 -5.3 -32.5 -91 KT&G2-2 AAA 30
3.335 1.5 -3.0 -4.4 -20.9 -120.3
 AA- 30
3.351 2.3 -3.7 -5.2 -25.7 -136
 AA0 30
3.300 0.5 -1.1 -5.1 -32.3 -93.1
 AA- 30
3.371 1.4 -3.1 -4.5 -21.4 -120.3
 AA- 25
3.415 2.2 -3.8 -5.2 -26.0 -135.9
 AA- 20
3.329 0.5 -1.2 -5.1 -32.3 -93.8
 AAA 20
3.419 1.5 -2.9 -4.3 -21.0 -121.8
 AA0 20
3.519 2.2 -3.8 -5.2 -26.8 -136.4
 AA0 20▪
▪
▪
2580.80
739.51106.32
117.55
2029-02-212025-07-132027-07-022026-09-10
MMF*
0
0
3.388 3.412026-02-24 3.153 3.2
2031-05-04 3.282 3.322034-08-29 4.668 4.76
2029-06-13 3.55 3.573.274 3.29
2025-05-22 3.621 3.632026-09-11 3.164 3.18
2026-09-11 3.26 3.313.167 3.21
2025-01-21 3.387 3.452025-01-24 3.431 3.62
2027-05-27 3.374 3.393.288 3.31
2026-07-28 3.147 3.22028-10-30 3.383 3.41
2025-03-04 3.57 3.6
2026-04-22 3.151 3.228338.6
63243.3 -79.7 -552 -3540.51683772.9 12131.9 16145.2
3102.9
115705.2 124.8 1383.1 -752.71M
188143.9 -330.9 -6091.8 -8950.2
1D 1W
172376.8 348.5 718.8
0
0
0
0
0.000
3000
10000
0
0
0
2.920
2.940
0.000
0.000
400
3901000
2200
2000
1500
1300
1300
200
70
118003869
25915
2303
IRS(%) CRS(%) Spread(bp)
-7031
-32234-225
-12591138
-2636
20 Sep. 2024
27-09-03 2.94 200 3.0            
 25-06-10 2.97 -180 0.7          
34-06-10 3.00 97 9.7            
 26-09-03 2.94 -130 2.0          
25-07-02 2.88 60 0.8            
 25-03-06 3.48 -70 0.5          
25-09-19 3.56 50 1.0            
 26-03-10 2.97 -50 1.5          
33-06-10 3.04 41 8.7            
 29-03-10 2.93 -46 4.5          
448 4.4            -476 1.5          
27-09-19 3.16 150 3.0            
 30-12-10 3.00 -100 6.2          
34-06-10 2.99 89 9.7            
 31-06-10 2.99 -55 6.7          
25-12-10 2.96 90 1.2            
 25-03-04 3.60 -30 0.5          
54-09-10 2.89 95 30.0          
 27-06-10 2.86 -27 2.7          
29-09-19 3.20 90 5.0            
 25-06-27 3.31 -20 0.8          
514 9.2            -232 4.7          
25-09-19 3.57 250 1.0            
 24-11-15 3.45 -65 0.2          
27-06-10 2.85 90 2.7            
 26-12-10 2.89 -40 2.2          
34-06-10 2.98 79 9.7            
 24-11-03 3.55 -40 0.1          
29-09-19 3.20 73 5.0            
 25-01-27 3.58 -30 0.4          
24-11-15 3.55 70 0.2            
 25-08-28 3.48 -30 0.9          
563 2.9            -205 0.7          
34-06-10 2.95 153 9.7            
 25-06-10 2.99 -96 0.7          
54-09-10 2.90 50 30.0          
 28-03-10 2.93 -61 3.5          
26-09-10 2.90 40 2.0            
 25-06-10 2.98 -50.0 0.7          
29-12-10 2.96 20 5.2            
 27-06-10 2.92 -38.9 2.7          
52-09-10 2.93 20 28.0          
 26-09-10 2.93 -10.3 2.0          
283 13.2          -256 1.7          
