0 0
0 0
0 0
0 0
0 0
KR Market
KR Bond(%,bp) YTM 1D 1W 1M
CD91D 3.030 0.0 4.0 -37.0
2.655 0.1 3.5 -4.6
 2.790 2.790 AAA
2.620 -1.3 2.2 -14.5
 2.830 2.814 AAA
2.560 -0.5 -2.7 -6.4
 2.923 2.934 AAA
2.700 1.3 1.0 -10.0
 2.912 2.815 AAA
2.861 3.1 4.7 -2.3
 2.904 2.808 AAA
2.800 2.0 7.3 -2.7
 2.850 2.866 AAA
KR Credit(%,bp) YTM 1D 1W 1M
 3.187 3.154 AAA
3.169 -1.0 -4.7 -19.7
 3.187 3.153 AAA
3.156 -1.3 -6.9 -14.9
 3.187 3.153 AAA
6.515 -0.5 -5.3 -13.6
 3.195 3.152 AAA
KTB Futures(tick)
 1D 1W
KTBF 3Y -2.0 6.0
 (십억계약,%,년)
LKTBF 10Y -28.0 24.0
KR Stock(%) Index 1D 1W 1M
KOSPI 0.85 0.53 3.95
KOSDAQ 0.65 0.56 7.15
FX Market(%) Price 1D 1W 1M
1,431.3 -0.42 -1.85 -1.72
922.0 0.57 -1.49 -0.68
1D(bp) 1D(bp) 1D(bp)
1Y 0.000 -268.5 1Y 0.000 -265
 -265.5 -268.6
2Y 0.000 -260.3 2Y 0.000 -255
 -262.0 -259.0
3Y 0.000 -258.5 3Y 0.000 -256.5
 -256.0 -258.0
5Y 0.000 -262.5 5Y 0.000 -259
 -270.0 -263.8
10Y 0.000 -270.5 10Y 0.000 -257.5
 -286.1 -273.6
US Bond Market
US Bond(%,bp) YTM 1D 1W 1M
UST2Y 4.278 -1.5 -0.9 -7.1
UST5Y 4.431 -2.2 -0.4 -1.4
UST10Y 4.624 -2.3 -0.5 3.3
UST30Y 4.848 -2.1 -1.1 8.4
KR Credit Market
 (계약수)
Bond Yield(%, bp) Yield 1D 1W 1M 3M 1Y
2.813 0.5 3.5 -22.6 -35.5 -76.9
2.811 -0.3 -1.9 -14.7 -31.9 -82.9
2.947 1.3 1.9 -14.7 -24.4 -70
2.862 0.3 4.2 -19.1 -33.8 -74.4 Fund Flow (십억원)
2.855 -0.4 -2.3 -13.3 -31.7 -90.6 YTD
3.000 1.3 1.0 -12.4 -25.4 -87.5 28,848
3.018 -1.0 1.5 -25.0 -28.3 -74.4 41,086
3.079 -1.0 -4.5 -19.5 -28.0 -98.6 27,590
3.323 1.3 0.0 -13.5 -25.2 -90 86,088
3.084 -1.0 0.3 -26.2 -29.6 -83.4 -9,988
3.169 -1.0 -4.7 -19.7 -28.6 -112.1 *는 T-2일 기준, 펀드는 설정액 및 ETF 제외 기준
3.431 1.3 0.0 -13.5 -25.2 -98.9 **는 T-4일 기준
3.779 -1.0 0.0 -24.0 -35.1 -103.5
4.058 -1.0 -5.0 -17.0 -33.0 -112.5
 (십억원)
4.556 1.3 0.5 -12.5 -25.7 -83.7
4.496 -1.0 0.0 -24.0 -35.1 -101.5
 AAA 200
4.851 -1.0 -5.0 -17.0 -33.0 -109
 AAA 130
5.240 1.3 0.5 -12.5 -25.7 -82.7
 AAA 120
5.068 -1.0 0.0 -24.0 -35.1 -100.5
 AAA 120
5.491 -1.0 -5.0 -17.0 -32.0 -105.5
 AAA 110
5.881 1.3 0.5 -12.5 -25.7 -81.9
 AAA 100
2.978 -0.1 1.1 -16.6 -23.0 -74
 AA- 70
2.991 -1.2 -5.3 -15.3 -31.0 -83.2
 AA- 60
3.084 0.7 -0.4 -15.0 -28.2 -78.9
 AA+ 50
3.016 0.0 0.9 -16.7 -21.4 -77.9
 AAA 40
3.082 -1.3 -6.8 -14.7 -29.0 -85.6
 AAA 40
3.170 0.8 -1.3 -16.3 -27.1 -87.8
 AA- 40
3.045 0.0 0.9 -16.5 -20.7 -79.2 S-Oil62-1 AA0 40
3.108 -1.4 -6.9 -14.7 -29.5 -87.2
 - 40
3.233 0.9 -1.2 -16.0 -26.9 -88
 AA0 30
3.076 0.0 0.9 -16.4 -20.6 -80.1
 AA0 30
3.156 -1.3 -6.9 -14.9 -29.5 -88.9
 AAA 30
3.337 0.9 -1.3 -16.1 -26.7 -88.7
 AAA 30▪
▪
▪
2,536.8
728.7106.9
118.1
2027-07-302025-10-242028-01-242028-01-24
MMF*
0
0
2.876 2.9302025-04-11 3.275 3.210
2026-04-21 2.892 2.9102025-03-14 - 3.600
2025-02-28 3.161 3.2103.048 3.050
2027-11-04 2.980 3.0002025-03-24 3.119 3.150
2030-01-24 - 2.950- 3.030
2028-01-24 - 2.9802030-01-24 - 2.950
2028-01-24 - 3.100- 2.920
2028-01-24 - 2.8502027-01-22 - 2.830
2028-01-24 - 2.870
2027-01-22 - 2.920-12,061
60,588 33 -637 6711,702,681 231 1,085
3,149
131,458 357 2,302 6,4221M
199,906 -2,913 -5,895 22,780
1D 1W
177,669 225 1,395
0
0
0
0
0
0
0
0
0.000
0
0
0
0
0
0.000
0.000
0.000
0.000
50
502,200
4,400
1,100
800
900
1,100
50
50
22,2902,233
-18,181
-10,965
IRS(%) CRS(%) Spread(bp)
6,081
1,674971
7701,783
-3,163
31 Jan. 2025
26-07-24 2.79 210 1.5            
 26-12-10 2.59 -50 1.9          
25-03-27 3.07 50 0.2            
 27-06-10 2.57 -43 2.4          
54-09-10 2.73 42 29.6          
 31-06-10 2.82 -40 6.4          
30-01-24 2.92 40 5.0            
 34-06-10 2.91 -32 9.4          
44-09-10 2.80 40 19.6          
 26-06-09 2.80 -30 1.4          
382 6.7            -195 4.1          
33-12-10 2.91 121 8.9            
 28-03-10 2.69 -20 3.1          
27-01-22 2.92 100 2.0            
 26-10-02 2.66 -20 1.7          
54-09-10 2.74 68 29.6          
 25-02-28 3.21 -15 0.1          
25-04-15 2.85 60 0.2            
 33-06-10 2.90 -10 8.4          
28-01-24 2.92 40 3.0            
 25-12-31 2.62 -10 0.9          
389 8.8            -75 2.5          
27-01-22 2.82 70 2.0            
 27-06-10 2.59 -49 2.4          
25-11-24 2.87 67 0.8            
 25-08-22 3.06 -40 0.6          
27-12-10 2.55 64 2.9            
 26-02-23 2.97 -20 1.1          
28-01-24 2.85 60 3.0            
 26-04-02 2.69 -20 1.2          
25-12-24 2.86 60 0.9            
 26-10-02 2.65 -20 1.7          
320 1.9            -149 1.5          
26-01-02 2.63 90 0.9            
 29-12-10 2.76 -42 4.9          
27-12-10 2.64 89 2.9            
 51-03-10 2.53 -50 26.1       
44-09-10 2.80 39 19.6          
 31-12-10 2.85 -30 6.9          
54-03-10 2.76 19 29.1          
 52-03-10 2.75 -12 27.1       
43-09-10 2.83 18 18.6          
 41-09-10 2.62 -10 16.6       
255 7.8            -144 15.3       
