3Y
91d
0 0
0 0
0 0
KR Market
KR Bond(%,bp) YTM 1D 1W 1M
CD91D 2.990 0.0 -3.0 -1.0
2.614 -1.2 -3.3 -2.5
 3.410 3.183 AA-
2.680 -1.0 5.4 7.0
 3.066 3.221 AA-
2.632 -1.3 6.9 6.2
 2.878 2.877 AAA
2.712 -1.0 3.0 3.0
 2.710 - -
2.837 -0.3 1.5 -0.3
 3.120 3.221 AA-
2.748 0.9 -2.5 0.0
 3.062 3.147 AA-
KR Credit(%,bp) YTM 1D 1W 1M
 2.959 3.104 AAA
3.211 -1.3 4.2 -4.5
 3.867 3.828 A+
3.210 -1.6 5.1 -1.9
 3.802 3.726 A+
6.563 -1.6 5.5 -0.7
 2.952 3.092 AA-
KTB Futures(tick)
 1D 1W
KTBF 3Y 4.0 -13.0
 (십억계약,%,년)
LKTBF 10Y 2.0 12.0
KR Stock(%) Index 1D 1W 1M
KOSPI -0.03 2.74 0.22
KOSDAQ 0.91 6.52 4.43
FX Market(%) Price 1D 1W 1M
1,451.2 0.23 -1.09 -0.94
952.6 -0.57 1.20 2.02
1D(bp) 1D(bp) 1D(bp)
1Y 2.743 -0.2 1Y 2.690 -1
 12.9 1.0
2Y 2.653 -0.2 2Y 2.555 -1.5
 -2.8 0.7
3Y 2.635 -0.3 3Y 2.565 -1.5
 0.3 1.0
5Y 2.650 0.2 5Y 2.590 -1.5
 -6.2 1.2
10Y 2.703 0.5 10Y 2.555 -1.5
 -13.5 0.8
US Bond Market
US Bond(%,bp) YTM 1D 1W 1M
UST2Y 4.279 -1.4 2.8 -10.2
UST5Y 4.343 -0.7 -1.9 -23.2
UST10Y 4.500 0.3 -5.9 -26.1
UST30Y 4.709 1.4 -8.4 -23.9
KR Credit Market
 (계약수)
Bond Yield(%, bp) Yield 1D 1W 1M 3M 1Y
2.779 -1.0 -2.7 -4.9 -41.5 -82.6
2.878 -1.3 6.7 3.5 -27.2 -70.9
2.949 -0.9 1.8 0.5 -23.6 -64.8
2.841 -0.6 -1.5 0.5 -39.7 -79.7 Fund Flow (십억원)
2.920 -1.4 6.1 3.7 -26.8 -80.1 YTD
3.000 -1.4 1.8 -0.1 -24.3 -84.4 42,507
2.943 -1.0 -6.5 -13.0 -39.7 -76.9 44,514
3.121 -1.3 4.2 -4.3 -27.3 -83.1 28,609
3.320 -1.0 1.5 -0.8 -24.3 -87 97,532
3.009 -1.0 -6.5 -14.2 -41.0 -86.4 -10,304
3.211 -1.3 4.2 -4.5 -27.9 -97.1 *는 T-2일 기준, 펀드는 설정액 및 ETF 제외 기준
3.428 -1.0 1.5 -0.8 -24.3 -95.9 **는 T-4일 기준
3.704 -1.0 -6.5 -14.5 -43.1 -111
4.100 -1.3 4.2 -2.8 -29.7 -105.3
 (십억원)
4.553 -1.0 1.5 -0.3 -24.8 -82.5
4.421 -1.0 -6.5 -14.5 -43.1 -109
 A0 170
4.893 -1.3 4.2 -2.8 -29.7 -101.8
 A+ 120
5.237 -1.0 1.5 -0.3 -24.8 -81.5
 AA- 70
4.993 -1.0 -6.5 -14.5 -43.1 -108
 AAA 60
5.533 -1.3 4.2 -2.8 -29.2 -98.3
 AA- 60
5.878 -1.0 1.5 -0.3 -24.8 -80.7
 AA0 52
2.907 -1.7 -5.9 -10.2 -33.4 -81.2
 AAA 50
3.043 -1.6 4.9 -2.0 -27.3 -74.4
 AA0 40
3.092 -1.2 2.5 -1.2 -25.7 -75.4
 AA- 40
2.946 -1.7 -6.0 -9.5 -31.9 -85.9
 AA+ 40
3.136 -1.6 5.1 -1.9 -25.1 -77.7
 AAA 40
3.181 -1.1 2.7 -2.2 -25.1 -84.1
 AA+ 40
2.975 -1.7 -6.0 -9.5 -31.4 -87.2
 A+ 40
3.162 -1.6 5.0 -2.0 -25.5 -79.3
 AA- 40
3.243 -1.2 2.7 -2.0 -24.9 -84.3
 AA+ 40
3.006 -1.7 -6.0 -9.4 -31.2 -88.1
 AA- 40
3.210 -1.6 5.1 -1.9 -25.5 -80.9
 AA+ 40
3.347 -1.2 2.6 -2.1 -24.7 -85
 AA- 40▪
▪
▪
2,521.3
749.7106.7
118.5
2025-02-282025-10-242025-02-142025-10-31
MMF*
0
0
3.083 3.2402025-11-21 3.202 3.100
2025-03-02 3.044 3.3502027-02-05 3.279 3.370
2025-09-19 3.126 3.0603.159 3.090
2025-11-03 3.222 3.2202025-02-20 3.058 3.310
2027-02-19 2.942 2.9203.242 3.320
2026-09-14 3.044 3.0402025-04-21 3.057 3.070
2030-02-10 - 2.9703.038 3.010
2025-08-06 3.275 3.2902028-01-31 3.374 3.460
2026-09-03 2.986 3.010
2025-09-18 3.367 3.2804,492
60,271 0 0 -5141,714,124 0 0
7,877
132,476 194 1,337 4,2581M
213,564 1,523 26,666 11,221
1D 1W
181,098 718 3,319
0
0
0
0
0.000
30,000
5,000
0
0
0
2.615
2.860
0.000
0.000
600
500700
1,300
1,300
1,000
900
900
400
300
3,669-1,360
-10,848
-759
IRS(%) CRS(%) Spread(bp)
235
-3,958587
1,4611,730
9,148
11 Feb. 2025
25-05-13 2.88 230 0.3            
 34-06-10 2.87 -108 9.3          
26-12-10 2.70 110 1.8            
 29-03-10 2.76 -60 4.1          
25-11-10 2.77 90 0.7            
 26-10-02 2.73 -50 1.6          
30-02-08 2.88 80 5.0            
 31-06-10 2.85 -51 6.3          
25-12-10 2.69 80 0.8            
 54-03-10 2.70 -40 29.1       
590 1.3            -309 9.1          
34-12-10 2.84 46 9.8            
 28-03-10 2.73 -100 3.1          
27-12-10 2.66 42 2.8            
 26-01-02 2.60 -70 0.9          
54-09-10 2.61 40 29.6          
 25-09-18 3.27 -30 0.6          
29-09-10 2.73 29 4.6            
 33-12-10 2.88 -21 8.8          
54-09-10 2.69 24 29.6          
 27-03-03 2.74 -20 2.1          
182 14.4          -241 2.6          
27-12-10 2.65 102 2.8            
 26-12-10 2.69 -50 1.8          
27-08-10 3.06 70 2.5            
 27-06-10 2.68 -34 2.3          
28-02-10 3.12 60 3.0            
 26-02-20 3.61 -20 1.0          
28-02-10 3.07 50 3.0            
 29-10-28 2.98 -20 4.7          
27-11-10 3.41 50 2.7            
 26-01-02 2.63 -20 0.9          
332 2.8            -144 2.1          
26-12-10 2.71 130 1.8            
 25-08-23 2.95 -150 0.5          
26-01-02 2.61 130 0.9            
 25-10-22 2.86 -150 0.7          
25-05-13 2.88 120 0.3            #N/A #N/A #N/A #N/A #N/A
54-09-10 2.68 56 29.6          
 26-03-10 2.67 -5 1.1          
25-06-15 2.99 50 0.3            
 25-09-10 2.53 -3 0.6          
486 4.2            #N/A #N/A
