0 0
0 0
0 0
0 0
0 0
KR Market
KR Bond(%,bp) YTM 1D 1W 1M
CD91D 3.520 0.0 1.0 2.0
3.030 -0.1 -0.5 -10.6
 3.260 3.276 AAA
3.025 1.7 3.3 -3.5
 5.820 5.252 A+
2.955 1.6 3.8 -4.5
 3.319 - AAA
3.012 1.5 6.0 -0.8
 7.090 - -
3.088 1.6 8.3 3.1
 3.370 3.307 AAA
3.082 0.5 7.0 4.5
 3.703 - AA
KR Credit(%,bp) YTM 1D 1W 1M
 3.319 - AAA
3.611 1.5 6.3 9.3
 3.593 3.606 AA-
3.516 1.9 7.3 5.9
 4.12 4.038 A+
7.009 1.6 3.8 -5.0
 6.950 - -
KTB Futures(tick)
 1D 1W
KTBF 3Y -6 -19
 (십억계약,%,년)
LKTBF 10Y -18 -82
KR Stock(%) Index 1D 1W 1M
KOSPI 0.45 -1.01 -3.48
KOSDAQ 1.54 -0.72 -4.42
FX Market(%) Price 1D 1W 1M
1336 0.21 -0.21 -2.94
921.84 0.00 1.18 1.50
1D(bp) 1D(bp) 1D(bp)
1Y 3.198 -0.75 1Y 2.94 4
 16.8 -0.65
2Y 3.008 0.75 2Y 2.795 2
 -1.8 -0.95
3Y 2.930 1.00 3Y 2.77 2.5
 -2.5 -0.60
5Y 2.895 0.25 5Y 2.77 2
 -11.7 -1.25
10Y 2.930 -0.25 10Y 2.685 2
 -15.8 -1.85
US Bond Market
US Bond(%,bp) YTM 1D 1W 1M
UST2Y 3.921 2.5 0.4 -33.9
UST5Y 3.704 3.1 5.4 -21.1
UST10Y 3.905 4.3 10.4 -12.7
UST30Y 4.196 4.9 10.3 -11
KR Credit Market
 (계약수)
Bond Yield(%, bp) Yield 1D 1W 1M 3M 1Y
3.310 0.3 2.5 1.4 -28.1 -50.6
3.209 2.1 5.3 1.6 -40.1 -83.7
3.232 1.5 6.2 3.2 -40.9 -85.1
3.363 0.2 2.1 5.9 -26.3 -54 Fund Flow (십억원)
3.251 1.6 4.4 -0.3 -45.5 -93.3 YTD
3.291 1.5 6.3 1.5 -51.3 -100.9 28617.6
3.483 0.5 3.0 4.0 -25.4 -62.4 34006.9
3.497 1.5 6.3 7.3 -37.1 -102.1 13650.9
3.632 1.5 7.5 5.5 -48.2 -107.6 50186.1
3.570 1.0 4.5 7.5 -22.5 -71.5 -5949.2
3.611 1.5 6.3 9.3 -38.3 -116.2 *는 T-2일 기준, 펀드는 설정액 및 ETF 제외 기준
3.755 1.5 7.5 5.5 -50.3 -116 **는 T-4일 기준
4.373 -0.5 -2.0 -6.5 -37.8 -70.6
4.567 1.5 2.3 -1.2 -52.4 -101
 (십억원)
4.875 1.5 6.0 0.2 -52.7 -98.1
5.095 -0.5 -2.0 -6.5 -37.3 -67.6
 AAA 169
5.360 1.5 2.3 -1.2 -51.6 -97
 - 135
5.559 1.5 6.0 0.2 -52.7 -96.6
 A+ 120
5.662 -0.5 -2.0 -6.5 -37.8 -67.1
 AAA 110
5.990 1.5 2.3 -1.2 -51.1 -94 SK312-2 AA+ 100
6.200 1.5 6.0 0.2 -52.7 -95.8
 - 70
3.342 -0.1 0.9 -2.7 -32.9 -63.7
 AAA 70
3.349 1.7 6.0 1.3 -41.0 -87.2
 AA- 50
3.378 1.5 6.5 2.7 -45.3 -100.5
 A+ 50
3.368 -0.2 1.1 -2.0 -32.6 -70.5
 - 40
3.432 1.8 7.2 5.3 -35.9 -94.8
 - 40
3.467 1.5 7.3 4.9 -47.6 -109
 - 40
3.388 -0.3 1.1 -2.1 -33.6 -72.8
 AA0 39
3.470 1.9 7.3 5.6 -36.1 -94.5
 - 29
3.531 1.5 7.3 4.9 -48.1 -108.7
 AA+ 20
3.418 -0.2 1.1 -2.0 -33.3 -73.5
 AA0 20
3.516 1.9 7.3 5.9 -35.8 -96.1
 A+ 20
3.636 1.5 7.4 5.0 -48.4 -109.2
 AAA 20▪
▪
▪
2674.31
767.66105.72
116.16
2026-11-202029-07-032025-02-072024-10-29
MMF*
0
0
3.282 3.32025-02-28 3.631 4.11
2025-08-29 - 3.952029-09-10 - 4.27
2026-06-26 3.408 3.45- 6.95
2034-08-28 4.514 4.472028-11-03 - 3.54
2028-06-20 - 4.063.589 3.6
2026-08-28 - 4.122031-06-10 - 3.59
2026-08-30 - 3.323.538 3.65
2027-08-27 3.415 3.472029-07-03 - 7.09
2034-08-30 - 5.73
2026-08-30 - 3.3219896.7
64626.2 -593.1 -1574.3 -4815.21666778.9 -4085.7 10543
3451.9
117518.6 -699.5 -913.6 -1099.81M
199675.1 -607.1 1177.1 -5057
1D 1W
170590.1 -174.3 195.7
0
0
0
0
0
0
0
0
0.000
0
0
0
0
0
0.000
0.000
0.000
0.000
699
500700
2800
2000
1695
1350
1000
400
400
-11398-6096
-6680
4387
IRS(%) CRS(%) Spread(bp)
2418
13138-441
412-458
197
2 Sep. 2024
26-12-10 2.98 120 2.3            
 24-09-10 3.37 -110 0.0          
26-07-02 3.02 100 1.8            
 25-09-10 3.05 -92 1.0          
29-08-30 3.26 100 5.0            
 28-06-10 3.02 -70 3.8          
27-06-10 3.01 100 2.8            
 28-03-10 3.00 -50 3.5          
27-03-03 3.04 30 2.5            
 26-03-10 3.06 -40 1.5          
450 2.9            -362 1.7          
26-08-30 3.32 119 2.0            
 25-07-02 3.02 -80 0.8          
26-01-02 3.07 60 1.3            
 68-09-10 2.95 -60 44.1       
54-03-10 2.98 51 29.5          
 27-06-10 3.01 -24 2.8          
25-12-10 3.07 50 1.3            
 53-09-10 3.00 -10 29.0       
26-03-10 3.07 41 1.5            
 33-12-10 3.10 -10 9.3          
321 6.1            -184 17.2       
24-09-19 3.52 50 0.1            
 24-09-10 3.36 -71 0.0          
27-12-20 3.17 50 3.3            
 25-07-18 3.41 -50 0.9          
29-08-30 3.26 50 5.0            
 26-12-10 2.98 -46 2.3          
25-07-02 3.03 45 0.8            
 25-12-19 3.37 -30 1.3          
43-09-10 3.08 39 19.0          
 25-10-02 3.07 -20 1.1          
234 5.1            -217 1.0          
26-12-10 2.97 101 2.3            
 25-03-10 3.08 -212 0.5          
26-03-10 3.05 100 1.5            
 43-09-10 3.07 -20 19.0       
25-06-10 3.03 100 0.8            
 42-09-10 3.09 -19.8 18.0       
27-06-10 2.99 100 2.8            
 25-09-10 3.07 -19.6 1.0          
27-06-10 2.95 62 2.8            
 29-03-10 3.00 -16.9 4.5          
463 2.0            -288 3.3          
