3Y
91d
1y
0 0
0 0
KR Market
KR Bond(%,bp) YTM 1D 1W 1M
CD91D 2.980 0.0 -1.0 -2.0
2.599 -0.7 -2.8 -4.0
 2.980 2.825 -
2.680 -1.7 2.0 2.5
 3.900 5.226 AA-
2.625 -2.0 3.7 -2.2
 3.086 - AA
2.727 -1.5 4.7 -1.0
 4.190 - AA
2.872 -0.8 6.9 2.7
 2.780 - AAA
2.784 1.1 4.8 5.2
 2.770 2.846 AAA
KR Credit(%,bp) YTM 1D 1W 1M
 2.985 - AA
3.199 -2.0 2.3 -10.7
 3.217 3.214 AA-
3.199 -2.2 2.6 -9.7
 2.850 - -
6.556 -2.0 3.0 -8.2
 3.217 3.213 AA-
KTB Futures(tick)
 1D 1W
KTBF 3Y 5.0 -2.0
 (십억계약,%,년)
LKTBF 10Y 0.0 -45.0
KR Stock(%) Index 1D 1W 1M
KOSPI 1.36 1.83 3.43
KOSDAQ 0.55 1.21 4.35
FX Market(%) Price 1D 1W 1M
1,447.5 -0.41 -0.01 -1.07
939.7 -0.97 -0.93 1.24
1D(bp) 1D(bp) 1D(bp)
1Y 2.748 -0.5 1Y 2.735 -1.5
 14.9 0.2
2Y 2.658 -1.2 2Y 2.610 1.5
 -2.3 0.5
3Y 2.638 -2.3 3Y 2.600 2
 1.3 -0.2
5Y 2.675 -1.3 5Y 2.635 2
 -5.2 0.2
10Y 2.748 -0.2 10Y 2.585 1.5
 -12.5 0.6
US Bond Market
US Bond(%,bp) YTM 1D 1W 1M
UST2Y 4.309 -4.8 9.3 -6.0
UST5Y 4.390 -7.9 11.5 -20.8
UST10Y 4.531 -9.6 9.3 -26.3
UST30Y 4.741 -9.3 10.1 -23.6
KR Credit Market
 (계약수)
Bond Yield(%, bp) Yield 1D 1W 1M 3M 1Y
2.774 -0.2 -1.4 -4.5 -46.0 -87.2
2.871 -1.5 3.2 -2.4 -32.2 -81.3
2.946 -1.6 2.8 -3.9 -28.9 -75.3
2.844 -0.2 0.6 0.2 -42.4 -83.6 Fund Flow (십억원)
2.908 -2.0 2.7 -3.3 -31.4 -90.7 YTD
3.000 -1.7 2.4 -4.2 -29.5 -94.7 42,116
2.936 0.0 -2.7 -11.2 -43.2 -81.6 45,091
3.109 -2.0 2.3 -10.5 -31.7 -92.3 29,355
3.333 -1.5 4.0 -4.7 -28.0 -95.4 74,294
2.999 0.0 -3.0 -12.7 -44.5 -90.9 -11,531
3.199 -2.0 2.3 -10.7 -32.3 -106.3 *는 T-2일 기준, 펀드는 설정액 및 ETF 제외 기준
3.441 -1.5 4.0 -4.7 -28.0 -104.3 **는 T-4일 기준
3.692 -0.5 -3.2 -13.2 -46.3 -116.7
4.083 -2.5 1.8 -10.5 -34.6 -116.5
 (십억원)
4.566 -1.5 4.0 -4.2 -28.5 -91.7
4.409 -0.5 -3.2 -13.2 -46.3 -114.7
 AAA 210
4.881 -2.0 2.3 -10.0 -34.1 -112.5
 AAA 160
5.250 -1.5 4.0 -4.2 -28.5 -90.7
 AA- 125
4.981 -0.5 -3.2 -13.2 -46.3 -113.7
 - 100
5.521 -2.0 2.3 -10.0 -33.6 -109
 AA- 90
5.891 -1.5 4.0 -4.2 -28.5 -89.9
 AA- 80
2.890 -0.7 -4.0 -10.8 -38.3 -86
 AA- 80
3.031 -2.4 2.3 -9.2 -32.2 -85
 AA 80
3.105 -1.5 4.0 -4.1 -29.6 -84.5
 AA- 80
2.931 -0.7 -3.6 -10.1 -36.2 -91.3
 AAA 60
3.124 -2.3 2.5 -9.8 -30.1 -88.4
 AA0 60
3.190 -2.1 3.6 -5.7 -29.2 -93.8
 AA0 50
2.960 -0.7 -3.6 -10.1 -35.9 -92.5
 AA+ 50
3.151 -2.3 2.5 -9.8 -30.2 -89.9
 AA0 50
3.252 -2.1 3.6 -5.8 -29.0 -94.1
 AA- 50
2.991 -0.7 -3.6 -10.1 -35.7 -93.4
 AA- 50
3.199 -2.2 2.6 -9.7 -30.2 -91.5
 AA- 50
3.356 -2.1 3.6 -5.8 -28.8 -94.8
 AA0 50-34,0158,225
34,213
-3,801
IRS(%) CRS(%) Spread(bp)
-1,239
-5,100-212
63-1,813
5,255
2,200
1,7002,500
20,000
4,000
3,700
3,000
2,900
1,600
1,5000.000
30,000
5,000
4,100
0
0
2.615
2.860
2.630
0.000
 0
0
6,841
133,223 256 1,806 5,4031M
213,174 1,423 3,265 14,185
1D 1W
181,674 50 2,044
2027-02-12 - 2.890-14,787
59,045 -573 -30 -2,2611,690,887 -2,892 297
- 3.730
2025-04-25 3.200 3.1802028-02-11 - 2.930
2099-12-31 - 3.900
- 3.000
2025-04-27 3.199 3.1702027-02-05 3.271 3.360
2029-02-22 3.342 3.300
3.089 3.060
2026-09-03 3.045 3.0102026-09-04 3.049 3.020
2025-05-27 3.142 3.160
3.141 3.1602026-04-20 3.002 3.010
2030-01-16 3.303 3.2002026-01-19 2.951 2.930
2026-04-28 3.004 3.020▪
▪
▪
2,583.2
749.3106.7
118.0
2025-04-242025-06-112028-02-132028-02-11
MMF*
0
0
14 Feb. 2025
55-03-10 2.71 165 30.1          
 54-09-10 2.72 -86 29.6       
28-02-13 2.85 130 3.0            
 27-06-10 2.68 -80 2.3          
25-11-13 2.83 110 0.7            
 42-09-10 2.82 -70 17.6       
33-12-10 2.93 50 8.8            
 30-12-10 2.87 -50 5.8          
25-04-17 2.98 54 0.2            
 27-01-02 2.70 -40 1.9          
509 11.6          -326 13.3       
34-12-10 2.89 118 9.8            
 29-12-10 2.81 -64 4.8          
54-09-10 2.72 99 29.6          
 28-03-10 2.76 -50 3.1          
27-12-10 2.65 31 2.8            
 25-06-30 2.58 -50 0.4          
28-02-11 3.45 30 3.0            
 27-02-05 3.01 -40 2.0          
28-02-11 3.22 30 3.0            
 26-01-02 2.59 -30 0.9          
308 14.1          -234 2.5          
28-02-10 3.22 110 3.0            
 29-10-28 2.98 -60 4.7          
28-02-11 3.22 97 3.0            
 27-06-10 2.67 -57 2.3          
25-11-13 2.84 90 0.7            
 26-06-10 2.70 -35 1.3          
27-02-12 2.89 70 2.0            
 26-11-29 2.87 -30 1.8          
29-03-10 2.78 50 4.1            
 29-09-10 2.75 -30 4.6          
417 2.5            -212 3.1          
55-03-10 2.70 165 30.1          
 28-09-10 2.75 -30 3.6          
31-12-10 2.89 82 6.8            
 26-06-10 2.73 -24 1.3          
44-09-10 2.77 75 19.6          
 28-06-10 2.75 -20 3.3          
54-09-10 2.71 67 29.6          
 29-06-10 2.81 -15 4.3          
26-01-09 2.62 50 0.9            
 29-12-10 2.80 -10 4.8          
439 20.6          -99 3.2          
