10y
91d
3y
0 0
0 0
KR Market
KR Bond(%,bp) YTM 1D 1W 1M
CD91D 2.940 -1.0 -4.0 -4.0
2.614 0.5 1.5 -1.5
 2.850 2.818 -
2.676 -0.8 -0.4 5.6
 4.120 4.089 AA0
2.627 -0.3 0.2 5.7
 3.068 3.158 AA0
2.748 0.1 2.1 7.3
 2.900 2.881 -
2.885 1.0 1.3 7.5
 2.860 2.860 AAA
2.780 0.5 -0.4 5.2
 3.005 3.206 AA-
KR Credit(%,bp) YTM 1D 1W 1M
 3.372 3.206 AA-
3.183 -0.3 -1.6 -0.8
 2.931 2.951 AAA
3.207 0.0 0.8 2.3
 3.349 3.119 AA-
6.539 -0.2 -1.7 0.3
 3.318 3.119 AA-
KTB Futures(tick)
 1D 1W
KTBF 3Y 0.0 -9.0
 (십억계약,%,년)
LKTBF 10Y -9.0 -38.0
KR Stock(%) Index 1D 1W 1M
KOSPI -0.65 2.74 5.40
KOSDAQ -1.28 2.53 5.81
FX Market(%) Price 1D 1W 1M
1,437.9 -0.04 -0.66 -0.11
955.8 0.65 1.72 3.80
1D(bp) 1D(bp) 1D(bp)
1Y 2.728 -2.5 1Y 2.660 -2
 11.4 -3.0
2Y 2.658 -1.5 2Y 2.615 0
 -1.9 -0.7
3Y 2.650 -0.2 3Y 2.610 0.5
 2.3 0.1
5Y 2.688 0.7 5Y 2.645 0.5
 -6.1 0.6
10Y 2.755 1.2 10Y 2.585 0.5
 -13.0 0.2
US Bond Market
US Bond(%,bp) YTM 1D 1W 1M
UST2Y 4.255 -1.7 -5.4 -2.1
UST5Y 4.340 -3.0 -5.0 -5.8
UST10Y 4.503 -3.1 -2.8 -7.5
UST30Y 4.738 -2.9 -0.3 -7.3
KR Credit Market
 (계약수)
Bond Yield(%, bp) Yield 1D 1W 1M 3M 1Y
2.794 0.0 2.0 0.9 -41.0 -84
2.870 -0.5 -0.1 6.3 -21.6 -77.9
2.948 -0.3 0.2 2.7 -18.1 -71.6
2.856 -0.4 1.2 1.8 -37.6 -81.8 Fund Flow (십억원)
2.909 -0.3 0.1 4.8 -19.7 -87.7 YTD
3.010 0.0 1.0 3.6 -17.3 -91.3 46,477
2.949 0.0 1.3 -5.4 -39.2 -77.3 48,047
3.098 -0.3 -1.1 -0.1 -22.7 -87.6 32,580
3.348 0.3 1.5 4.5 -15.2 -89.1 90,929
3.004 0.0 0.5 -7.7 -41.0 -86.9 -12,205
3.183 -0.3 -1.6 -0.8 -23.4 -102.1 *는 T-2일 기준, 펀드는 설정액 및 ETF 제외 기준
3.453 0.0 1.2 4.2 -15.5 -98.3 **는 T-4일 기준
3.692 0.0 0.0 -8.7 -43.0 -114.2
4.075 -0.3 -0.8 -0.8 -23.4 -113
 (십억원)
4.581 0.0 1.5 5.0 -15.7 -86.9
4.409 0.0 0.0 -8.7 -43.0 -112.7
 AA0 220
4.873 -0.3 -0.8 -0.3 -22.9 -109
 AA- 150
5.265 0.0 1.5 5.0 -15.7 -85.9
 A+ 140
4.981 0.0 0.0 -8.7 -43.0 -112.7
 - 140
5.513 -0.3 -0.8 -0.3 -22.4 -107
 AA+ 140
5.906 0.0 1.5 5.0 -15.7 -85.9
 AA0 120
2.905 0.5 1.5 -6.4 -34.5 -82.2
 AA- 120
3.035 -0.1 0.4 2.0 -20.5 -81.1
 AA0 100
3.124 -0.1 1.9 5.6 -16.4 -79.1
 AA- 100
2.943 0.7 1.2 -6.6 -32.3 -86.2
 A+ 90
3.133 0.0 0.9 2.3 -18.0 -82.7
 AA- 90
3.204 -0.4 1.4 4.8 -16.4 -89.1
 AA- 80
2.972 0.7 1.2 -6.6 -32.0 -87.5
 AA- 80
3.160 0.1 0.9 2.3 -17.9 -84.2
 AA0 80
3.266 -0.4 1.4 4.7 -16.1 -89.3
 AA- 80
3.003 0.7 1.2 -6.6 -31.8 -88.4
 - 70
3.207 0.0 0.8 2.3 -17.9 -85.9
 A- 65
3.371 -0.4 1.5 4.8 -15.9 -90
 A+ 60-12,156-1,934
3,945
3,948
IRS(%) CRS(%) Spread(bp)
1,631
9,517-41
472-2,120
-1,764
1,400
1,3001,400
20,000
8,000
2,800
2,099
1,800
1,300
1,3000.000
29,000
5,000
10,000
0
0
2.840
2.750
2.715
0.000
 0
0
7,715
136,448 1,140 3,225 6,2421M
217,534 -375 4,360 12,815
1D 1W
184,630 586 2,956
2027-06-03 3.069 3.0704,248
58,370 -114 -674 -2,8111,707,522 -3,482 16,635
- 4.180
2027-04-23 3.088 3.0602025-04-25 3.045 3.050
2027-02-12 3.216 3.270
3.120 3.070
2027-02-19 - 3.3502026-01-22 2.924 2.990
2027-03-15 3.203 3.100
3.115 3.160
2025-04-25 3.084 3.1002028-02-17 3.379 3.440
2026-08-06 3.159 3.160
3.164 3.1702027-05-11 - 3.900
2027-02-18 4.654 4.6902027-10-29 3.097 3.090
2028-02-18 3.161 3.170▪
▪
▪
2,654.1
768.3106.6
118.0
2026-01-292026-01-162027-06-032029-01-17
MMF*
0
0
21 Feb. 2025
26-01-09 2.64 100 0.9            
 26-04-02 2.68 -70 1.1          
30-02-20 2.93 90 5.0            
 27-04-23 3.06 -50 2.2          
30-02-28 2.92 77 5.0            
 31-06-10 2.86 -50 6.3          
25-12-10 2.64 50 0.8            
 30-12-10 2.86 -50 5.8          
54-09-10 2.70 42 29.6          
 27-04-23 3.00 -30 2.2          
359 6.1            -250 3.4          
55-03-10 2.68 83 30.1          
 42-12-10 2.77 -60 17.8       
54-09-10 2.69 49 29.6          
 26-09-09 2.80 -60 1.6          
28-02-20 2.90 40 3.0            
 27-12-10 2.63 -40 2.8          
26-02-20 2.86 30 1.0            
 27-06-03 3.07 -30 2.3          
34-12-10 2.89 27 9.8            
 27-03-26 2.84 -20 2.1          
229 19.0          -210 6.6          
25-04-24 2.85 230 0.2            
 27-06-10 2.67 -73 2.3          
26-02-20 2.86 150 1.0            
 25-03-06 3.22 -30 0.0          
28-02-20 2.90 80 3.0            
 26-10-02 2.70 -30 1.6          
27-02-19 3.35 50 2.0            
 28-03-10 2.72 -27 3.1          
27-12-10 2.63 46 2.8            
 26-12-10 2.69 -22 1.8          
556 1.2            -182 1.9          
54-09-10 2.69 51 29.6          
 26-09-10 2.70 -50 1.6          
25-03-10 2.74 40 0.0            
 25-12-10 2.65 -40 0.8          
34-12-10 2.88 32 9.8            
 42-09-10 2.82 -12 17.6       
28-03-10 2.70 2 3.1            
 54-03-10 2.71 -11 29.1       
27-03-10 2.70 1 2.0            
 41-09-10 2.80 -10 16.6       
126 14.6          -123 6.6          
