10y
91d
3y
0 0
0 0
KR Market
KR Bond(%,bp) YTM 1D 1W 1M
CD91D 2.950 -1.0 -3.0 -4.0
2.609 0.5 0.3 -2.7
 2.850 2.818 -
2.684 -0.6 -1.3 5.3
 4.120 3.749 AA+
2.630 -1.2 -1.5 0.9
 - - AA
2.747 -0.8 0.5 3.2
 -2.881 -
2.875 -0.5 -0.5 1.0
 2.860 2.860 AAA
2.775 -1.0 0.2 3.0
 3.005 3.206 AA-
KR Credit(%,bp) YTM 1D 1W 1M
 3.372 3.206 AA-
3.186 -1.7 -3.3 -5.5
 3.349 3.119 AA-
3.207 -0.7 -1.4 -3.5
 3.318 3.119 AA-
6.541 -2.5 -3.5 -5.7
 - - AA
KTB Futures(tick)
 1D 1W
KTBF 3Y 4.0 -4.0
 (십억계약,%,년)
LKTBF 10Y 6.0 8.0
KR Stock(%) Index 1D 1W 1M
KOSPI 1.70 4.83 6.01
KOSDAQ 0.60 4.44 6.96
FX Market(%) Price 1D 1W 1M
1,438.5 -0.36 -1.03 -0.91
949.6 0.17 0.07 2.99
1D(bp) 1D(bp) 1D(bp)
1Y 2.753 -1.0 1Y 2.680 -0.5
 14.4 -1.5
2Y 2.673 -1.5 2Y 2.615 -0.5
 -1.2 -0.9
3Y 2.653 -1.5 3Y 2.605 -1
 2.3 -0.3
5Y 2.680 -1.0 5Y 2.640 0
 -6.7 -0.2
10Y 2.743 -0.5 10Y 2.580 -1
 -13.3 0.0
US Bond Market
US Bond(%,bp) YTM 1D 1W 1M
UST2Y 4.289 -2.7 -6.8 0.2
UST5Y 4.385 -2.2 -8.4 -5.0
UST10Y 4.550 -0.2 -7.7 -7.9
UST30Y 4.773 0.4 -6.1 -8.6
KR Credit Market
 (계약수)
Bond Yield(%, bp) Yield 1D 1W 1M 3M 1Y
2.794 0.6 1.8 0.2 -41.2 -83.9
2.875 -0.7 -1.1 2.4 -21.9 -78
2.951 -0.7 -1.1 -0.2 -18.4 -73.5
2.860 0.2 1.4 2.2 -37.8 -81.9 Fund Flow (십억원)
2.912 -1.2 -1.6 0.0 -20.7 -87.9 YTD
3.010 -0.8 -0.7 -0.4 -18.1 -93.3 46,851
2.949 0.5 1.3 -6.4 -39.7 -78.3 47,461
3.101 -1.7 -2.8 -4.8 -23.2 -88.8 31,441
3.345 -0.8 -0.3 0.2 -16.3 -91.9 94,411
3.004 0.0 0.5 -8.7 -41.5 -88.4 -12,092
3.186 -1.7 -3.3 -5.5 -23.9 -103.3 *는 T-2일 기준, 펀드는 설정액 및 ETF 제외 기준
3.453 -0.8 -0.3 0.2 -16.3 -100.8 **는 T-4일 기준
3.692 0.0 -0.5 -9.7 -43.5 -115.7
4.078 -1.7 -3.0 -5.5 -24.4 -114.2
 (십억원)
4.581 -0.8 0.0 1.0 -16.5 -89.4
4.409 0.0 -0.5 -9.7 -43.5 -113.7
 AA0 240
4.876 -1.7 -2.5 -5.0 -23.9 -110.2
 AA- 150
5.265 -0.8 0.0 1.0 -16.5 -88.4
 AA- 140
4.981 0.0 -0.5 -9.7 -43.5 -113.7
 AA- 90
5.516 -1.7 -2.5 -5.0 -23.4 -108.2
 AAA 80
5.906 -0.8 0.0 1.0 -16.5 -88.4
 AA- 70
2.900 0.8 0.3 -8.0 -35.4 -83.7
 AA0 60
3.036 -1.2 -1.9 -3.2 -21.4 -81.8
 AA+ 60
3.125 -0.8 0.5 1.5 -17.1 -81.3
 AA- 60
2.936 1.0 -0.2 -8.4 -33.7 -87.8
 - 56
3.133 -0.7 -1.4 -3.5 -19.1 -83.7
 AA+ 50
3.208 -1.0 -0.3 0.7 -16.8 -91
 AA- 50
2.965 1.0 -0.2 -8.4 -33.4 -89
 AA- 50
3.159 -0.7 -1.5 -3.6 -19.0 -85.3
 A+ 40
3.270 -1.0 -0.3 0.6 -16.5 -91.3
 A+ 40
2.996 1.0 -0.2 -8.4 -33.2 -89.9
 AA- 40
3.207 -0.7 -1.4 -3.5 -19.0 -86.9
 AA- 40
3.375 -0.9 -0.2 0.7 -16.3 -91.9
 - 32▪
▪
▪
2,671.5
778.3106.6
118.1
2026-08-192025-04-252030-02-192028-02-19
MMF*
0
0
- 7.1002027-01-29 3.201 3.280
2026-01-30 2.970 2.9902026-03-06 3.520 3.950
2027-01-22 3.384 3.7103.083 3.080
2028-02-18 - 3.1702027-02-19 - 6.200
2028-02-18 - 3.080- 3.170
2026-10-30 3.159 3.0802027-02-05 3.221 3.310
2027-01-22 3.017 3.040- 3.070
2027-02-26 3.022 3.0502026-01-12 3.054 3.090
2027-10-07 3.257 3.230
2027-02-14 3.148 3.2009,164
58,484 -359 -1,134 -2,7931,711,003 8,755 17,225
7,091
135,308 428 2,341 5,8441M
217,909 1,262 6,158 12,747
1D 1W
184,044 874 2,420
0
0
 0.000
29,000
5,000
10,000
0
0
2.840
2.750
2.715
0.000
1,400
1,3001,400
20,000
8,000
2,800
2,099
1,800
1,300
1,200
-19,9051,092
14,104
-251
IRS(%) CRS(%) Spread(bp)
138
6,647-32
301-1,137
-1,457
20 Feb. 2025
27-08-19 2.80 330 2.5            
 26-03-10 2.62 -89 1.1          
25-04-24 2.85 244 0.2            
 54-09-10 2.69 -62 29.6       
26-01-02 2.58 210 0.9            
 26-01-12 3.08 -50 0.9          
26-08-19 2.82 150 1.5            
 25-07-30 2.90 -50 0.4          
27-09-03 2.72 150 2.5            
 27-03-10 2.71 -50 2.1          
1,084 1.5            -301 7.0          
25-04-24 2.86 144 0.2            
 26-01-02 2.57 -490 0.9          
54-09-10 2.69 50 29.6          
 25-07-31 2.55 -100 0.4          
30-02-19 3.12 40 5.0            
 52-03-10 2.71 -55 27.1       
55-03-10 2.69 35 30.1          
 25-06-10 2.52 -50 0.3          
26-08-19 7.10 32 1.5            
 53-03-10 2.70 -40 28.1       
301 9.3            -735 4.2          
25-04-24 2.85 737 0.2            
 42-09-10 2.79 -170 17.6       
26-02-19 3.04 210 1.0            
 26-03-18 2.84 -50 1.1          
25-09-06 2.90 120 0.5            
 29-09-10 2.75 -45 4.6          
26-02-19 2.82 120 1.0            
 27-12-10 2.63 -42 2.8          
28-02-18 3.02 70 3.0            
 54-03-10 2.71 -27 29.1       
1,257 0.6            -333 12.4       
25-04-24 2.86 544 0.2            
 26-11-13 2.85 -200 1.7          
55-03-10 2.68 135 30.1          
 54-09-10 2.68 -35 29.6       
31-06-10 2.89 60 6.3            
 34-06-10 2.90 -22 9.3          
33-12-10 2.92 50 8.8            
 41-09-10 2.80 -25 16.6       
32-06-10 2.90 30 7.3            
 30-06-10 2.83 -2 5.3          
819 6.3            -283 7.1          
