3y
91d
2y
1y
0 0
KR Market
KR Bond(%,bp) YTM 1D 1W 1M
CD91D 3.550 0.0 -3.0 -5.0
3.222 3.4 2.2 -15.3
 3.450 3.394 AAA
3.200 4.9 6.5 -17.6
 3.309 3.359 AAA
3.158 4.1 3.6 -17.4
 3.446 3.552 AA-
3.170 3.6 1.0 -19.0
 5.700 - A0
3.222 2.7 -1.3 -19.4
 3.460 3.464 AA+
3.192 2.2 -1.5 -15.5
 3.485 3.614 AA-
KR Credit(%,bp) YTM 1D 1W 1M
 3.449 3.531 AA-
3.652 4.0 2.7 -22.2
 3.467 3.587 AA-
3.606 3.9 2.9 -16.6
 3.53 3.659 AA-
7.271 4.1 3.2 -20.9
 3.435 3.450 AA+
KTB Futures(tick)
 1D 1W
KTBF 3Y -14 -11
 (십억계약,%,년)
LKTBF 10Y -29 -5
KR Stock(%) Index 1D 1W 1M
KOSPI 0.81 2.35 6.88
KOSDAQ -0.71 1.38 -1.84
FX Market(%) Price 1D 1W 1M
1378.8 -0.43 -0.12 0.03
849.72 -0.85 -0.77 -2.98
1D(bp) 1D(bp) 1D(bp)
1Y 3.373 1.50 1Y 3.295 1.5
 15.1 -1.90
2Y 3.228 4.25 2Y 3.03 4
 2.7 -0.65
3Y 3.153 4.00 3Y 2.97 3.5
 -0.6 -0.10
5Y 3.110 3.50 5Y 2.96 5
 -6.0 -0.10
10Y 3.130 3.00 10Y 2.875 5
 -9.2 0.30
US Bond Market
US Bond(%,bp) YTM 1D 1W 1M
UST2Y 4.517 -10.5 -21 -32.8
UST5Y 4.144 -9.4 -18.7 -28.1
UST10Y 4.212 -7.4 -15.2 -19.5
UST30Y 4.422 -5.6 -11 -11.7
KR Credit Market
 (계약수)
Bond Yield(%, bp) Yield 1D 1W 1M 3M 1Y
3.372 3.4 0.3 -18.9 -17.8 -50.7
3.322 3.1 2.3 -18.2 -24.8 -78.7
3.331 3.6 1.1 -16.9 -26.5 -79.5
3.345 3.5 -1.2 -23.8 -22.9 -57.7 Fund Flow (십억원)
3.405 4.1 3.4 -18.6 -28.3 -82.2 YTD
3.423 3.7 1.3 -22.5 -40.1 -88.7 32265.9
3.523 3.2 1.7 -18.2 -17.7 -63.9 20258.5
3.560 4.0 2.7 -19.8 -27.1 -93.6 16663.7
3.735 3.0 -0.2 -22.9 -38.8 -97 36018.7
3.578 3.2 1.7 -17.5 -20.8 -73.7 750.8
3.652 4.0 2.7 -22.2 -33.9 -104.7 *는 T-2일 기준, 펀드는 설정액 및 ETF 제외 기준
3.863 3.0 -0.5 -24.0 -44.1 -103.2 **는 T-4일 기준
4.518 3.2 1.7 -19.1 -24.6 -60.8
4.734 4.0 2.7 -22.7 -36.7 -84.1
 (십억원)
5.023 3.5 0.3 -22.4 -37.9 -81.3
5.240 3.2 1.7 -19.1 -23.6 -59.3
 A+ 90
5.527 4.0 2.7 -21.9 -33.9 -80.6 CJ ENM23-2 AA- 50
5.707 3.5 0.3 -22.4 -37.4 -80.9
 AAA 50
5.807 3.2 1.7 -19.6 -24.1 -60.8
 AA- 50
6.152 4.0 2.7 -21.9 -33.9 -79.1
 40
6.348 3.5 0.3 -22.4 -37.4 -80.5
 40
3.455 2.8 0.6 -19.2 -21.5 -56.8
 A0 40
3.475 3.4 2.3 -19.0 -28.9 -80.8
 AAA 40
3.486 3.6 1.3 -19.2 -34.7 -93.3
 AAA 40
3.479 2.6 1.3 -18.2 -21.7 -64.2
 AA- 30
3.523 3.9 2.9 -16.5 -30.6 -88.3
 AAA 30
3.565 3.6 0.7 -21.6 -42.0 -99.9
 A+ 30
3.504 2.9 1.6 -18.0 -22.9 -65.6
 20
3.564 3.9 2.9 -16.2 -30.9 -88
 20
3.630 3.6 0.6 -22.0 -41.9 -100
 20
3.530 2.9 1.6 -18.3 -24.1 -66.8
 20
3.606 3.9 2.9 -16.6 -32.3 -90.4
 A+ 20
3.735 3.6 0.7 -22.7 -42.2 -100.2
 AA- 18▪
▪
▪
2891.35
852.42105.27
114.99
2025-02-072025-10-132025-02-25
MMF*
0
4.236 4.262025-07-18 - 4.25
2026-01-29 3.737 3.72028-12-20 - 4.13
2027-06-21 - 4.483.748 3.7
2029-06-11 - 4.382024-10-24 3.585 3.46
2025-12-23 3.362 3.353.388 3.37
2028-10-24 3.349 3.392026-10-27 - 4.35
2024-10-28 3.627 3.643.68 3.64
2028-04-21 - 5.112026-01-16 3.484 3.5
2025-04-22 3.395 3.38
2025-01-24 3.596 3.6519639.7
71326.2 -239.2 81.9 -1482.51652611.5 709.3 1335.3
3642.8
120531.4 -42.3 2291.8 6318.71M
203323.4 -964.1 -441.1 2604.1
1D 1W
156841.7 310.5 1461.3
0
 0.000
23990
5300
14000
5100
0
3.100
3.320
3.140
3.230
500
500600
10000
1600
1000
1000
800
500
500
38749-1900
-22913
3230
IRS(%) CRS(%) Spread(bp)
-720
-12556214
322301
-1673
12Jul. 2024
2027-03-03 3.22 160 2.6            
 2025-04-02 3.27 -100 0.7          
2026-07-02 3.20 120 2.0            
 2025-03-04 3.37 -50 0.6          
2029-03-10 3.17 110 4.7            
 2031-06-10 3.20 -50 6.9          
2034-06-10 3.23 107 9.9            
 2028-06-10 3.21 -30 3.9          
2026-12-10 3.19 80 2.4            
 2026-08-22 3.34 -10 2.1          
577 4.2            -240 2.5          
2034-06-10 3.23 164 9.9            
 2024-09-10 3.35 -140 0.2          
2025-04-02 3.27 160 0.7            
 2033-11-10 3.88 -30 9.3          
2024-08-22 3.41 130 0.1            
 2033-11-17 3.88 -30 9.4          
2025-03-10 3.26 90 0.7            
 2026-05-31 3.70 -20 1.9          
2026-04-02 3.23 90 1.7            
 2028-03-03 3.31 -10 3.6          
634 3.1            -230 2.9          
2024-09-12 3.45 310 0.2            
 2026-06-10 3.19 -47 1.9          
2026-07-10 3.45 80 2.0            
 2029-03-10 3.17 -40 4.7          
2024-11-16 3.47 50 0.4            
 2024-08-22 3.41 -30 0.1          
2026-07-02 3.20 50 2.0            
 2024-11-17 3.43 -30 0.4          
2034-07-11 3.31 50 10.0          
 2029-06-10 3.22 -30 4.9          
540 1.5            -177 2.5          
2027-06-10 3.15 121 2.9            
 2025-07-17 3.37 -110 1.0          
2054-03-10 3.11 98 29.7          
 2025-03-07 3.45 -100 0.7          
2052-03-10 3.13 40 27.7          
 2025-03-10 3.28 -90.0 0.7          
2032-12-10 3.26 11 8.4            
 2031-06-10 3.20 -50.0 6.9          
2072-09-10 3.07 10 48.2          
 2025-09-10 3.16 -28.0 1.2          
281 17.7          -378 1.6          
