5y
91d
20y
0 0
0 0
KR Market
KR Bond(%,bp) YTM 1D 1W 1M
CD91D 3.600 0.0 0.0 0.0
3.345 0.0 1.1 -3.0
 3.470 3.450
3.260 0.5 -1.5 -17.0
 3.430 3.435 AAA
3.200 0.8 -0.7 -21.5
 3.410 3.388 AAA
3.212 0.0 -1.8 -22.8
 3.430 3.474 AAA
3.270 0.8 -0.7 -23.7
 3.989 4.818 A-
3.242 0.2 0.7 -19.8
 3.400 3.507 AAA
KR Credit(%,bp) YTM 1D 1W 1M
 3.400 3.378 AAA
3.708 0.5 -2.3 -26.3
 3.420 3.518 AAA
3.665 0.8 0.1 -18.7
 3.33 3.376 AAA
7.332 0.0 -1.6 -23.6
 3.328 3.418 AAA
KTB Futures(tick)
 1D 1W
KTBF 3Y -2 -13
 (십억계약,%,년)
LKTBF 10Y -7 -38
KR Stock(%) Index 1D 1W 1M
KOSPI 0.35 0.38 3.23
KOSDAQ 0.06 -1.97 0.31
FX Market(%) Price 1D 1W 1M
1387.5 -0.11 0.46 1.31
870.12 0.09 -0.34 -0.22
1D(bp) 1D(bp) 1D(bp)
1Y 3.400 0.25 1Y 3.305 -2
 5.5 0.25
2Y 3.258 0.25 2Y 3.065 -2.5
 -0.2 -0.25
3Y 3.190 0.00 3Y 3.045 -4
 -1.0 -0.80
5Y 3.148 -0.25 5Y 3.035 -5
 -6.5 -0.25
10Y 3.153 -0.50 10Y 2.975 -6.5
 -11.8 -1.30
US Bond Market
US Bond(%,bp) YTM 1D 1W 1M
UST2Y 4.755 2.1 3 -20.2
UST5Y 4.283 2.1 3.2 -25.1
UST10Y 4.252 1.5 2.5 -21.8
UST30Y 4.38 1.3 2.3 -19.5
KR Credit Market
 (계약수)
Bond Yield(%, bp) Yield 1D 1W 1M 3M 1Y
3.517 0.0 -0.3 -6.6 -5.2 -26.9
3.385 0.7 -0.5 -19.3 -11.3 -59.2
3.379 0.3 -0.7 -20.1 -12.4 -60.3
3.512 -0.3 -1.4 -11.3 -9.1 -35.3 Fund Flow (십억원)
3.453 0.7 -1.3 -23.0 -15.5 -66.2 YTD
3.471 -0.3 -2.9 -29.5 -26.9 -71.8 27280.9
3.635 0.0 -0.5 -10.2 -6.5 -41.7 17917.2
3.603 0.5 -2.0 -24.0 -21.1 -71.8 12249.2
3.794 0.0 -2.8 -27.6 -29.9 -77.3 28602.3
3.683 0.0 0.0 -11.2 -13.3 -49 386.2
3.708 0.5 -2.3 -26.3 -30.1 -78.6 *는 T-2일 기준, 펀드는 설정액 및 ETF 제외 기준
3.930 0.0 -3.1 -29.1 -35.4 -85.3 **는 T-4일 기준
4.629 0.0 -1.0 -12.2 -13.5 -40.7
4.790 0.5 -3.3 -28.1 -26.9 -63
 (십억원)
5.077 0.0 -2.8 -28.3 -24.5 -61.7
5.351 0.0 -1.0 -11.2 -12.5 -39.2
 A+ 130
5.583 0.5 -2.5 -26.8 -24.1 -60.5
 AA 100
5.761 0.0 -2.8 -27.8 -24.0 -62.3
 AA- 90
5.923 0.0 -1.0 -11.2 -12.5 -40.2
 AA- 80
6.208 0.5 -2.5 -26.8 -24.1 -59
 AAA 70
6.402 0.0 -2.8 -27.8 -24.0 -61.9
 AA 70
3.583 -0.4 0.1 -7.8 -8.4 -35.8
 AA- 69
3.531 0.6 -0.3 -19.4 -17.8 -62.3
 60
3.528 -0.3 -2.4 -24.8 -22.6 -76.9
 A- 55
3.609 -0.1 0.7 -7.5 -8.2 -42.8
 A- 52
3.580 0.8 0.1 -18.0 -20.8 -69.3
 A+ 50
3.620 -0.1 -2.4 -26.6 -30.6 -82.1
 A+ 50
3.630 -0.1 0.7 -8.6 -10.2 -44.5
 AAA 50
3.621 0.8 0.1 -18.1 -21.1 -69.4
 AAA 50
3.687 -0.2 -2.5 -26.9 -30.4 -82.1
 A+ 50
3.658 -0.2 0.6 -8.6 -11.1 -45.7
 45
3.665 0.8 0.1 -18.7 -22.3 -71.3
 AA+ 40
3.799 -0.1 -2.4 -26.5 -30.0 -81.1 S-Oil60-2 AA0 4044893-4162
-31410
7855
IRS(%) CRS(%) Spread(bp)
-2489
-8201-175
-83-571
-3648
2000
15002000
5900
5000
3000
2400
2320
1500
15000.000
23000
5900
7000
0
0
3.200
3.470
3.220
0.000
 0
0
1368.1
116116.9 -300.5 1388.6 24261M
198338.4 -192.8 -4608.9 -7771.5
1D 1W
154500.4 261.5 889.4
2027-06-25 - 6.5318951.3
70961.6 394 -1446 -1251.71645195.1 4530.3 13179.2
3.869 3.87
2024-10-29 3.67 3.692026-06-25 - 3.54
2027-02-25 3.934 3.86
- 3.88
2027-06-25 - 3.952027-06-25 - 3.53
4.274 4.27
3.833 3.78
2027-06-25 - 3.42029-06-25 - 4.12
2025-02-24 3.826 3.75
3.635 3.582025-06-20 - 7.5
2025-03-02 3.538 3.542029-06-25 - 3.38
2026-02-20 3.663 3.75▪
▪
▪
2774.39
841.99105.16
114.58
1931-01-262025-10-212028-06-202025-06-09
MMF*
0
0
26 June. 2024
25-09-25 3.43 320 1.3            
 54-03-10 3.18 -71 29.7       
29-06-25 3.33 120 5.0            
 26-04-02 3.26 -60 1.8          
25-04-25 3.50 120 0.8            
 33-06-10 3.28 -54 9.0          
31-06-25 3.49 90 7.0            
 28-12-10 3.25 -50 4.5          
27-06-25 3.32 90 3.0            
 26-12-10 3.22 -40 2.5          
740 2.7            -275 11.0       
26-06-25 3.41 170 2.0            
 52-03-10 3.21 -50 27.7       
43-09-10 3.25 136 19.2          
 53-09-10 3.18 -23 29.2       
26-06-25 3.33 100 2.0            
 25-06-26 3.50 -20 1.0          
29-06-25 3.34 90 5.0            
 25-06-25 3.55 -20 1.0          
27-06-25 3.40 90 3.0            
 29-03-10 3.20 -16 4.7          
586 6.6            -129 16.9       
29-06-25 3.43 90 5.0            
 33-12-10 3.28 -169 9.5          
34-06-10 3.26 69 10.0          
 25-10-02 3.29 -40 1.3          
26-06-25 3.54 70 2.0            
 32-12-10 3.29 -30 8.5          
25-03-25 3.51 60 0.7            
 24-07-11 3.57 -30 0.0          
24-07-04 3.57 50 0.0            
 30-06-10 3.26 -31 6.0          
339 3.9            -300 7.0          
27-06-10 3.18 200 29.7          
 28-06-10 3.23 -100 4.5          
54-03-10 3.17 88 27.7          
 33-06-10 3.28 -65 4.0          
52-03-10 3.19 90 9.0            
 28-03-10 3.22 -60.0 3.0          
43-09-10 3.23 30 8.5            
 32-12-10 3.29 -24.6 1.2          
26-12-10 3.25 20 7.5            
 25-09-10 3.28 -10.0 0.2          
163 20.4          -394 3.4          
