5Y
91d
0 0
0 0
0 0
KR Market
KR Bond(%,bp) YTM 1D 1W 1M
CD91D 3.440 0.0 0.0 4.0
2.818 -0.5 -3.3 -1.5
 3.040 3.058
2.843 -3.8 -11.7 -3.8
 4.100 3.289 AA+
2.771 -4.6 -14.4 -10.9
 3.260 3.344 AAA
2.819 -5.8 -14.6 -13.1
 3.130 3.228 AAA
2.920 -6.0 -14.0 -14.0
 -3.080 AAA
2.874 -3.6 -12.5 -11.4
 3.194 3.121 AAA
KR Credit(%,bp) YTM 1D 1W 1M
 3.312 3.389 AA-
3.377 -4.0 -12.3 -7.8
 3.196 3.139 AAA
3.347 -3.9 -12.8 -10.4
 5.134 - -
6.732 -4.4 -14.2 -13.7
 3.276 3.264 AA+
KTB Futures(tick)
 1D 1W
KTBF 3Y 14.0 35.0
 (십억계약,%,년)
LKTBF 10Y 57.0 111.0
KR Stock(%) Index 1D 1W 1M
KOSPI 1.32 2.64 -1.89
KOSDAQ 2.93 1.06 -4.20
FX Market(%) Price 1D 1W 1M
1,402.2 0.03 0.50 0.97
904.5 -0.74 0.49 -1.04
1D(bp) 1D(bp) 1D(bp)
1Y 3.005 -4.0 1Y 2.850 -2
 18.7 -3.5
2Y 2.870 -3.5 2Y 2.700 -2.5
 2.7 0.3
3Y 2.813 -3.8 3Y 2.685 -3.5
 4.2 0.9
5Y 2.793 -4.3 5Y 2.650 -2
 -2.7 1.5
10Y 2.825 -4.7 10Y 2.680 -2
 -9.5 1.3
US Bond Market
US Bond(%,bp) YTM 1D 1W 1M
UST2Y 4.305 -7.4 2.3 19.8
UST5Y 4.199 -9.8 -7.9 13.3
UST10Y 4.296 -10.9 -12.0 5.4
UST30Y 4.483 -10.6 -12.8 -1.8
KR Credit Market
 (계약수)
Bond Yield(%, bp) Yield 1D 1W 1M 3M 1Y
3.201 -0.3 -2.6 3.3 -9.6 -79.4
3.044 -4.2 -12.8 -8.6 -13.4 -96.9
3.080 -4.9 -13.2 -11.1 -12.6 -96.9
3.228 -0.4 -3.2 2.8 -12.3 -81.8 Fund Flow (십억원)
3.065 -4.1 -13.6 -10.7 -16.1 -107.7 YTD
3.127 -5.6 -14.3 -12.7 -13.7 -114.7 28,063
3.341 0.0 -2.4 4.0 -13.7 -85.8 40,367
3.285 -4.0 -12.1 -7.4 -17.7 -126 16,500
3.443 -5.7 -14.5 -13.2 -15.9 -127.2 87,104
3.414 0.0 -2.7 3.4 -13.6 -98.3 -12,069
3.377 -4.0 -12.3 -7.8 -19.9 -141.8 *는 T-2일 기준, 펀드는 설정액 및 ETF 제외 기준
3.551 -5.7 -14.5 -13.2 -17.4 -138.1 **는 T-4일 기준
4.117 -0.5 -3.5 -1.3 -28.1 -113.4
4.264 -4.5 -14.3 -12.4 -28.8 -135.6
 (십억원)
4.681 -5.7 -14.5 -13.2 -17.2 -118.9
4.834 -0.5 -3.5 -1.3 -28.6 -110.9
 - 402
5.057 -4.5 -14.3 -12.4 -28.8 -131.6
 AAA 60
5.365 -5.7 -14.5 -13.2 -17.2 -117.4
 AA+ 60
5.406 -0.5 -3.5 -1.3 -28.1 -109.9
 AA- 40
5.692 -4.5 -14.3 -11.9 -28.3 -128.1
 AA0 30
6.006 -5.7 -14.5 -13.2 -17.2 -116.6
 AA- 30
3.245 -0.5 -2.1 3.7 -9.5 -91.6
 AA+ 30
3.198 -4.2 -13.2 -10.3 -11.7 -99.7
 AA0 30
3.232 -5.6 -14.4 -13.4 -12.0 -107.4
 AAA 30
3.261 -0.5 -2.9 3.1 -10.6 -97.7
 AA0 30
3.274 -3.9 -12.4 -9.8 -11.7 -105.2
 - 30
3.314 -5.4 -14.0 -12.7 -11.6 -117.1
 AA0 20
3.287 -0.5 -2.8 3.5 -10.0 -99.3
 AA- 20
3.300 -3.9 -12.7 -10.3 -12.9 -106.6
 AAA 20
3.373 -5.4 -14.0 -12.9 -12.1 -117.5
 AA+ 20
3.316 -0.5 -2.9 3.4 -10.1 -100
 AA0 20
3.347 -3.9 -12.8 -10.4 -12.7 -108.4
 AA+ 20
3.476 -5.4 -14.0 -12.8 -12.2 -118.3
 - 2052,466-6,090
-34,516
9,330
IRS(%) CRS(%) Spread(bp)
-1,670
-8,827-653
-3,983-771
-3,411
800
714800
8,000
7,000
2,800
2,500
1,100
600
6000.000
9,000
8,000
0
0
0
2.815
3.040
0.000
0.000
0
0
0
0
4,304
120,368 938 1,915 -9881M
199,121 -1,056 -2,561 -827
1D 1W
176,951 -158 211
2026-05-28 - 4.110,110
58,507 -125 -530 -2,2731,703,697 3,134 -4,304
3.215 3.24
2026-05-08 3.364 3.352026-11-25 - 3.16
2025-02-27 3.71 3.7
3.21 3.23
2027-10-01 3.149 3.152030-02-26 3.333 3.3
2025-05-31 3.418 3.43
3.43 3.4
2025-01-26 3.556 3.752025-07-25 3.585 3.6
2028-07-06 - 3.9
- 5.32027-01-15 3.397 3.38
2027-01-25 3.384 3.342025-05-08 3.418 3.42
2026-02-13 3.304 3.28▪
▪
▪
2,534.3
696.8106.3
117.9
2027-07-092029-09-262027-01-152027-02-26
MMF*
0
0
26 Nov. 2024
25-02-25 3.06 470 0.3            
 34-06-10 2.93 -96 9.5          
26-11-25 3.09 300 2.0            
 29-03-10 2.88 -60 4.3          
25-07-25 3.33 140 0.7            
 26-12-10 2.84 -50 2.0          
26-11-25 3.09 100 2.0            
 33-12-10 2.95 -40 9.0          
27-11-25 3.15 70 3.0            
 32-12-10 2.96 -30 8.0          
1,080 1.1            -276 6.8          
26-11-25 3.19 140 2.0            
 25-12-10 2.86 -100 1.0          
27-11-25 3.15 60 3.0            
 26-10-02 2.86 -77 1.9          
28-11-25 3.18 49 4.0            
 25-12-10 2.86 -70 1.0          
43-09-10 2.89 40 18.8          
 27-06-10 2.78 -47 2.5          
29-11-25 3.26 30 5.0            
 30-12-10 2.98 -40 6.0          
319 4.9            -334 2.0          
28-11-25 3.18 171 4.0            
 34-06-10 2.93 -132 9.5          
26-11-25 3.19 90 2.0            
 27-06-10 2.79 -66 2.5          
27-05-25 3.80 70 2.5            
 26-12-10 2.83 -35 2.0          
27-05-25 3.31 40 2.5            
 29-09-10 2.84 -31 4.8          
26-11-25 3.47 40 2.0            
 24-12-30 3.34 -30 0.1          
411 3.0            -294 5.6          
25-02-25 3.06 150 0.3            
 25-06-10 2.94 -100 0.5          
25-08-22 3.31 60 0.7            
 32-12-10 2.96 -10 8.0          
29-03-10 2.86 40 4.3            
 28-09-10 2.85 0 3.8          
52-09-10 2.83 17 27.8          
 34-06-10 2.97 0 9.5          
28-03-10 2.89 10 3.3            
 32-06-10 2.96 0 7.5          
277 2.7            -111 1.3          
