0 0
0 0
0 0
0 0
0 0
KR Market
KR Bond(%,bp) YTM 1D 1W 1M
CD91D 3.440 0.0 5.0 15.0
2.694 0.0 1.0 0.2
 4.550 - AA0
2.752 -0.5 1.8 6.7
 4.300 - -
2.595 -3.0 -1.4 -1.6
 3.385 3.406 AA-
2.765 -2.0 0.8 11.3
 3.700 - -
2.871 -1.4 2.6 11.1
 3.371 3.387 AA-
2.875 0.4 10.7 16.7
 3.358 3.369 AA-
KR Credit(%,bp) YTM 1D 1W 1M
 3.352 3.371 AA-
3.336 -3.0 -1.5 9.4
 3.358 3.369 AA-
3.279 -2.7 -0.7 7.7
 4.670 - -
6.622 -2.8 -1.0 5.1
 3.341 3.359 AA-
KTB Futures(tick)
 1D 1W
KTBF 3Y 2.0 3.0
 (십억계약,%,년)
LKTBF 10Y 13.0 -12.0
KR Stock(%) Index 1D 1W 1M
KOSPI -0.22 -1.74 -2.30
KOSDAQ 1.83 -0.15 0.00
FX Market(%) Price 1D 1W 1M
1,472.5 0.34 1.41 5.58
932.5 0.11 0.72 0.31
1D(bp) 1D(bp) 1D(bp)
1Y 2.863 0.2 1Y 2.740 -3.5
 16.9 0.2
2Y 2.728 -1.5 2Y 2.615 -6.5
 -2.4 -1.0
3Y 2.705 -1.5 3Y 2.620 -6
 11.0 1.5
5Y 2.720 -1.5 5Y 2.660 -3.5
 -4.5 0.5
10Y 2.780 -0.5 10Y 2.670 -5
 -9.1 0.9
US Bond Market
US Bond(%,bp) YTM 1D 1W 1M
UST2Y 4.256 -7.6 -8.8 9.1
UST5Y 4.373 -9.1 -6.2 31.4
UST10Y 4.546 -8.1 -4.3 36.8
UST30Y 4.759 -6.0 -1.7 39.1
KR Credit Market
 (계약수)
Bond Yield(%, bp) Yield 1D 1W 1M 3M 1Y
3.029 0.0 0.3 1.1 -16.8 -66.3
2.910 -3.0 -2.9 2.7 -16.8 -60.7
3.047 -1.8 -0.6 11.7 -10.2 -43.8
3.036 -0.4 -0.1 -0.2 -16.9 -67.5 Fund Flow (십억원)
2.943 -3.0 -3.0 3.9 -16.1 -68.3 YTD
3.089 -1.8 0.5 12.3 -11.4 -61.7 -609
3.263 -0.5 1.5 5.7 -4.3 -60.1 32,443
3.244 -3.0 -1.5 9.4 -6.2 -65.6 22,206
3.423 -2.0 0.8 13.5 -9.2 -60 106,407
3.341 -0.5 1.5 6.2 -5.4 -68.4 -10,392
3.336 -3.0 -1.5 9.4 -7.4 -77.4 *는 T-2일 기준, 펀드는 설정액 및 ETF 제외 기준
3.531 -2.0 0.8 13.5 -9.7 -69.9 **는 T-4일 기준
4.014 -0.5 1.5 4.7 -14.4 -87.2
4.198 -3.0 -1.5 8.6 -15.6 -82.7
 (십억원)
4.646 -2.0 0.8 13.0 -11.2 -55.7
4.731 -0.5 1.5 4.7 -14.9 -85.2
 AA0 1140
4.991 -3.0 -1.5 8.6 -15.6 -79.2
 - 211
5.330 -2.0 0.8 13.0 -11.2 -54.7
 - 120
5.303 -0.5 1.5 4.7 -14.4 -84.2
 AA0 50
5.631 -3.0 -1.5 8.6 -14.6 -75.2
 AA0 50
5.971 -2.0 0.8 13.0 -11.2 -53.9
 AA0 50
3.133 -0.2 0.4 0.9 -9.8 -69
 AA- 50
3.117 -2.5 -0.3 7.0 -13.4 -56.2
 AA- 40
3.199 -2.0 0.6 13.0 -10.7 -51.1 KT&G4-2 AAA 40
3.174 -0.3 0.9 2.9 -8.2 -71.7
 - 40
3.205 -2.6 -0.5 7.9 -11.1 -57.8
 A+ 35
3.298 -2.0 0.7 13.8 -8.7 -58.7
 AA0 30
3.201 -0.4 0.9 3.2 -7.7 -73.1
 AA- 30
3.231 -2.7 -0.5 7.7 -11.7 -59.2
 - 25
3.358 -2.0 0.6 13.9 -9.2 -58.9
 AA0 20
3.231 -0.3 1.0 3.2 -7.6 -74.1
 A0 15
3.279 -2.7 -0.7 7.7 -11.7 -61
 BB+ 12
3.463 -2.0 0.7 14.1 -9.1 -59.6
 AA- 8-10,475-471
9,675
-4,419
IRS(%) CRS(%) Spread(bp)
2,099
-2,174790
1,3981,582
1,528
600
500700
9,000
1,200
1,100
1,056
800
400
4000.000
0
0
0
0
0
0.000
0.000
0.000
0.000
0
0
0
0
0
0
0
0
-8,648
126,074 199 3,236 5,1771M
170,448 -4,266 -12,910 -28,247
1D 1W
169,026 -4,770 -6,038
2034-12-30 - 4.5514,519
60,183 266 -768 5421,723,000 8,257 8,193
3.432 3.41
2025-04-24 3.439 3.422026-05-29 - 3.7
2025-03-30 - 4.67
3.477 3.51
2027-10-08 3.088 3.142025-01-17 3.378 3.55
2026-02-13 3.104 3.11
3.119 3.13
2026-04-27 3.251 3.242026-08-21 - 3.73
2026-04-30 - 4.8
3.956 3.992027-11-08 3.783 4.11
2029-11-29 12.271 02027-02-24 - 1.75
2025-02-28 3.574 4.11▪
▪
▪
2,399.5
678.2106.7
116.9
2099-12-312027-01-182025-09-192025-03-07
MMF*
0
0
31 Dec. 2024
34-06-10 3.07 100 9.4            
 25-09-24 3.15 -30 0.7          
29-03-10 2.84 71 4.2            
 25-01-27 3.06 -20 0.1          
27-06-10 2.71 54 2.4            
 25-09-19 3.52 -10 0.7          
43-09-10 2.93 36 18.7          
 26-10-02 2.75 -10 1.8          
28-03-10 2.81 40 3.2            
 25-06-08 3.51 -10 0.4          
301 7.2            -80 0.7          
34-12-30 4.55 910 10.0          
 34-06-10 3.07 -52 9.4          
25-03-30 4.67 40 0.2            
 54-03-10 2.89 -14 29.2       
33-12-10 3.10 29 9.0            
 25-03-10 3.28 -10 0.2          
26-04-23 2.93 20 1.3            
 26-04-27 3.24 -10 1.3          
25-11-10 3.29 20 0.9            
 31-12-10 3.00 -10 6.9          
1,019 9.2            -96 10.3       
27-06-30 3.39 100 2.5            
 43-09-10 2.94 -60 18.7       
34-12-30 4.55 90 10.0          
 28-03-10 2.79 -21 3.2          
27-09-30 3.37 80 2.8            
 25-03-07 3.35 -20 0.2          
26-04-11 2.93 50 1.3            
 27-12-10 2.60 -13 2.9          
26-12-10 2.76 43 1.9            
 27-01-18 3.13 -10 2.1          
363 4.2            -124 10.1       
34-06-10 3.07 167 9.4            
 25-06-10 2.80 -115 0.4          
27-12-10 2.58 136 2.9            
 27-09-10 2.77 -65 2.7          
33-12-10 3.09 120 9.0            
 29-12-10 2.90 -62 4.9          
34-12-10 2.86 96 10.0          
 25-04-02 2.92 -50 0.3          
54-09-10 2.83 90 29.7          
 25-12-10 2.70 -45 0.9          
609 11.0          -336 1.7          
