10y
91d
3y
0 0
0 0
KR Market
KR Bond(%,bp) YTM 1D 1W 1M
CD91D 3.520 -2.0 -3.0 -8.0
3.222 2.6 0.0 -11.2
 3.440 3.409 AAA
3.110 0.0 -9.0 -16.5
 3.190 3.316 AAA
3.060 0.7 -9.8 -14.7
 3.252 3.302 AAA
3.082 0.8 -8.8 -14.8
 3.190 3.244 AAA
3.135 -0.5 -8.7 -14.2
 3.380 3.429 AAA
3.089 -1.3 -10.3 -14.6
 3.352 3.504 AA-
KR Credit(%,bp) YTM 1D 1W 1M
 3.200 3.211 AAA
3.540 0.0 -11.2 -19.1
 3.156 3.206 AAA
3.510 0.5 -9.6 -15.4
 3.17 3.190 AAA
7.163 0.2 -10.8 -18.5
 3.365 3.397 AA+
KTB Futures(tick)
 1D 1W
KTBF 3Y 0 9
 (십억계약,%,년)
LKTBF 10Y 7 37
KR Stock(%) Index 1D 1W 1M
KOSPI -0.67 -2.32 2.19
KOSDAQ -0.84 -3.51 -4.25
FX Market(%) Price 1D 1W 1M
1381.7 0.01 0.21 0.04
884.13 0.13 4.05 1.26
1D(bp) 1D(bp) 1D(bp)
1Y 3.293 0.25 1Y 3.195 -0.5
 7.1 -2.35
2Y 3.115 0.50 2Y 2.94 0
 0.5 0.50
3Y 3.043 0.50 3Y 2.88 0
 -1.8 -0.20
5Y 3.003 -0.25 5Y 2.87 -0.5
 -7.9 -1.05
10Y 3.033 -0.75 10Y 2.78 -0.5
 -10.3 -0.25
US Bond Market
US Bond(%,bp) YTM 1D 1W 1M
UST2Y 4.473 3.3 -4.4 -25.2
UST5Y 4.12 4.1 -2.4 -13.1
UST10Y 4.203 4.4 -0.9 -2.4
UST30Y 4.421 4.5 -0.1 6.4
KR Credit Market
 (계약수)
Bond Yield(%, bp) Yield 1D 1W 1M 3M 1Y
3.357 1.9 -1.5 -16.3 -24.0 -43.7
3.211 0.4 -11.1 -17.9 -41.7 -72.6
3.241 0.6 -9.0 -14.5 -43.4 -70.4
3.334 1.8 -1.1 -19.2 -29.3 -50.3 Fund Flow (십억원)
3.310 0.7 -9.5 -15.6 -43.7 -74.8 YTD
3.334 0.8 -8.9 -16.6 -57.1 -79.2 38374.1
3.498 2.5 -2.5 -14.2 -23.2 -60.9 21223.3
3.448 0.0 -11.2 -17.5 -44.0 -88.8 16651.4
3.642 0.2 -9.3 -18.0 -55.9 -87.1 32304.9
3.553 2.5 -2.5 -13.0 -24.8 -70.7 -2350.8
3.540 0.0 -11.2 -19.1 -49.6 -100.9 *는 T-2일 기준, 펀드는 설정액 및 ETF 제외 기준
3.770 0.2 -9.3 -19.1 -59.4 -93.8 **는 T-4일 기준
4.508 2.5 -1.0 -13.1 -28.1 -54.8
4.629 0.5 -10.5 -19.4 -51.7 -77.6
 (십억원)
4.935 0.7 -8.8 -17.0 -54.0 -71.4
5.230 2.5 -1.0 -13.1 -27.1 -52.8
 AA+ 90
5.422 0.5 -10.5 -18.6 -49.4 -73.6
 AA+ 90
5.619 0.7 -8.8 -17.0 -53.5 -70.5
 AAA 70
5.797 2.5 -1.0 -13.6 -27.6 -53.8
 AA0 60
6.052 0.5 -10.0 -18.1 -48.9 -71.1
 AAA 60
6.260 0.7 -8.8 -17.0 -53.5 -69.6
 AA- 30
3.455 2.4 0.0 -12.7 -23.6 -49.8
 AA0 30
3.394 0.5 -8.1 -14.0 -42.4 -71.3
 A- 30
3.408 0.6 -7.8 -14.4 -50.5 -83
 AA0 30
3.474 2.2 -0.5 -12.8 -23.3 -57.4
 AA0 30
3.432 0.7 -9.1 -14.7 -43.9 -80.2
 AAA 30
3.472 0.1 -9.3 -17.2 -57.1 -91.5
 AA- 21
3.496 2.0 -0.8 -12.7 -24.7 -59.4
 AA0 20
3.468 0.6 -9.6 -15.2 -44.6 -80.8
 AA0 20
3.537 0.1 -9.3 -17.5 -57.0 -91.5
 AA- 20
3.524 2.2 -0.6 -12.8 -25.6 -60
 AAA 20
3.510 0.5 -9.6 -15.4 -46.0 -82.8
 20
3.642 0.1 -9.3 -18.1 -57.3 -91.6
 20▪
▪
▪
2824.35
822.48105.57
115.92
2027-06-212054-07-172024-07-292026-10-28
MMF*
0
0
- 0.962027-01-15 3.34 3.32
2027-06-21 - 1.412027-01-15 3.522 3.52
2025-08-26 3.34 3.324.799 4.75
2025-01-27 3.514 3.452028-06-29 3.347 3.38
2027-04-25 3.319 3.334.303 3.98
2026-04-27 3.328 3.334.202 4.21
2030-07-14 3.51 3.433.375 3.38
2024-09-27 3.404 3.412026-02-25 3.525 3.5
2025-06-05 3.387 3.41
2026-02-25 3.369 3.3516881.8
68224.6 -828.2 -3101.6 -41831648897.7 1718.5 -3713.8
3811.3
120519.1 194.4 -54.6 5642.31M
209431.6 3640.5 5144.1 5381.8
1D 1W
157806.5 -27.7 1275.3
0
0
 0.000
24000
5700
13000
0
0
3.185
3.250
3.100
0.000
1000
10001500
10000
4000
2600
2500
1500
900
800
38815-433
-22117
4025
IRS(%) CRS(%) Spread(bp)
900
-5324-649
271-927
-8014
19 Jul. 2024
26-10-18 3.17 90 2.3            
 25-07-02 3.22 -110 1.0          
27-03-03 3.13 60 2.6            
 31-12-10 3.15 -50 7.4          
26-07-18 3.19 60 2.0            
 34-06-10 3.15 -45 9.9          
24-09-10 3.32 50 0.1            
 30-06-10 3.14 -40 5.9          
34-07-18 3.25 50 10.0          
 26-12-13 3.20 -30 2.4          
310 3.2            -275 4.5          
34-06-10 3.14 144 9.9            
 31-12-10 3.17 -122 7.4          
25-01-18 3.38 100 0.5            
 31-12-10 3.22 -100 7.4          
25-07-18 3.29 100 1.0            
 24-09-10 3.30 -50 0.1          
54-03-10 3.04 75 29.7          
 25-06-10 3.20 -32 0.9          
26-01-02 3.16 65 1.5            
 26-05-31 3.64 -30 1.9          
484 8.0            -334 5.2          
34-07-18 3.25 150 10.0          
 24-08-22 3.44 -60 0.1          
24-09-19 3.44 130 0.2            
 26-12-10 3.09 -43 2.4          
25-07-18 3.29 70 1.0            
 24-07-31 3.42 -40 0.0          
42-09-10 3.11 65 18.2          
 27-06-10 3.06 -34 2.9          
27-07-16 3.37 60 3.0            
 24-08-29 3.43 -30 0.1          
475 6.2            -207 1.0          
26-03-10 3.13 100 1.6            
 25-07-02 3.23 -110 1.0          
54-03-10 3.02 51 29.7          
 25-10-23 3.26 -50 1.3          
31-12-10 3.17 50 7.4            
 25-10-18 3.30 -50.0 1.3          
30-12-10 3.14 50 6.4            
 31-12-10 3.15 -50.0 7.4          
52-03-10 3.03 40 27.7          
 25-09-12 3.31 -40.0 1.2          
291 11.9          -300 2.2          
