10y
91d
3y
0 0
0 0
KR Market
KR Bond(%,bp) YTM 1D 1W 1M
CD91D 3.520 1.0 3.0 0.0
3.011 -1.1 -0.9 -21.6
 3.200 3.298 AAA
3.004 0.1 5.1 -11.1
 3.200 - AAA
2.940 -0.3 5.3 -12.9
 3.200 3.206 AAA
2.961 0.1 6.3 -12.4
 3.100 3.112 AAA
2.997 -0.3 5.7 -14.6
 3.200 3.298 AAA
2.997 0.2 6.7 -9.8
 3.126 3.176 AAA
KR Credit(%,bp) YTM 1D 1W 1M
 3.650 3.196 AAA
3.561 -0.2 7.8 1.3
 3.550 3.325 AAA
3.458 -0.4 6.9 -6.4
 3.04 3.196 AAA
6.994 -0.3 5.3 -17.5
 3.144 3.175 AAA
KTB Futures(tick)
 1D 1W
KTBF 3Y 0 -20
 (십억계약,%,년)
LKTBF 10Y 0 -56
KR Stock(%) Index 1D 1W 1M
KOSPI 0.17 2.14 -2.26
KOSDAQ -0.96 0.39 -3.71
FX Market(%) Price 1D 1W 1M
1336.6 0.26 -1.76 -3.72
913.18 0.33 -0.97 3.24
1D(bp) 1D(bp) 1D(bp)
1Y 3.223 0.00 1Y 2.93 2
 21.2 1.10
2Y 3.030 0.50 2Y 2.8 2.5
 2.6 0.40
3Y 2.940 1.00 3Y 2.755 2.5
 0.0 1.30
5Y 2.890 1.00 5Y 2.75 2.5
 -7.1 0.90
10Y 2.908 1.00 10Y 2.66 2.5
 -8.9 1.30
US Bond Market
US Bond(%,bp) YTM 1D 1W 1M
UST2Y 3.935 -5.3 -2.7 -58.4
UST5Y 3.659 -3.1 -2.2 -51.5
UST10Y 3.802 -0.7 -3.6 -45.2
UST30Y 4.079 1.7 -4.8 -39.4
KR Credit Market
 (계약수)
Bond Yield(%, bp) Yield 1D 1W 1M 3M 1Y
3.259 -0.7 1.3 -9.8 -31.7 -56.4
3.171 -0.5 6.2 -5.5 -39.3 -95.8
3.176 0.1 6.2 -7.0 -38.6 -102
3.325 0.0 3.5 -1.4 -29.4 -56.9 Fund Flow (십억원)
3.227 -0.2 5.3 -9.2 -44.2 -103.2 YTD
3.236 0.0 6.0 -10.0 -51.0 -117.6 29300
3.433 -0.5 3.0 -6.5 -29.9 -69.2 33367.2
3.447 -0.2 7.8 -0.9 -38.1 -115.1 14383.7
3.562 0.0 7.3 -8.0 -49.3 -125.6 41664
3.505 0.0 3.5 -4.5 -29.0 -79.7 -4011.4
3.561 -0.2 7.8 1.3 -39.5 -128.7 *는 T-2일 기준, 펀드는 설정액 및 ETF 제외 기준
3.685 0.0 7.3 -8.5 -52.1 -134 **는 T-4일 기준
4.378 -0.5 0.5 -13.5 -37.3 -71.8
4.567 -0.2 5.8 -7.2 -49.4 -108.5
 (십억원)
4.823 0.0 6.3 -11.5 -52.2 -114.3
5.100 -0.5 0.5 -13.5 -36.3 -68.8
 AA+ 180
5.360 -0.2 5.8 -7.2 -48.1 -104.5
 AAA 175
5.507 0.0 6.3 -11.5 -51.7 -112.8
 AAA 150
5.667 -0.5 0.5 -13.5 -36.8 -69.8
 AA- 90
5.990 -0.2 5.8 -7.2 -47.6 -102
 AAA 70
6.148 0.0 6.3 -11.5 -51.7 -112
 AAA 60
3.310 0.0 3.7 -14.7 -34.5 -69.4
 AA+ 50
3.310 -0.5 6.4 -9.4 -39.8 -100
 - 50
3.322 -0.2 7.2 -9.0 -43.2 -118.8
 AA- 50
3.327 -0.3 3.6 -15.4 -35.1 -76.8
 AAA 40
3.375 -0.4 6.9 -6.9 -36.9 -109
 AA- 40
3.403 0.0 7.6 -7.2 -46.3 -127.4
 - 39
3.347 -0.4 3.6 -15.6 -36.2 -79.2
 AA0 38
3.412 -0.4 6.8 -6.8 -37.4 -108.8
 AA+ 30
3.467 0.0 7.5 -7.3 -46.9 -127.1
 A0 20
3.377 -0.3 3.6 -15.4 -36.1 -79.8
 AAA 20
3.458 -0.4 6.9 -6.4 -37.8 -110.4
 AAA 20
3.571 0.0 7.6 -7.4 -47.3 -127.7
 - 15-10796-2702
9452
1953
IRS(%) CRS(%) Spread(bp)
2128
-2715607
1944-848
2460
1000
10001000
4500
2000
1600
1400
1000
900
7000.000
20000
5000
11000
0
0
2.980
3.140
2.980
0.000
 0
0
4387.5
118251.4 967.2 2804.7 -967.71M
200357.5 -758.2 2852.5 -4558.8
1D 1W
169950.4 165.4 946.8
2026-02-09 3.33 3.317715
66564 -219.8 -3344.4 -1511.81658256.8 2822.5 1941.8
3.474 3.46
2025-04-04 3.343 3.422028-10-19 3.758 3.72
2029-08-21 - 3.18
- 3.74
2025-01-23 3.439 3.492024-11-22 3.506 3.5
2025-05-23 3.53 3.5
- 0.87
2025-02-14 3.348 3.32027-08-20 - 3.16
2025-03-21 4.295 4.05
4.161 4.12026-01-18 3.265 3.29
2028-02-22 3.23 3.222026-03-03 3.346 3.37
2025-02-28 3.571 3.66▪
▪
▪
2701.13
779.87105.87
117.13
2024-11-082028-08-112025-04-292027-01-11
MMF*
0
0
22Aug. 2024
24-10-24 3.22 460 0.2            
 25-06-10 3.05 -170 0.8          
27-03-03 2.99 290 2.5            
 24-09-10 3.03 -90 0.1          
25-06-10 3.05 150 0.8            
 26-06-10 2.98 -80 1.8          
26-04-02 3.04 120 1.6            
 25-03-10 3.07 -70 0.6          
26-08-21 3.20 120 2.0            
 25-12-10 3.05 -60 1.3          
1,140 1.2            -470 0.9          
49-08-21 3.65 100 25.0          
 33-12-10 3.01 -66 9.3          
54-08-21 3.04 90 30.0          
 25-06-09 3.39 -40 0.8          
54-03-10 2.89 32 29.6          
 33-06-10 2.99 -35 8.8          
25-04-02 3.09 30 0.6            
 28-06-10 3.03 -40 3.8          
39-03-10 3.01 40 14.6          
 34-06-10 2.99 -32 9.8          
292 23.1          -212 6.7          
42-09-10 3.00 103 18.1          
 54-03-10 2.90 -102 29.6       
25-08-21 3.55 100 1.0            
 25-06-10 3.05 -60 0.8          
34-06-10 2.99 51 9.8            
 33-12-10 2.99 -48 9.3          
27-06-10 2.94 51 2.8            
 26-12-10 2.95 -30 2.3          
29-08-21 3.14 50 5.0            
 24-09-10 3.50 -30 0.1          
355 8.0            -270 13.3       
24-10-24 3.22 670 0.2            
 25-06-10 3.05 -170 0.8          
25-03-10 3.06 200 0.6            
 25-06-10 3.05 -65 0.8          
26-12-10 2.94 120 2.3            
 43-09-10 3.00 -23.0 19.1       
26-08-21 3.20 110 2.0            
 28-09-10 2.96 -10.0 4.1          
25-07-02 3.00 100 0.9            
 28-03-10 2.95 -5.1 3.6          
1,200 0.7            -273 2.5          
