10y
10y
91d
2y
0 0
KR Market
KR Bond(%,bp) YTM 1D 1W 1M
CD91D 3.600 0.0 2.0 4.0
3.352 -2.4 -4.3 -3.3
 3.570 3.395 AAA
3.405 -6.0 -6.2 -6.7
 3.500 3.656 AAA
3.377 -7.5 -7.3 -9.3
 3.460 3.605 AAA
3.415 -8.0 -8.0 -12.3
 3.550 3.606 AA
3.465 -8.0 -9.2 -16.2
 3.650 3.653 AAA
3.395 -7.8 -10.7 -13.5
 3.630 3.653 AAA
KR Credit(%,bp) YTM 1D 1W 1M
 3.670 3.644 AAA
3.931 -7.0 -7.0 -11.8
 3.661 3.620 AAA
3.825 -6.8 -7.5 -16.6
 3.68 3.634 AAA
7.573 -7.0 -9.6 -21.2
 - - BBB+
KTB Futures(tick)
 1D 1W
KTBF 3Y 23 18
 (십억계약,%,년)
LKTBF 10Y 78 71
KR Stock(%) Index 1D 1W 1M
KOSPI 0.83 1.51 5.49
KOSDAQ 0.95 0.03 4.51
FX Market(%) Price 1D 1W 1M
1345 -1.76 -1.83 -3.55
869.42 -0.66 -1.10 -3.69
1D(bp) 1D(bp) 1D(bp)
1Y 3.563 -3.00 1Y 3.44 -5.5
 21.1 -0.60
2Y 3.450 -5.25 2Y 3.275 -5.5
 4.5 0.75
3Y 3.380 -7.00 3Y 3.27 -5
 0.3 0.50
5Y 3.343 -7.75 5Y 3.245 -6
 -7.3 0.25
10Y 3.345 -8.00 10Y 3.105 -8
 -12.0 0.00
US Bond Market
US Bond(%,bp) YTM 1D 1W 1M
UST2Y 4.806 7.2 -2 -19.2
UST5Y 4.406 5.5 -6.8 -30.1
UST10Y 4.379 3.4 -8 -29.3
UST30Y 4.516 1.3 -9.5 -25
KR Credit Market
 (계약수)
Bond Yield(%, bp) Yield 1D 1W 1M 3M 1Y
3.554 -2.4 -3.3 -1.9 -8.8 -10.8
3.550 -7.0 -6.7 -8.2 -11.2 -10.1
3.557 -7.7 -7.7 -11.9 -11.8 -9.2
3.618 -2.6 -2.6 3.0 -5.7 -9.3 Fund Flow (십억원)
3.650 -7.1 -7.0 -9.2 -14.7 -15.4 YTD
3.746 -8.0 -8.3 -15.0 -18.4 -14.2 34116.2
3.720 -2.5 -2.8 1.0 -1.2 -19.7 14904.2
3.800 -7.0 -6.0 -9.1 -20.2 -22.9 8851.1
4.053 -7.5 -8.3 -14.3 -20.4 -28.5 7060.3
3.788 -2.5 -3.0 0.2 -10.0 -28.2 1673.6
3.931 -7.0 -7.0 -11.8 -30.1 -33.5 *는 T-2일 기준, 펀드는 설정액 및 ETF 제외 기준
4.216 -7.5 -8.3 -15.6 -23.8 -34.6 **는 T-4일 기준
4.739 -2.5 -3.5 -3.0 -11.0 -18.9
5.041 -7.0 -7.0 -11.8 -19.2 -11.2
 (십억원)
5.345 -7.5 -7.5 -12.5 -12.3 -8.1
5.451 -2.5 -3.5 -3.0 -9.5 -15.9
 A+ 160
5.821 -7.0 -7.0 -10.3 -17.0 -9.5
 AAA 150.0
6.024 -7.5 -7.5 -12.5 -11.8 -8.7
 120
6.023 -2.5 -3.5 -3.0 -8.5 -19.4
 120
6.446 -7.0 -7.0 -10.3 -15.0 -8
 95
6.665 -7.5 -7.5 -12.5 -11.0 -8.3
 89.2
3.638 -1.5 -2.4 -4.2 -11.2 -16.4
 AA- 73.448
3.687 -6.8 -7.2 -13.5 -18.1 -17.5 S-Oil55-1 AA0 70
3.763 -8.0 -7.5 -14.6 -16.7 -24.3
 68.6
3.660 -1.3 -2.4 -4.8 -17.2 -23.8
 60
3.731 -6.8 -7.2 -16.0 -25.9 -24.4
 AA- 50.204
3.876 -8.0 -8.9 -18.5 -23.4 -27.3
 50
3.687 -1.4 -2.5 -5.6 -18.6 -25.3
 50
3.771 -6.8 -7.3 -16.4 -26.1 -24.4 SK302-1 AA+ 50
3.944 -8.0 -8.8 -18.2 -23.0 -26.5
 AA- 40.008
3.719 -1.3 -2.6 -6.2 -19.4 -26.2
 AA- 40
3.825 -6.8 -7.5 -16.6 -27.1 -25.9
 AAA 40
4.052 -8.0 -8.8 -18.2 -23.4 -26.8
 AA0 40▪
▪
▪
2753.00
870.37104.54
112.85
2026-07-112024-08-242024-11-042028-03-17
MMF*
0
3.802 3.772027-05-07 4.092 4.04
2024-06-10 3.544 3.552025-02-22 3.641 3.67
2026-05-07 4.059 4.014.132 4.5
2029-06-11 - 4.272025-04-18 - 4.27
2025-02-26 3.667 3.653.598 3.59
2026-05-14 - 1.132026-05-14 - 1.41
2024-09-03 3.629 3.59- 3.65
2024-07-19 - 4.932025-06-15 3.599 3.58
2025-12-01 - 4.96
2027-04-16 4.433 4.43-9863.3
72249 787.2 1044.7 1402.21623653.1 -4020.5 1201.7
4973
112718.8 252.2 488.5 14071M
205173.7 263.6 -5383.5 174.1
1D 1W
151487.4 163.3 583.6
0
 0.000
16000
11000
3200
19000
0
3.540
3.520
3.450
3.470
1900
13002000
20000
3400
3100
3000
2300
700
200
-52996898
9703
-13426
IRS(%) CRS(%) Spread(bp)
2910
-148161270
8441327
3564
17 May. 2024
27-03-03 3.40 170 2.8            
 25-09-10 3.43 -60 1.3          
25-01-02 3.40 130 0.6            
 25-09-12 3.59 -50 1.3          
26-05-16 3.55 120 2.0            
 24-06-19 3.57 -50 0.1          
24-12-10 3.38 71 0.6            
 25-11-09 3.57 -40 1.5          
27-05-16 3.66 70 3.0            
 26-01-02 3.41 -40 1.6          
561 1.9            -240 1.1          
25-05-16 3.58 70 1.0            
 33-12-10 3.45 -124 9.6          
54-03-10 3.32 37 29.8          
 26-04-02 3.40 -80 1.9          
25-11-16 3.65 30 1.5            
 29-03-10 3.41 -64 4.8          
24-12-30 3.65 20 0.6            
 33-06-10 3.48 -54 9.1          
43-09-10 3.39 15 19.3          
 25-04-07 3.60 -50 0.9          
172 8.9            -372 5.9          
24-07-18 3.57 600 0.2            
 25-12-10 3.41 -82 4.8          
25-05-16 3.67 130 1.5            
 24-12-03 3.63 -80 0.3          
25-05-16 3.58 110 3.0            
 33-12-10 3.46 -44 0.9          
25-11-16 3.65 100 1.0            
 24-09-10 3.47 -40 1.9          
29-03-10 3.41 52 1.5            
 25-02-02 3.53 -30 0.1          
596 1.1            -172 1.7          
24-07-18 3.57 600 1.0            
 25-12-10 3.41 -82 8.6          
25-05-16 3.67 130 0.2            
 24-12-03 3.63 -80 5.6          
25-05-16 3.58 110 2.0            
 33-12-10 3.46 -44 4.6          
25-11-16 3.65 100 28.8          
 24-09-10 3.47 -40.0 27.8       
29-03-10 3.41 52 9.6            
 25-02-02 3.53 -30.0 5.1          
394 6.8            -246 8.9          
