3Y
3Y
91d
2Y
3Y
KR Market
KR Bond(%,bp) YTM 1D 1W 1M
CD91D 3.400 0.0 -11.0 -13.0
2.856 -0.1 -1.4 -1.5
 3.150 3.173 AAA
2.884 -2.1 -5.4 -2.6
 3.150 3.171 AAA
2.875 -3.0 -6.0 5.5
 3.060 3.177 AAA
2.920 -3.9 -8.1 9.0
 3.150 3.212 AAA
3.005 -4.2 -7.5 7.8
 3.120 3.195 AAA
2.910 -2.9 -3.7 9.0
 3.180 3.197 AAA
KR Credit(%,bp) YTM 1D 1W 1M
 3.180 3.197 AAA
3.449 -3.5 -7.6 -0.9
 3.100 3.173 AAA
3.447 -2.9 -6.0 4.3
 3.180 3.196 AAA
6.888 -3.4 -6.8 3.8
 3.190 3.197 AAA
KTB Futures(tick)
 1D 1W
KTBF 3Y 13 30
 (십억계약,%,년)
LKTBF 10Y 49 82
KR Stock(%) Index 1D 1W 1M
KOSPI -0.88 0.62 1.36
KOSDAQ -1.04 -1.60 4.44
FX Market(%) Price 1D 1W 1M
1362.6 0.10 0.96 2.49
914.54 -0.23 0.44 -3.22
1D(bp) 1D(bp) 1D(bp)
1Y 3.093 -1.500 1Y 2.83 0.5
 23.7 -1.4
2Y 2.925 -3.000 2Y 2.7 -0.5
 4.1 -0.9
3Y 2.875 -4.500 3Y 2.72 -1.5
 0.0 -1.5
5Y 2.863 -5.250 5Y 2.69 -4.5
 -5.8 -1.4
10Y 2.893 -6.250 10Y 2.72 -5.5
 -11.3 -2.0
US Bond Market
US Bond(%,bp) YTM 1D 1W 1M
UST2Y 3.9 -0.6 -8.2 38.9
UST5Y 3.8 -1.1 -7.3 44.1
UST10Y 4.0 -2.0 -6.0 39.6
UST30Y 4.3 -2.5 -4.6 36.7
KR Credit Market
 (계약수)
Bond Yield(%, bp) Yield 1D 1W 1M 3M 1Y
3.196 -0.6 -3.2 -2.2 -16.1 -82.7
3.137 -3.0 -6.4 4.3 -7.4 -128.2
3.171 -4.1 -8.9 7.6 -7.0 -133.2
3.198 -0.4 -3.7 -4.1 -13.6 -89 Fund Flow (십억원)
3.166 -3.0 -6.5 4.5 -14.4 -134.7 YTD
3.228 -4.0 -8.3 7.9 -10.6 -143.6 22870.7
3.303 -0.5 -4.3 -5.0 -19.5 -93.1 35726.7
3.353 -3.2 -6.8 0.9 -9.5 -149 18240.1
3.545 -3.7 -9.2 6.5 -9.7 -154.8 63917.1
3.387 -0.5 -4.8 -5.8 -16.6 -103 -9110.2
3.449 -3.5 -7.6 -0.9 -9.1 -166.6 *는 T-2일 기준, 펀드는 설정액 및 ETF 제외 기준
3.655 -3.7 -9.5 5.7 -11.5 -164.5 **는 T-4일 기준
4.150 -0.5 -4.8 -6.3 -35.8 -106.6
4.393 -3.5 -7.6 -0.9 -23.6 -150.2
 (십억원)
4.785 -3.7 -9.5 6.2 -15.0 -145.1
4.872 -0.5 -4.8 -6.3 -35.8 -103.6
 AAA 120
5.186 -3.5 -7.6 -0.9 -23.6 -146.2
 - 120
5.469 -3.7 -9.5 6.2 -15.0 -143.6
 AA- 116
5.439 -0.5 -4.8 -6.3 -35.8 -103.1
 AA- 110
5.816 -3.5 -7.6 -0.9 -23.6 -143.2
 AA0 100
6.110 -3.7 -9.5 6.2 -15.0 -142.8
 AA0 80
3.239 -0.3 -2.7 -1.0 -21.6 -94
 AAA 70
3.303 -3.1 -6.4 5.1 -9.1 -124.1
 - 59
3.336 -3.4 -7.9 8.2 -7.2 -140.2
 BBB 45
3.257 -0.5 -2.9 -1.5 -21.7 -100
 AAA 40
3.368 -2.9 -6.1 4.8 -6.4 -132.2 SK311-1 AA+ 40
3.409 -3.9 -8.4 8.1 -6.3 -149.3
 AA- 40
3.280 -0.5 -2.8 -1.5 -21.6 -102.1
 AA- 40
3.399 -2.9 -6.0 4.2 -6.9 -133.1
 AA0 40
3.470 -3.9 -8.4 7.7 -6.7 -149.5
 AA0 30
3.309 -0.5 -2.8 -1.5 -21.5 -102.8
 AAA 30
3.447 -2.9 -6.0 4.3 -6.3 -134.8
 AAA 30
3.573 -3.9 -8.4 7.6 -6.9 -150.1 KT194-2 AAA 303507-6998
-6659
4273
IRS(%) CRS(%) Spread(bp)
2886
7017704
483-189
-2820
600
3000500
4000
2800
3100
1200
2000
1500
30002.940
10000
6000
8000
7000
11000
2.920
2.915
2.980
2.910
-66.9
122107.8 508.5 1509.7 6402.61M
193928.2 3069.7 2109.5 5784.3
1D 1W
172309.9 324.9 686.9
2024-11-01 3.425 3.47-3263
61465.2 -806.8 -2020.5 -1778.11680509.9 -3005.2 -2342.8
3.254 3.28
2025-06-11 3.326 3.322030-07-26 - 3.34
2099-12-31 - 4.2
- 0.01
2026-04-16 - 7.52025-01-24 3.488 3.55
2040-04-28 3.484 3.4
3.544 3.5
2024-11-27 3.516 3.492029-01-11 3.263 3.3
2027-05-28 3.334 3.32
3.149 3.162025-10-28 3.199 3.1
2025-04-04 3.367 3.372026-01-16 3.37 3.34
2026-02-13 3.382 3.35▪
▪
▪
2610.36
765.79106.09
117.20
2026-01-272027-01-292028-05-262026-10-08
MMF*
17 Oct. 2024
27-04-16 3.12 200 2.5            
 27-03-03 2.95 -70 2.4          
27-10-16 3.19 190 3.0            
 25-06-10 2.94 -50 0.6          
29-10-16 3.15 160 5.0            
 26-08-01 3.13 -50 1.8          
26-04-16 3.19 160 1.5            
 28-03-10 2.97 -40 3.4          
27-09-03 2.95 80 2.9            
 27-09-10 2.94 -40 2.9          
790 3.0            -250 2.2          
28-10-16 3.40 90 4.0            
 35-09-10 3.03 -140 10.9       
29-10-16 3.42 40 5.0            
 25-06-10 2.91 -100 0.6          
27-10-15 3.49 40 3.0            
 25-03-10 2.91 -50 0.4          
99-12-31 4.20 20 7,980.5     
 52-03-10 2.92 -40 27.4       
29-10-16 3.44 19 5.0            
 53-03-10 2.93 -30 28.4       
209 767.4       -360 9.9          
27-10-16 3.18 80 3.0            
 29-03-10 2.96 -42 4.4          
25-10-16 3.51 70 1.0            
 26-12-10 2.92 -40 2.2          
26-04-16 3.19 60 1.5            
 27-03-03 2.95 -40 2.4          
24-10-25 3.33 30 0.0            
 34-06-10 3.01 -34 9.7          
26-10-08 3.28 30 2.0            
 25-05-20 3.44 -30 0.6          
270 1.7            -186 3.8          
26-10-16 3.10 300 2.0            
 28-09-10 3.00 -112 3.9          
25-10-16 3.15 300 1.0            
 25-12-10 2.94 -100 1.2          
26-09-10 2.90 118 1.9            
 26-03-03 2.89 -50.0 1.4          
27-03-03 2.98 100 2.4            
 25-06-10 2.95 -50.0 0.6          
26-01-16 3.15 80 1.3            
 26-03-10 2.93 -49.9 1.4          
898 1.6            -362 2.0          
