10Y
10Y
91d
3Y
0 0
KR Market
KR Bond(%,bp) YTM 1D 1W 1M
CD91D 3.440 0.0 0.0 5.0
2.835 -0.6 -1.6 -1.0
 3.150 3.155 AAA
2.928 -1.2 -5.0 3.1
 3.170 3.170 AAA
2.875 -1.2 -6.7 -3.0
 3.100 3.106 AAA
2.920 -1.5 -6.5 -4.5
 3.207 3.182 AAA
3.013 -2.2 -4.9 -4.4
 3.120 3.215 AAA
2.960 -2.3 -2.6 -1.8
 - -
KR Credit(%,bp) YTM 1D 1W 1M
 3.191 3.202 AAA
3.465 -1.2 -6.2 -1.4
 3.097 3.182 AAA
3.436 -1.2 -7.1 -4.0
 3.050 - AAA
6.834 -1.2 -7.0 -8.3
 3.177 3.221 AAA
KTB Futures(tick)
 1D 1W
KTBF 3Y 5.0 17.0
 (십억계약,%,년)
LKTBF 10Y 21.0 59.0
KR Stock(%) Index 1D 1W 1M
KOSPI 0.42 2.70 -4.71
KOSDAQ -0.47 -0.98 -10.14
FX Market(%) Price 1D 1W 1M
1,390.9 0.00 -1.12 1.14
900.0 -0.78 -0.18 -2.13
1D(bp) 1D(bp) 1D(bp)
1Y 3.105 -2.3 1Y 2.890 1.5
 27.0 -1.6
2Y 2.953 -2.3 2Y 2.765 0.5
 2.5 -1.1
3Y 2.898 -2.3 3Y 2.755 -0.5
 2.3 -1.1
5Y 2.875 -2.7 5Y 2.675 -2.5
 -4.5 -1.2
10Y 2.903 -2.8 10Y 2.705 -3.5
 -11.1 -0.6
US Bond Market
US Bond(%,bp) YTM 1D 1W 1M
UST2Y 4.293 0.8 0.3 25.9
UST5Y 4.273 0.9 -3.5 28.5
UST10Y 4.414 1.3 -4.0 21.6
UST30Y 4.605 2.1 -3.3 10.5
KR Credit Market
 (계약수)
Bond Yield(%, bp) Yield 1D 1W 1M 3M 1Y
3.211 -0.5 -0.5 3.2 -5.1 -77.9
3.134 -1.2 -5.9 -2.4 -0.7 -87.5
3.167 -1.5 -6.4 -4.6 1.6 -87
3.249 -0.1 -0.9 6.0 -7.5 -78.2 Fund Flow (십억원)
3.162 -1.2 -6.7 -3.2 -3.1 -94.8 YTD
3.226 -1.4 -6.4 -4.6 1.6 -100.1 31,286
3.348 -0.7 -1.2 5.5 -8.5 -85.1 39,966
3.373 -1.0 -5.8 -0.8 -4.4 -116.2 14,675
3.543 -1.5 -6.5 -4.7 0.6 -113.2 89,017
3.421 -1.0 -1.8 4.4 -8.4 -97.6 -11,626
3.465 -1.2 -6.2 -1.4 -6.6 -133 *는 T-2일 기준, 펀드는 설정액 및 ETF 제외 기준
3.651 -1.5 -6.5 -4.7 -0.9 -124.1 **는 T-4일 기준
4.132 -1.0 -1.8 -0.8 -25.1 -111.4
4.367 -1.2 -6.7 -5.1 -17.0 -124.3
 (십억원)
4.781 -1.5 -6.5 -4.7 -1.7 -104.9
4.849 -1.0 -1.8 -1.3 -25.6 -108.9
 AA+ 180
5.160 -1.2 -6.7 -5.1 -17.0 -120.3
 AA0 140
5.465 -1.5 -6.5 -4.7 -1.7 -103.4
 - 140
5.421 -1.0 -1.8 -0.8 -25.1 -107.9
 AA- 100
5.795 -1.2 -6.7 -4.6 -16.5 -116.8
 - 100
6.106 -1.5 -6.5 -4.7 -1.7 -102.6
 AA0 100
3.260 -0.3 0.2 3.8 -5.3 -88.5
 - 78
3.291 -1.2 -6.4 -4.1 1.5 -88.1 CJ ENM20-2 AA- 60
3.331 -1.5 -6.3 -5.2 3.5 -94
 AA0 60
3.281 -0.2 -0.2 3.9 -5.2 -94.5
 AA- 60
3.361 -1.2 -6.8 -3.6 2.0 -95.5
 - 60
3.411 -1.5 -6.6 -4.5 3.4 -103.9
 AA+ 50
3.307 -0.2 -0.2 4.3 -4.7 -96.1
 - 50
3.388 -1.2 -7.1 -4.0 0.9 -96.8
 AAA 45
3.470 -1.5 -6.7 -4.7 2.9 -104.3
 AAA 40
3.336 -0.2 -0.2 4.3 -4.7 -96.8
 AA0 40
3.436 -1.2 -7.1 -4.0 1.2 -98.5
 AA+ 40
3.573 -1.5 -6.6 -4.6 2.8 -105.1
 AA- 4016,157-3,496
-14,935
7,670
IRS(%) CRS(%) Spread(bp)
-1,810
3,335-809
-1,685-845
-1,092
800
8001,000
3,100
2,200
1,500
1,300
1,100
411
4000.000
7,000
5,000
6,600
12,000
0
3.040
3.025
3.050
2.950
0
4,047
118,543 64 -1,557 -2,6381M
202,343 -144 5,422 3,753
1D 1W
176,549 -21 -639
2025-10-23 3.351 3.4215,034
58,950 210 -857 -2,4901,705,610 -3,776 -2,787
3.646 3.57
2031-06-10 - 4.152026-04-28 3.599 4.3
2030-07-26 - 3.25
3.452 3.49
2025-01-20 3.417 3.52026-04-28 3.599 4.01
2029-09-10 - 3.84
3.496 3.52
2025-04-18 - 3.862026-04-29 3.578 3.56
2026-12-21 - 4.2
3.465 3.52025-07-25 3.593 3.56
2026-02-06 3.33 3.332024-12-18 3.388 3.36
2025-10-31 3.31 3.32▪
▪
▪
2,482.3
682.9106.0
117.0
2026-04-162025-04-082025-06-182025-02-25
MMF*
0
21 Nov. 2024
26-11-20 3.15 260 2.0            
 28-03-10 2.94 -180 3.3          
27-05-20 3.10 130 2.5            
 24-12-24 3.11 -65 0.1          
26-05-20 3.17 70 1.5            
 26-12-10 2.92 -60 2.1          
29-11-20 3.21 50 5.0            
 29-03-10 2.96 -60 4.3          
53-03-10 2.90 38 28.3          
 33-06-10 3.06 -50 8.6          
548 4.2            -415 3.4          
29-11-20 3.21 110 5.0            
 25-03-10 2.86 -50 0.3          
27-08-26 3.34 30 2.8            
 25-10-02 2.83 -40 0.9          
54-09-10 2.89 28 29.8          
 26-03-10 2.89 -40 1.3          
34-11-20 3.16 20 10.0          
 28-03-10 2.97 -30 3.3          
30-12-10 3.05 17 6.1            
 28-06-10 2.95 -30 3.6          
205 8.6            -190 1.6          
26-05-20 3.17 120 1.5            
 26-06-10 2.92 -180 1.6          
25-03-07 3.46 90 0.3            
 25-05-22 3.40 -70 0.5          
26-11-20 3.19 60 2.0            
 26-01-23 3.21 -70 1.2          
29-11-20 3.10 50 5.0            
 29-03-10 2.96 -68 4.3          
25-10-23 3.42 30 0.9            
 25-07-08 3.37 -40 0.6          
350 1.7            -428 1.7          
27-09-03 2.95 40 2.8            
 28-03-10 2.95 -243 3.3          
53-03-10 2.90 31 28.3          
 28-09-10 2.96 -104 3.8          
25-02-18 3.08 20 0.2            
 26-03-10 2.91 -72.0 1.3          
54-09-10 2.88 20 29.8          
 33-12-10 3.06 -21.1 9.1          
25-11-09 2.85 15 1.0            
 51-03-10 2.01 -20.0 26.3       
126 12.7          -461 4.4          
