0 0
0 0
0 0
0 0
0 0
KR Market
KR Bond(%,bp) YTM 1D 1W 1M
CD91D 3.610 1.0 1.0 4.0
3.391 -0.2 1.6 -5.5
 1.300 3.615 AAA
3.453 0.6 2.3 -6.4
 5.100 4.407 AA-
3.452 1.2 3.7 -7.3
 3.749 3.750 AAA
3.502 1.2 6.2 -8.3
 3.630 3.636 AAA
3.580 1.8 7.3 -7.0
 3.704 3.706 AAA
3.505 1.5 6.5 -5.7
 4.380 4.384 A+
KR Credit(%,bp) YTM 1D 1W 1M
 7.000 5.780 A+
3.994 1.0 2.3 -7.2
 4.130 4.350 A+
3.874 1.3 2.2 -11.3
 3.98 4.121 A+
7.588 1.2 2.0 -18.9
 2.500 3.678 AAA
KTB Futures(tick)
 1D 1W
KTBF 3Y -3 -16
 (십억계약,%,년)
LKTBF 10Y -12 -61
KR Stock(%) Index 1D 1W 1M
KOSPI 0.04 -1.90 -2.06
KOSDAQ 0.96 0.07 -3.33
FX Market(%) Price 1D 1W 1M
1384.5 0.37 1.10 0.18
880.56 0.17 0.98 -0.02
1D(bp) 1D(bp) 1D(bp)
1Y 3.548 0.25 1Y 3.52 2
 15.7 0.45
2Y 3.498 1.25 2Y 3.34 1
 4.5 0.65
3Y 3.468 1.50 3Y 3.33 1.5
 1.5 0.30
5Y 3.465 1.75 5Y 3.335 1.5
 -3.7 0.55
10Y 3.473 2.25 10Y 3.175 1.5
 -10.8 0.45
US Bond Market
US Bond(%,bp) YTM 1D 1W 1M
UST2Y 4.883 -5.2 -7.4 -8.5
UST5Y 4.512 -6.2 -2.2 -14.3
UST10Y 4.503 -4.8 3.3 -13.1
UST30Y 4.651 -3.3 7.6 -10.2
KR Credit Market
 (계약수)
Bond Yield(%, bp) Yield 1D 1W 1M 3M 1Y
3.591 -0.1 0.8 -4.8 -8.1 -21.8
3.610 1.2 3.2 -8.1 -3.3 -26.5
3.641 1.3 6.1 -7.6 -2.6 -24.2
3.626 -0.5 0.1 -6.9 -8.9 -24.2 Fund Flow (십억원)
3.706 1.0 2.3 -8.9 -6.6 -32 YTD
3.804 1.1 3.8 -12.5 -10.6 -29 37823
3.737 -0.5 0.0 -5.1 -2.5 -31.3 16452.7
3.868 1.0 2.5 -5.7 -6.8 -34.9 8730.4
4.114 0.7 4.4 -11.2 -10.5 -41.7 14228.5
3.795 -0.5 0.0 -6.6 -10.8 -37.8 2456.3
3.994 1.0 2.3 -7.2 -16.7 -43*는 T-2일 기준, 펀드는 설정액 및 ETF 제외 기준
4.258 0.2 3.7 -13.1 -15.8 -48.7 **는 T-4일 기준
4.751 -0.5 0.0 -7.6 -10.3 -30
5.091 1.0 2.0 -9.5 -7.9 -23.2
 (십억원)
5.402 0.7 4.2 -10.8 -2.8 -21.7
5.468 -0.5 0.5 -7.1 -9.3 -28
 AAA 273
5.876 1.0 2.5 -8.5 -5.2 -22
 AAA 222
6.086 0.7 4.7 -10.3 -1.8 -21.8
 A0 89
6.040 -0.5 0.5 -7.1 -9.3 -30
 AA- 80
6.501 1.0 2.5 -8.5 -5.2 -20.5
 AAA 77
6.727 0.7 4.7 -10.3 -1.8 -21.4
 AAA 60
3.671 -0.2 1.0 -4.1 -7.7 -27.1
 AAA 60
3.759 0.9 3.4 -8.3 -4.9 -31 SK311-1 AA+ 50
3.831 0.9 5.5 -10.7 -5.7 -37.3
 AA- 40
3.694 0.0 1.0 -3.5 -11.1 -34
 AAA 30
3.791 1.4 3.1 -9.3 -13.0 -39.4 SK284-2 AA+ 30
3.943 1.1 5.7 -11.7 -12.5 -40.5
 AA- 30
3.724 0.0 0.8 -3.8 -12.3 -35.2
 AAA 30
3.831 1.4 2.9 -9.8 -13.2 -39.6
 AA0 30
4.012 1.1 5.6 -11.5 -12.1 -40
 30
3.751 0.0 0.7 -4.5 -13.6 -36.7
 AAA 23
3.874 1.3 2.2 -11.3 -14.9 -41.1
 20
4.120 1.1 5.6 -11.5 -12.1 -40.2
 AAA 20-23339-1985
31302
2619
IRS(%) CRS(%) Spread(bp)
3511
-3452-235
-654-2411
-3410
1200
11001300
13750
3000
2133
2000
1717
900
8880.000
0
0
0
0
0
0.000
0.000
0.000
0.000
0
0
0
0
0
0
0
0
3330.6
112598.1 -677.4 -925.7 1365.11M
208880.5 -2217.5 1851.1 11743.3
1D 1W
153035.9 -184.3 -148.8
2027-05-31 - 3.759507.2
73031.7 478.4 818.4 2499.81630821.3 404.4 4577.5
3.878 3.74
2026-05-31 - 3.72026-05-31 - 3.7
2034-05-31 - 6.9
3.696 3.71
2027-05-28 3.916 3.892024-07-19 3.581 3.72
2025-01-24 3.626 3.63
3.7 3.7
2024-06-26 3.572 3.722026-06-19 3.639 3.62
2025-06-08 3.66 3.67
3.68 3.652027-05-31 - 3.75
2027-05-31 - 4.952024-06-10 3.638 3.75
2030-07-26 - 3.61▪
▪
▪
2636.52
839.98104.27
111.78
2026-11-202027-01-252027-05-282024-06-27
MMF*
0
0
3 June. 2024
26-06-10 3.45 140 2.0            
 25-09-10 3.39 -100 1.3          
26-04-02 3.44 125 1.8            
 27-04-23 3.63 -40 2.9          
28-09-10 3.50 80 4.3            
 25-03-10 3.38 -39 0.8          
29-05-31 3.62 86 5.0            
 24-07-08 3.59 -30 0.1          
33-12-10 3.58 64 9.5            
 24-07-12 3.53 -30 0.1          
495 3.8            -239 1.2          
54-03-10 3.43 163 29.8          
 25-09-10 3.39 -100 1.3          
27-05-31 3.75 133 3.0            
 24-12-10 3.37 -60 0.5          
26-05-31 3.70 112 2.0            
 27-04-23 3.63 -40 2.9          
44-05-31 4.53 50 20.0          
 25-03-10 3.38 -39 0.8          
26-05-31 3.70 47 2.0            
 24-07-08 3.59 -30 0.1          
505 13.0          -269 1.1          
24-08-27 3.54 100 0.2            
 26-06-10 3.45 -20 2.0          
26-03-31 3.76 50 1.8            
 28-09-10 3.50 -20 4.3          
33-12-10 3.58 45 9.5            
 27-05-28 3.89 -20 3.0          
27-06-10 3.43 40 3.0            
 24-10-27 3.64 -10 0.4          
26-12-10 3.45 38 2.5            
 24-12-09 3.62 -10 0.5          
273 2.8            -80 2.4          
28-03-10 3.50 125 3.8            
 25-09-10 3.39 -60 1.3          
26-03-10 3.45 57 1.8            
 25-03-10 3.39 -36 0.8          
29-03-10 3.49 46 4.8            
 25-03-10 3.37 -21 0.8          
26-06-10 3.45 40 2.0            
 24-09-10 3.39 -20.0 0.3          
28-12-10 3.51 33 4.5            
 40-09-10 3.45 -13.7 16.3       
301 3.4            -151 2.3          
