10y
91d
3y
0 0
0 0
KR Market
KR Bond(%,bp) YTM 1D 1W 1M
CD91D 3.600 0.0 0.0 0.0
3.329 -0.5 -4.1 -4.1
 4.270 5.779 AA-
3.230 -4.5 -12.0 -19.7
 3.440 3.545 AAA
3.150 -5.7 -14.5 -25.7
 3.400 3.513 AAA
3.180 -5.0 -13.5 -26.2
 3.370 3.390 AAA
3.225 -5.2 -14.5 -27.2
 3.315 3.390 AAA
3.195 -4.0 -11.7 -25.8
 3.575 3.583 AA+
KR Credit(%,bp) YTM 1D 1W 1M
 3.645 3.702 AA-
3.674 -5.7 -16.3 -29.2
 3.328 3.386 AAA
3.620 -4.4 -11.9 -22.7
 3.56 3.571 AA+
7.293 -5.5 -14.3 -29.0
 3.561 3.571 AA+
KTB Futures(tick)
 1D 1W
KTBF 3Y 17 50
 (십억계약,%,년)
LKTBF 10Y 47 121
KR Stock(%) Index 1D 1W 1M
KOSPI 1.21 2.54 2.01
KOSDAQ 0.26 -1.09 1.66
FX Market(%) Price 1D 1W 1M
1381.8 0.05 0.41 1.91
875.89 0.32 0.11 0.62
1D(bp) 1D(bp) 1D(bp)
1Y 3.395 -4.50 1Y 3.315 -1.5
 6.6 -4.00
2Y 3.250 -5.00 2Y 3.06 -3.5
 2.0 -0.50
3Y 3.168 -5.25 3Y 3.04 -3.5
 1.8 0.45
5Y 3.108 -6.00 5Y 3.015 -3.5
 -7.3 -1.00
10Y 3.110 -6.25 10Y 2.88 -1
 -11.5 -1.05
US Bond Market
US Bond(%,bp) YTM 1D 1W 1M
UST2Y 4.725 0 -3.7 -13.3
UST5Y 4.251 0 -7.3 -22.2
UST10Y 4.227 0 -9.3 -22.2
UST30Y 4.357 0 -12.1 -23.1
KR Credit Market
 (계약수)
Bond Yield(%, bp) Yield 1D 1W 1M 3M 1Y
3.513 -0.7 -4.0 -6.3 -5.4 -27.6
3.334 -5.6 -13.0 -24.5 -20.6 -65.3
3.342 -4.4 -11.3 -24.2 -21.6 -65.6
3.511 -1.5 -6.4 -11.2 -10.1 -35 Fund Flow (십억원)
3.409 -5.7 -14.5 -26.9 -24.3 -71.5 YTD
3.450 -5.0 -15.3 -31.9 -38.0 -75.5 32992.3
3.630 -1.0 -7.0 -10.5 -8.5 -41.2 17412
3.566 -5.7 -15.5 -26.9 -30.3 -76 11009.1
3.772 -5.0 -14.7 -30.8 -37.4 -82.5 15423.1
3.673 -1.0 -7.5 -12.5 -16.8 -47.5 1832.2
3.674 -5.7 -16.3 -29.2 -40.5 -83.7 *는 T-2일 기준, 펀드는 설정액 및 ETF 제외 기준
3.911 -5.0 -14.7 -32.2 -42.6 -90.2 **는 T-4일 기준
4.624 -1.5 -8.0 -13.0 -14.5 -41.2
4.766 -5.7 -15.8 -30.5 -32.8 -66.9
 (십억원)
5.055 -5.0 -14.7 -31.7 -31.3 -66.9
5.346 -1.5 -8.0 -12.0 -13.0 -39.7
 AA- 142
5.551 -5.7 -15.8 -30.0 -30.8 -65.2
 AAA 100
5.739 -5.0 -14.7 -31.2 -30.8 -66.5
 AA- 100
5.918 -1.5 -8.0 -12.0 -13.0 -40.7
 A+ 90
6.176 -5.7 -15.8 -30.0 -30.8 -63.7
 AA0 60
6.380 -5.0 -14.7 -31.2 -30.8 -66.1
 AAA 50
3.573 -0.9 -6.1 -8.2 -8.5 -36.4
 AA0 50
3.488 -4.6 -13.8 -22.9 -25.7 -68
 AAA 50
3.506 -4.6 -12.9 -28.0 -30.7 -80.7
 AAA 50
3.594 -0.8 -6.2 -8.5 -9.6 -43.9
 AA- 50
3.535 -4.4 -11.9 -22.0 -29.7 -75.2
 AA+ 40
3.596 -4.8 -13.5 -30.6 -38.8 -86.3
 AAA 40
3.615 -0.8 -6.3 -9.1 -11.6 -45.6 SK302-1 AA+ 40
3.576 -4.4 -11.6 -21.9 -29.8 -75.2
 AA0 40
3.664 -4.8 -13.6 -30.5 -38.4 -85.4 KT187-3 AAA 40
3.643 -0.9 -6.4 -9.3 -12.5 -46.8
 AA+ 40
3.620 -4.4 -11.9 -22.7 -31.5 -76.8
 40
3.775 -4.8 -13.7 -30.2 -38.1 -85.1
 A+ 39▪
▪
▪
2797.33
861.17105.29
114.96
2025-07-282027-05-232025-12-202025-04-25
MMF*
0
0
4.699 4.62025-05-27 3.491 3.54
2028-04-21 - 5.422027-06-12 3.498 3.49
2024-09-02 3.472 3.623.449 3.41
2025-02-22 3.564 3.562025-02-25 3.817 3.75
2026-02-19 3.482 3.463.503 3.46
2025-04-29 3.535 3.552024-09-06 3.524 3.45
2026-07-11 3.644 3.593.902 3.76
2026-06-29 3.489 3.472025-06-15 3.52 3.49
2026-06-04 3.604 3.57
2099-12-31 - 4.264791.2
72407.6 0 -401.1 1774.31632015.9 0 -955.9
1187
114876.8 148.5 271.9 1540.31M
204049.8 1102.5 2717.9 -4555.8
1D 1W
153995.2 384.2 1375.2
0
0
 0.000
27000
6200
13700
0
0
3.275
3.470
3.250
0.000
-
1000
8001100
4000
3500
2500
2500
1200
500
400
91276-7855
-49438
18936
IRS(%) CRS(%) Spread(bp)
-8545
-20542-299
-77-1173
-5805
20 June. 2024
24-08-22 3.55 297 0.2            
 26-12-10 3.19 -111 2.5          
24-09-19 3.53 110 0.3            
 54-03-10 3.16 -81 29.7       
25-04-19 3.50 100 0.8            
 25-10-02 3.29 -50 1.3          
27-06-18 3.32 90 3.0            
 25-09-10 3.32 -50 1.2          
27-06-19 3.37 80 3.0            
 27-05-03 3.41 -50 2.9          
677 1.0            -342 8.6          
27-06-19 3.37 110 3.0            
 33-12-10 3.27 -125 9.5          
34-06-10 3.24 95 10.0          
 54-03-10 3.12 -86 29.7       
25-09-10 3.33 50 1.2            
 33-06-10 3.28 -70 9.0          
26-06-19 3.58 40 2.0            
 43-09-10 3.21 -37 19.2       
27-06-10 3.18 31 3.0            
 32-12-10 3.29 -30 8.5          
326 4.6            -348 15.3       
24-08-22 3.55 1,059 0.2            
 26-12-10 3.20 -155 2.5          
27-06-10 3.18 99 3.0            
 33-12-10 3.28 -114 9.5          
27-03-03 3.26 83 2.7            
 24-10-29 3.67 -50 0.4          
24-12-29 3.56 80 0.5            
 25-02-28 3.65 -50 0.7          
25-04-19 3.50 80 0.8            
 26-04-02 3.24 -40 1.8          
1,401 0.6            -408 3.9          
24-08-22 3.56 235 0.2            
 24-09-03 3.38 -66 0.2          
27-03-10 3.21 105 2.7            
 28-03-10 3.22 -60 3.7          
26-09-10 3.23 100 2.2            
 25-09-10 3.33 -50 1.2          
30-06-10 3.24 50 6.0            
 31-12-10 3.28 -19.8 7.5          
54-03-10 3.13 34 29.7          
 52-03-10 3.30 -14.0 27.7       
524 3.5            -210 4.0          
