5y
20y
0 0
0 0
0 0
KR Market
KR Bond(%,bp) YTM 1D 1W 1M
CD91D 3.600 0.0 0.0 4.0
3.367 -0.3 1.5 -6.5
 3.550 3.394 AAA
3.418 -1.7 1.3 -7.9
 3.583 3.584 AAA
3.400 -1.5 2.3 -8.7
 3.460 3.587 AAA
3.420 -2.5 0.5 -14.0
 3.470 3.628 AAA
3.465 -2.0 0.0 -17.0
 3.670 3.632 AAA
3.415 0.3 2.0 -14.5
 3.680 3.689 AA+
KR Credit(%,bp) YTM 1D 1W 1M
 3.619 3.725 AAA
3.956 -1.5 2.5 -8.5
 3.630 3.786 AAA
3.836 -1.5 1.1 -13.1
 3.70 3.690 AA+
7.566 -2.2 -0.7 -21.7
 4.709 - A
KTB Futures(tick)
 1D 1W
KTBF 3Y 8 -5
 (십억계약,%,년)
LKTBF 10Y 16 -18
KR Stock(%) Index 1D 1W 1M
KOSPI -0.06 -1.13 3.77
KOSDAQ 0.10 -2.73 0.13
FX Market(%) Price 1D 1W 1M
1362.4 -0.04 1.29 -1.15
869.04 -0.24 -0.04 -2.37
1D(bp) 1D(bp) 1D(bp)
1Y 3.540 -1.50 1Y 3.505 -2
 17.3 -1.20
2Y 3.450 -2.00 2Y 3.275 -1.5
 3.2 -0.30
3Y 3.395 -1.50 3Y 3.26 -1.5
 -0.5 0.00
5Y 3.355 -1.25 5Y 3.215 -1.5
 -6.5 1.25
10Y 3.350 -1.25 10Y 3.06 -1.5
 -11.5 0.75
US Bond Market
US Bond(%,bp) YTM 1D 1W 1M
UST2Y 4.946 6.6 14 1.1
UST5Y 4.537 6.8 13.1 -9.8
UST10Y 4.481 5.4 10.2 -12.5
UST30Y 4.583 4.3 6.7 -14.7
KR Credit Market
 (계약수)
Bond Yield(%, bp) Yield 1D 1W 1M 3M 1Y
3.576 -0.4 2.2 -3.6 -7.5 -17.1
3.564 -2.0 1.4 -8.0 -6.9 -21.5
3.562 -2.5 0.5 -12.4 -10.4 -26.2
3.619 -0.5 0.1 -3.8 -6.5 -19.1 Fund Flow (십억원)
3.669 -1.5 1.9 -8.7 -9.5 -26.4 YTD
3.746 -2.5 0.0 -16.6 -17.7 -30.1 38932.9
3.732 -0.3 1.2 -1.3 1.0 -25.3 16648.1
3.828 -1.5 2.8 -6.5 -11.4 -30.3 9660.5
4.055 -2.3 0.2 -15.6 -17.4 -43.3 6508.4
3.795 -0.3 0.7 -2.1 -7.3 -32.3 453.4
3.956 -1.5 2.5 -8.5 -21.1 -38.2 *는 T-2일 기준, 펀드는 설정액 및 ETF 제외 기준
4.206 -2.5 -1.0 -16.8 -22.0 -49.6 **는 T-4일 기준
4.751 -0.3 1.2 -5.3 -8.3 -23.5
5.061 -1.5 2.0 -9.0 -11.2 -18.4
 (십억원)
5.345 -2.5 0.0 -14.0 -9.5 -23.1
5.463 -0.3 1.2 -5.3 -7.3 -20.5
 180
5.841 -1.5 2.0 -8.0 -9.0 -16.7
 AA- 130.0
6.024 -2.5 0.0 -14.0 -9.0 -23.7
 AA- 120
6.035 -0.3 1.2 -5.3 -7.3 -23.5
 AAA 110
6.466 -1.5 2.0 -8.0 -8.5 -15.2
 AAA 90
6.665 -2.5 0.0 -14.0 -9.0 -23.3
 AA- 60
3.655 -0.3 1.7 -4.1 -7.2 -22
 AAA 60
3.708 -1.7 2.1 -11.5 -10.6 -26.4
 AAA 50
3.754 -3.2 -0.9 -16.7 -15.2 -40.9
 AAA 50
3.678 -0.3 1.8 -3.3 -12.2 -29
 AAA 50
3.744 -1.5 1.3 -12.4 -18.4 -34.6
 AA- 50
3.866 -3.2 -1.0 -18.4 -22.1 -43.7
 AA0 40
3.709 -0.3 2.2 -3.8 -13.3 -30.1
 AA- 40
3.786 -1.5 1.5 -12.5 -18.4 -34.9 KT200-2 AAA 40
3.936 -3.1 -0.8 -17.8 -21.5 -43.4
 AA0 40
3.738 -0.3 1.9 -4.6 -14.4 -31.1
 A- 32
3.836 -1.5 1.1 -13.1 -19.3 -35.6
 30
4.044 -3.1 -0.8 -17.8 -21.5 -43.5
 AA0 20-27362212
17420
9277
IRS(%) CRS(%) Spread(bp)
-6166
-14770-136
736-3085
-452
1000
10001000
20000
1300
1000
1000
1000
1000
10000.000
23000
7000
0
0
0
3.420
3.425
0.000
0.000
0
0
0
0
5112.2
113528.2 234.5 809.4 5215.71M
209990.4 1973.3 4816.7 4077.2
1D 1W
153231.3 280.9 1743.9
2028-03-17 - 3.99-10286.9
71028.8 382.3 447.9 40.21623101.2 -2467 -1368.7
- 3.63
2029-05-23 - 3.632027-04-16 3.972 3.98
2024-06-07 4.291 4.38
3.707 3.59
2026-04-30 3.65 3.652025-04-25 3.619 3.64
2026-04-08 3.655 3.66
3.665 3.65
2026-03-14 3.748 3.72025-12-23 3.621 3.6
2025-01-27 3.729 3.71
3.843 3.762025-02-21 5.008 4.75
2024-12-27 - 5.72027-02-26 3.589 3.59
2030-04-26 3.853 3.76▪
▪
▪
2721.81
846.58104.49
112.78
2024-08-302027-04-082024-09-272027-05-23
MMF*
0
0
24 May. 2024
24-06-27 3.52 100 0.1            
 25-10-02 3.43 -30 1.4          
30-12-10 3.48 110 6.6            
 26-12-10 3.43 -30 2.6          
25-05-23 3.58 80 1.0            
 26-12-10 3.39 -20 2.6          
27-05-23 3.58 60 3.0            
 28-09-10 3.43 -20 4.3          
29-05-23 3.57 60 5.0            
 27-08-23 3.52 -20 3.3          
410 3.1            -120 2.7          
54-03-10 3.31 63 29.8          
 30-12-10 3.47 -160 6.6          
26-12-10 3.39 49 2.6            
 53-09-10 3.33 -20 29.3       
27-05-23 3.64 40 3.0            
 24-06-07 4.38 -20 0.0          
33-12-10 3.48 34 9.6            
 24-12-10 3.38 -20 0.6          
27-05-23 3.58 30 3.0            
 25-06-10 3.41 -20 1.0          
216 11.7          -240 6.9          
24-07-25 3.55 835 0.2            
 26-12-10 3.40 -137 2.6          
25-05-23 3.70 100 1.0            
 26-06-10 3.41 -70 2.0          
25-03-23 3.67 100 0.8            
 24-07-11 3.54 -50 0.1          
25-04-23 3.68 70 0.9            
 29-03-10 3.42 -42 4.8          
26-05-22 3.77 70 2.0            
 26-03-14 3.70 -20 1.8          
1,175 0.5            -319 2.3          
27-06-10 3.37 73 3.0            
 26-06-10 3.41 -3 2.0          
54-03-10 3.33 30 29.8          
 43-09-10 3.42 -1 19.3       
41-09-10 3.40 35 17.3          
 31-12-10 3.49 -1 7.6          
33-06-10 3.48 20 9.1            
 30-12-10 3.47 -0.2 6.6          
26-12-10 3.43 3 2.6            
 31-06-10 0.00 0.0 7.1          
161 11.9          -4 7.0          
