30y
91d
0 0
0 0
0 0
KR Market
KR Bond(%,bp) YTM 1D 1W 1M
CD91D 3.430 0.0 2.0 -9.0
2.843 0.0 0.5 2.1
 3.200 3.210 AAA
2.955 0.5 2.0 11.0
 3.400 3.207 AAA
2.932 -1.0 0.0 10.7
 3.150 3.158 AAA
2.992 -0.5 -2.3 9.6
 3.170 3.177 AAA
3.095 0.5 -3.2 10.0
 3.270 3.217 AAA
3.030 0.9 0.0 14.4
 3.260 3.194 AAA
KR Credit(%,bp) YTM 1D 1W 1M
 3.410 3.187 AAA
3.527 -1.0 1.7 9.5
 3.296 3.187 AAA
3.501 -1.5 -0.2 8.6
 3.250 3.356 AAA
6.919 -1.2 -0.2 6.9
 3.240 3.224 AAA
KTB Futures(tick)
 1D 1W
KTBF 3Y 3.0 3.0
 (십억계약,%,년)
LKTBF 10Y -3.0 18.0
KR Stock(%) Index 1D 1W 1M
KOSPI 1.83 -0.90 0.75
KOSDAQ 3.43 1.84 -1.94
FX Market(%) Price 1D 1W 1M
1370.9 -0.62 -1.02 2.79
904.1 0.22 0.05 -1.92
1D(bp) 1D(bp) 1D(bp)
1Y 3.135 1.000 1Y 2.835 -2.5
 29.2 1.0
2Y 3.010 0.250 2Y 2.735 -1.5
 5.5 -0.2
3Y 2.978 0.250 3Y 2.715 -1.5
 4.6 1.3
5Y 2.970 0.500 5Y 2.695 -1.5
 -2.2 1.0
10Y 3.003 0.500 10Y 2.75 -1.5
 -9.3 0.0
US Bond Market
US Bond(%,bp) YTM 1D 1W 1M
UST2Y 4.1 -6.9 -0.3 21.5
UST5Y 4.1 -9.5 1.3 32.6
UST10Y 4.3 -10.8 -0.7 30.8
UST30Y 4.5 -10.6 -5.6 22.3
KR Credit Market
 (계약수)
Bond Yield(%, bp) Yield 1D 1W 1M 3M 1Y
3.189 0.2 1.8 1.3 -5.5 -90.2
3.184 -1.0 0.2 8.4 3.9 -126.5
3.234 -0.5 -2.1 7.2 8.7 -122.5
3.237 0.4 2.6 4.8 -3.3 -89.7 Fund Flow (십억원)
3.224 -1.0 0.0 9.6 2.3 -125.7 YTD
3.300 -0.6 -1.8 8.7 8.2 -128.6 23098.3
3.339 0.5 2.8 4.8 -6.9 -99 39470.3
3.431 -1.0 1.7 10.3 5.2 -149.7 15530.2
3.615 -0.5 -2.5 8.5 9.3 -145.3 84650.8
3.418 0.5 2.8 3.8 -4.2 -109.4 -9623.2
3.527 -1.0 1.7 9.5 4.4 -165.8 *는 T-2일 기준, 펀드는 설정액 및 ETF 제외 기준
3.723 -0.5 -2.5 8.0 7.8 -155.2 **는 T-4일 기준
4.145 0.0 0.5 0.2 -25.3 -116.6
4.440 -1.0 0.0 6.4 -10.4 -151.5
 (십억원)
4.853 -0.5 -2.5 8.0 3.5 -134.8
4.862 0.0 0.5 -0.3 -25.8 -114.1
 AA- 230
5.233 -1.0 0.0 6.4 -10.4 -147.5
 AAA 71
5.537 -0.5 -2.5 8.0 3.5 -133.3
 A0 60
5.434 0.0 0.5 0.2 -25.3 -113.1
 AA0 44
5.868 -1.0 0.5 6.9 -9.9 -144
 AA- 40
6.178 -0.5 -2.5 8.0 3.5 -132.5
 AA- 30
3.239 0.6 2.4 2.2 -6.2 -100.6
 AA- 30
3.343 -1.0 -0.6 7.3 6.0 -119.3
 A0 30
3.399 -0.9 -3.2 8.2 10.9 -125.9
 - 30
3.261 0.3 1.9 2.2 -6.5 -105.9
 AAA 30
3.422 -1.5 -0.2 8.6 9.1 -126.2
 AA- 30
3.479 -0.9 -2.7 8.4 12.0 -135.1
 AAA 30
3.285 0.3 2.1 2.4 -6.1 -107.9
 AA0 30
3.453 -1.5 -0.2 8.6 8.6 -127.1
 AA- 30
3.540 -0.9 -2.7 8.4 11.6 -135.5 CJ ENM20-2 AA- 30
3.314 0.2 2.1 2.3 -6.2 -108.6
 AA0 30
3.501 -1.5 -0.2 8.6 9.2 -128.8
 - 30
3.643 -0.8 -2.6 8.3 11.6 -136.1
 AA0 20-89501576
-734
-649
IRS(%) CRS(%) Spread(bp)
297
9544-129
-135-944
-353
1800
10004000
2500
2500
1000
1000
3000
1800
30000.000
13000
7100
0
0
0
2.910
3.050
0.000
0.000
0
0
0
0
5182
119397.9 -894.2 -1290.5 363.91M
194155.8 475.3 -2953.4 15268.7
1D 1W
176053.5 188.0 635.6
2027-10-08 3.392 3.3913733.6
60952.2 -180.3 -46.6 -2325.11701243.6 4063.2 3272.3
- 4.19
2025-06-23 3.5 3.532025-10-29 3.141 3.16
2025-03-03 4.117 4.67
3.475 3.83
2029-09-10 - 1.192025-03-06 3.352 3.46
2027-07-23 3.398 3.41
3.306 3.32
2026-04-06 3.356 3.352025-04-25 3.43 3.47
2027-01-29 3.719 3.75
3.832 3.582026-11-04 - 3.5
2026-05-14 - 4.432025-08-06 3.327 3.38
2025-06-18 3.394 3.5▪
▪
▪
2588.97
754.08105.85
116.20
2031-05-132025-10-312025-01-272034-11-04
MMF*
0
0
5 Nov. 2024
25-06-04 3.31 140 0.6            
 54-09-10 2.91 -56 29.9       
27-05-04 3.15 100 2.5            
 26-04-02 3.00 -50 1.4          
25-02-04 3.07 100 0.3            
 26-01-29 3.22 -50 1.2          
29-11-04 3.29 90 5.0            
 26-08-20 3.20 -40 1.8          
26-05-04 3.20 70 1.5            
 26-07-08 3.21 -40 1.7          
500 1.8            -236 8.2          
54-09-10 2.94 458 29.9          
 29-09-10 3.00 -31 4.9          
27-11-04 3.26 190 3.0            
 26-10-02 2.96 -30 1.9          
26-11-04 3.27 150 2.0            
 27-03-10 3.00 -28 2.3          
34-06-10 3.10 66 9.6            
 25-02-19 4.07 -20 0.3          
26-04-02 3.00 50 1.4            
 31-05-13 3.58 -20 6.5          
914 16.7          -129 3.2          
25-11-04 3.40 250 1.0            
 26-07-02 3.00 -50 1.7          
25-11-04 3.41 180 1.0            
 26-12-10 2.98 -41 2.1          
26-11-04 3.24 110 2.0            
 29-03-10 3.04 -36 4.3          
26-05-04 3.20 110 1.5            
 27-03-03 3.01 -30 2.3          
29-11-04 3.29 100 5.0            
 25-09-05 3.37 -20 0.8          
750 1.8            -177 2.3          
25-02-04 3.07 360 0.3            
 29-12-10 3.07 -27 5.1          
54-09-10 2.91 142 29.9          
 33-06-10 3.11 -10 8.6          
25-06-10 2.93 100 0.6            
 31-06-10 3.11 -10.7 6.6          
25-06-10 2.92 50 0.6            
 51-03-10 2.01 -10.0 26.4       
28-03-10 3.00 35 3.3            
 33-12-10 3.12 -0.7 9.1          
687 6.6            -59 9.6          
