10Y
10Y
91d
0 0
0 0
KR Market
KR Bond(%,bp) YTM 1D 1W 1M
CD91D 3.440 0.0 1.0 5.0
2.851 -0.7 2.1 -3.4
 3.566 - AAA
2.960 -1.6 1.8 4.8
 3.180 3.190 AAA
2.915 -2.2 1.5 0.0
 3.180 3.190 AAA
2.965 -2.5 1.6 -2.0
 3.330 3.394 AAA
3.060 -2.0 2.5 -2.0
 5.800 - A0
2.999 -0.5 2.4 1.8
 3.380 3.232 AAA
KR Credit(%,bp) YTM 1D 1W 1M
 3.204 3.193 AAA
3.500 -2.2 1.0 1.1
 3.158 3.178 AAA
3.475 -2.6 0.7 -1.1
 3.130 3.232 AAA
6.874 -2.5 0.7 -5.3
 6.100 - A0
KTB Futures(tick)
 1D 1W
KTBF 3Y 9.0 -5.0
 (십억계약,%,년)
LKTBF 10Y 21.0 -38.0
KR Stock(%) Index 1D 1W 1M
KOSPI 2.16 -2.47 -4.81
KOSDAQ 0.60 -5.39 -8.45
FX Market(%) Price 1D 1W 1M
1,395.2 -0.26 0.04 1.86
901.5 0.17 -1.02 -1.29
1D(bp) 1D(bp) 1D(bp)
1Y 3.150 -2.0 1Y 2.895 -1.5
 29.9 -1.3
2Y 3.003 -2.5 2Y 2.775 -1
 4.3 -0.9
3Y 2.950 -2.5 3Y 2.765 -0.5
 3.5 -0.3
5Y 2.933 -2.5 5Y 2.710 -1.5
 -3.2 0.0
10Y 2.960 -2.5 10Y 2.750 -1.5
 -10.0 -0.5
US Bond Market
US Bond(%,bp) YTM 1D 1W 1M
UST2Y 4.306 -0.1 5.0 35.6
UST5Y 4.313 0.4 12.0 43.3
UST10Y 4.460 1.9 15.3 37.5
UST30Y 4.653 3.4 18.2 26.0
KR Credit Market
 (계약수)
Bond Yield(%, bp) Yield 1D 1W 1M 3M 1Y
3.227 -0.7 3.4 1.5 -3.9 -79.7
3.172 -2.1 2.0 -0.1 -0.4 -91.3
3.212 -2.3 1.6 -2.3 3.7 -89.8
3.260 -0.8 2.3 4.3 -6.5 -80.3 Fund Flow (십억원)
3.201 -2.1 1.3 -0.3 -2.8 -96.5 YTD
3.270 -2.5 1.8 -2.2 3.4 -101 30,624
3.365 -0.3 2.5 4.2 -7.3 -85.9 40,156
3.406 -2.0 1.2 1.5 -4.3 -119.4 14,585
3.588 -2.5 1.8 -2.4 2.6 -115 91,408
3.441 -0.3 2.2 3.4 -6.4 -98.1 -11,539
3.500 -2.2 1.0 1.1 -6.3 -136 *는 T-2일 기준, 펀드는 설정액 및 ETF 제외 기준
3.696 -2.5 1.8 -2.4 1.1 -125.9 **는 T-4일 기준
4.152 -0.3 1.7 -1.8 -23.1 -111.9
4.407 -2.2 0.7 -2.6 -16.2 -126.8
 (십억원)
4.826 -2.5 1.8 -2.4 0.3 -106.7
4.869 -0.3 1.7 -2.3 -23.6 -109.4
 AAA 410
5.200 -2.2 0.7 -2.6 -16.2 -122.8
 AAA 104
5.510 -2.5 1.8 -2.4 0.3 -105.2
 AAA 60
5.441 -0.3 1.7 -1.8 -23.1 -108.4
 AAA 50
5.835 -2.2 0.7 -2.1 -15.7 -119.3
 AA- 50
6.151 -2.5 1.8 -2.4 0.3 -104.4
 AA- 50
3.266 -0.7 2.7 0.4 -4.4 -91.8 SK307-1 AA+ 40
3.330 -2.3 1.7 -1.2 1.5 -89.9
 AA- 40
3.376 -2.5 2.0 -2.6 5.2 -96.1
 AAA 40
3.290 -0.3 2.7 1.3 -4.0 -97.1
 AA0 31
3.398 -2.7 0.8 -0.9 1.9 -97.2
 AA- 30
3.454 -2.8 1.6 -2.1 5.1 -106
 AAA 25
3.315 -0.4 2.8 1.5 -3.6 -98.8
 AA- 24
3.427 -2.6 0.7 -1.1 1.1 -98.3
 AAA 20
3.513 -2.9 1.4 -2.3 4.6 -106.3
 AA- 20
3.345 -0.3 2.9 1.6 -3.5 -99.5
 AA0 20
3.475 -2.6 0.7 -1.1 1.3 -100
 A0 10
3.616 -2.8 1.4 -2.2 4.5 -107.2
 A- 9-2,411-3,322
-5,894
6,202
IRS(%) CRS(%) Spread(bp)
-1,802
6,131-133
-731-202
1,808
1,300
1,3001,600
3,800
3,300
3,000
3,000
2,900
1,000
1,0000.000
7,000
5,000
6,600
0
0
3.040
3.025
3.050
0.000
 0
0
4,225
118,453 -280 -2,801 -2,5761M
201,682 881 3,372 3,616
1D 1W
176,739 -326 -583
2028-06-30 - 3.5727,194
59,036 96 -1,268 -2,0651,708,001 6,045 1,601
3.293 3.27
2025-01-17 3.631 3.652025-10-28 3.245 3.19
2025-04-29 3.368 3.48
3.324 3.32
2027-01-15 3.292 3.282027-03-15 3.601 3.56
2026-05-30 3.285 3.26
3.4 3.42
2099-12-31 4.005 3.972054-11-12 4.608 4.59
2027-09-27 3.624 3.59
6.338 6.392029-06-01 3.477 3.43
2026-09-16 4.252 4.322028-02-17 3.273 3.28
2029-01-24 3.395 3.35▪
▪
▪
2,469.1
689.6105.9
116.5
2026-04-302025-10-252026-05-252026-10-23
MMF*
0
0
19 Nov. 2024
26-11-18 3.18 250 2.0            
 27-09-10 2.98 -40 2.8          
26-03-10 2.91 200 1.3            
 27-03-03 2.99 -30 2.3          
27-12-10 2.99 70 3.1            
 26-07-02 2.97 -30 1.6          
25-02-18 3.08 60 0.3            
 26-11-11 3.23 -30 2.0          
26-09-10 2.96 60 1.8            
 34-12-10 3.04 -29 10.1       
640 1.7            -159 3.7          
28-06-30 3.57 230 3.6            
 26-03-10 2.91 -200 1.3          
27-11-18 3.20 70 3.0            
 27-12-10 2.99 -70 3.1          
54-09-10 2.92 40 29.8          
 54-03-10 2.94 -50 29.3       
30-12-10 3.13 30 6.1            
 28-03-10 3.02 -30 3.3          
44-09-10 3.00 12 19.8          
 31-12-10 3.09 -30 7.1          
382 6.9            -380 5.9          
25-11-18 3.38 140 1.0            
 25-03-10 2.96 -100 0.3          
26-11-18 3.18 50 2.0            
 27-06-10 2.92 -66 2.6          
43-09-10 3.01 38 18.8          
 25-11-16 3.27 -50 1.0          
26-07-02 2.97 30 1.6            
 54-03-10 2.94 -30 29.3       
26-12-10 2.95 29 2.1            
 25-03-06 3.43 -20 0.3          
287 3.7            -266 4.3          
25-02-18 3.07 320 0.3            
 27-03-10 2.98 -63 2.3          
25-06-10 2.98 100 0.6            
 24-12-24 3.25 -65 0.1          
29-03-10 3.00 84 4.3            
 27-06-10 2.97 -47.0 2.6          
29-12-10 3.06 90 5.1            
 28-03-10 3.01 -35.3 3.3          
28-12-10 3.01 38 4.1            
 26-12-10 2.96 -30.1 2.1          
631 1.8            -240 1.9          
