5Y
91d
0 0
0 0
0 0
KR Market
KR Bond(%,bp) YTM 1D 1W 1M
CD91D 3.390 0.0 1.0 -5.0
2.684 0.0 0.0 -13.9
 2.960 2.953
2.734 0.9 7.0 -14.7
 3.385 3.356 AAA
2.609 -0.3 5.8 -20.8
 3.385 3.353 AAA
2.757 -0.3 10.7 -12.0
 3.385 3.351 AAA
2.845 -1.5 13.3 -13.5
 3.390 3.347 AAA
2.768 -2.3 13.3 -14.2
 3.385 3.345 AAA
KR Credit(%,bp) YTM 1D 1W 1M
 3.381 3.342 AAA
3.351 0.3 7.0 -6.6
 3.347 3.308 AAA
3.286 0.4 7.2 -10.0
 3.314 3.273 AAA
6.632 -0.3 5.9 -14.4
 3.281 3.239 AAA
KTB Futures(tick)
 1D 1W
KTBF 3Y -2.0 -10.0
 (십억계약,%,년)
LKTBF 10Y 9.0 -78.0
KR Stock(%) Index 1D 1W 1M
KOSPI 1.57 -1.89 -2.37
KOSDAQ 1.64 -2.76 0.33
FX Market(%) Price 1D 1W 1M
1,452.0 0.04 1.18 3.58
925.9 0.22 -0.97 1.61
1D(bp) 1D(bp) 1D(bp)
1Y 2.848 0.8 1Y 2.690 -0.5
 16.4 0.8
2Y 2.720 0.0 2Y 2.580 -1
 -1.4 -0.9
3Y 2.675 0.0 3Y 2.570 -1
 6.6 0.3
5Y 2.680 -0.7 5Y 2.540 0
 -7.7 -0.5
10Y 2.725 -1.2 10Y 2.565 0
 -12.0 0.2
US Bond Market
US Bond(%,bp) YTM 1D 1W 1M
UST2Y 4.342 3.0 8.7 -3.7
UST5Y 4.416 3.7 15.6 11.9
UST10Y 4.554 2.8 15.2 14.9
UST30Y 4.744 2.1 14.3 15.5
KR Credit Market
 (계약수)
Bond Yield(%, bp) Yield 1D 1W 1M 3M 1Y
3.026 0.0 1.8 -17.8 -19.1 -70.5
2.939 -0.4 6.3 -14.7 -19.1 -65.9
3.053 -0.4 10.7 -7.6 -12.0 -51.9
3.037 0.5 3.0 -19.5 -19.8 -71.9 Fund Flow (십억원)
2.973 -0.3 6.4 -13.3 -18.6 -73.5 YTD
3.084 -0.3 10.8 -9.9 -14.5 -70.9 12,301
3.248 0.0 2.5 -9.3 -8.0 -64.6 38,481
3.259 0.3 7.0 -6.6 -10.5 -71.3 18,970
3.415 -0.3 11.4 -8.5 -13.0 -69.5 97,576
3.326 0.0 3.0 -8.8 -9.4 -72.9 -9,284
3.351 0.3 7.0 -6.6 -11.7 -82.1 *는 T-2일 기준, 펀드는 설정액 및 ETF 제외 기준
3.523 -0.3 11.4 -8.5 -13.5 -79.4 **는 T-4일 기준
3.999 -0.5 2.0 -12.3 -18.9 -91.7
4.213 -0.2 6.5 -9.6 -20.4 -87.9
 (십억원)
4.638 -0.3 11.4 -10.0 -15.0 -65.2
4.716 -0.5 2.0 -12.3 -19.4 -89.7
 AA0 60
5.006 -0.2 6.5 -9.6 -20.4 -84.4
 - 40
5.322 -0.3 11.4 -10.0 -15.0 -64.2
 AA0 30
5.288 -0.5 2.0 -12.3 -18.9 -88.7
 AA0 30
5.646 -0.2 6.5 -9.1 -19.4 -80.4
 AA0 30
5.963 -0.3 11.4 -10.0 -15.0 -63.4
 - 30
3.129 0.2 1.2 -12.1 -12.5 -72.6
 AA+ 30
3.120 -0.1 6.9 -12.0 -16.9 -63.8
 AAA 30
3.193 -0.3 11.2 -9.5 -13.6 -60.3
 - 29
3.165 0.4 2.0 -10.1 -11.1 -76
 AAA 20
3.210 0.4 7.1 -10.3 -14.5 -64.9
 - 20
3.291 -0.3 11.3 -7.7 -11.1 -67.9
 - 20
3.192 0.3 2.2 -10.0 -10.6 -77.4
 AAA 20
3.236 0.3 7.0 -10.3 -15.5 -66.3
 - 20
3.352 -0.3 11.4 -7.5 -11.4 -68.1
 AA0 20
3.221 0.3 2.1 -10.0 -10.6 -78.5
 - 15
3.286 0.4 7.2 -10.0 -15.3 -67.8
 - 15
3.456 -0.3 11.5 -7.4 -11.4 -68.8
 - 10▪
▪
▪
2,442.0
679.2106.8
117.5
2028-06-202026-02-252026-04-222025-12-12
MMF*
0
0
- 3.62029-04-26 - 5.04
2029-12-21 - 3.932029-09-10 - 3.59
2034-12-12 4.52 4.5- 8
2029-12-11 3.098 3.092025-03-30 3.503 3.47
2029-06-20 - 4.112.986 3.06
2029-12-20 - 5.122027-06-21 - 5.34
2028-02-20 3.097 3.143.191 3.22
2025-02-28 3.553 3.692028-12-20 - 3.69
2025-01-27 3.422 3.54
2027-01-22 3.21 3.21#N/A
61,292 340 -409 #N/A1,714,169 -638 -4,453
-1,207
122,838 -791 -1,610 3,7531M
183,359 -6,027 -6,892 -18,397
1D 1W
175,064 -591 -3,848
0
0
0
0
0.000
1,000
4,000
0
0
0
2.680
2.960
0.000
0.000
100
100100
4,000
50
50
50
50
50
100
-50,594-3,957
51,355
5,099
IRS(%) CRS(%) Spread(bp)
-1,389
-1,136495
756190
-17
24 Dec. 2024
25-03-25 3.00 110 0.3            
 25-07-05 3.34 -50 0.5          
26-12-10 2.70 82 2.0            
 27-03-10 2.73 -40 2.2          
25-08-02 3.24 80 0.6            
 25-10-01 3.13 -20 0.8          
26-07-02 2.75 60 1.5            
 26-01-16 2.98 -20 1.1          
26-12-23 2.90 50 2.0            
 26-10-02 2.72 -20 1.8          
382 1.1            -150 1.2          
54-09-10 2.69 50 29.7          
 25-12-15 2.97 -100 1.0          
29-09-10 2.75 23 4.7            
 25-06-10 2.64 -40 0.5          
27-06-10 2.69 21 2.5            
 25-12-10 2.67 -40 1.0          
25-02-10 3.56 20 0.1            
 27-12-10 2.69 -40 3.0          
25-06-23 3.29 20 0.5            
 31-06-10 2.95 -30 6.5          
134 12.4          -250 1.9          
25-06-23 3.29 210 0.5            
 26-12-10 2.73 -80 2.0          
26-12-23 2.90 170 2.0            
 25-08-02 3.23 -80 0.6          
27-06-23 4.06 100 2.5            
 26-09-10 2.72 -40 1.7          
27-02-19 3.37 50 2.2            
 26-10-02 2.73 -40 1.8          
54-09-10 2.70 35 29.7          
 27-06-10 2.69 -38 2.5          
565 3.3            -278 1.6          
54-09-10 2.70 21 29.7          
 33-06-10 2.98 -95 8.5          
26-09-10 2.72 20 1.7            
 26-06-10 2.76 -50 1.5          
25-03-25 2.98 20 0.3            
 26-06-10 2.76 -50 1.5          
28-03-10 2.79 17 3.2            
 29-12-10 2.85 -35 5.0          
25-06-10 2.81 15 0.5            
 26-03-10 2.71 -29 1.2          
93 7.9            -260 4.5          
