3y
91d
2y
1y
0 0
KR Market
KR Bond(%,bp) YTM 1D 1W 1M
CD91D 3.510 0.0 0.0 5.0
2.881 -2.4 -11.0 -16.3
 3.370 3.353 AA+
2.920 -3.7 -6.5 -7.7
 3.382 3.364 AA+
2.815 -6.0 -11.2 -13.0
 4.571 6.917 BBB+
2.847 -6.1 -14.3 -11.2
 4.100 6.303 BBB+
2.938 -6.9 -10.9 -6.4
 3.377 3.356 AA+
2.855 -6.9 -23.0 -13.5
 4.200 -
KR Credit(%,bp) YTM 1D 1W 1M
 - - '
3.478 -6.0 -12.2 -2.8
 - -
3.399 -4.8 -10.7 -2.7
 - -
6.849 -7.0 -13.0 -15.0
 - -
KTB Futures(tick)
 1D 1W
KTBF 3Y 13 16
 (십억계약,%,년)
LKTBF 10Y 61 81
KR Stock(%) Index 1D 1W 1M
KOSPI -0.40 -2.61 -4.01
KOSDAQ 0.46 -3.05 -8.19
FX Market(%) Price 1D 1W 1M
1339 -0.35 -0.24 -2.41
948.06 1.06 2.96 2.04
1D(bp) 1D(bp) 1D(bp)
1Y 3.140 -1.75 1Y 2.8 -3
 25.9 0.65
2Y 2.893 -3.75 2Y 2.59 -6
 -2.7 -0.05
3Y 2.805 -4.50 3Y 2.57 -5.5
 -1.0 1.50
5Y 2.748 -5.75 5Y 2.585 -4
 -9.9 0.35
10Y 2.775 -6.25 10Y 2.55 -3
 -16.3 0.65
US Bond Market
US Bond(%,bp) YTM 1D 1W 1M
UST2Y 3.644 4.6 -11.4 -37.5
UST5Y 3.445 2.1 -10.6 -30.3
UST10Y 3.654 0.9 -10.3 -25.1
UST30Y 3.967 0.3 -9.3 -23.5
KR Credit Market
 (계약수)
Bond Yield(%, bp) Yield 1D 1W 1M 3M 1Y
3.215 -1.8 -9.7 -2.9 -32.7 -67.5
3.085 -5.5 -10.9 -6.0 -36.9 -111.5
3.106 -5.6 -10.6 -4.8 -33.7 -113.2
3.246 -2.3 -9.9 -4.0 -31.6 -73.5 Fund Flow (십억원)
3.117 -5.6 -11.0 -9.1 -42.0 -121.9 YTD
3.164 -5.7 -10.5 -6.0 -41.8 -127.7 16164.4
3.378 -2.5 -8.2 -2.5 -30.2 -77.4 35347.5
3.364 -6.0 -12.2 -2.8 -33.9 -130.4 10110.3
3.510 -5.5 -10.0 -2.2 -39.4 -135 60734.7
3.470 -2.0 -7.7 1.0 -25.8 -86.2 -6685.9
3.478 -6.0 -12.2 -2.8 -33.6 -145 *는 T-2일 기준, 펀드는 설정액 및 ETF 제외 기준
3.628 -5.5 -10.0 -2.7 -41.5 -143.9 **는 T-4일 기준
4.238 -2.0 -9.7 -14.5 -44.6 -89.8
4.422 -6.0 -11.7 -13.5 -48.4 -130
 (십억원)
4.753 -5.5 -10.0 -7.0 -43.4 -125.5
4.960 -2.0 -9.7 -14.5 -44.6 -86.8
 AA+ 100
5.215 -6.0 -11.7 -13.5 -47.6 -126
 AAA 90
5.437 -5.5 -10.0 -7.0 -43.4 -124
 AA+ 70
5.527 -2.0 -9.7 -14.5 -45.1 -86.3 SBS14-1 AA0 60
5.845 -6.0 -11.7 -13.5 -47.1 -123
 AA0 40
6.078 -5.5 -10.0 -7.0 -43.4 -123.2
 A+ 33
3.249 -1.7 -7.7 -3.6 -36.9 -80.7
 BBB+ 31
3.240 -4.8 -9.9 -5.8 -37.3 -112.1
 AA0 31
3.264 -5.1 -10.0 -4.0 -35.8 -125.9
 AA0 30
3.272 -2.2 -8.1 -3.1 -36.9 -87.3
 AA0 30
3.315 -4.8 -10.7 -3.1 -32.6 -120.5
 AA+ 30
3.346 -5.6 -10.7 -2.3 -37.2 -135
 AA+ 30
3.293 -2.2 -8.1 -3.1 -37.1 -89.6
 AA- 30
3.352 -4.9 -10.7 -3.2 -32.8 -120.4
 AA- 30
3.410 -5.6 -10.7 -2.4 -37.7 -134.8
 AAA 30
3.322 -2.2 -8.1 -3.1 -37.1 -90.3 SK309-1 AA+ 30
3.399 -4.8 -10.7 -2.7 -32.7 -122 SK310-2 AA+ 30
3.515 -5.6 -10.6 -2.2 -38.3 -135.3
 AA0 302121611068
1290
5896
IRS(%) CRS(%) Spread(bp)
-14440
-19807-362
-1115-1974
-1794
100
100236
900
900
870
630
600
100
1000.000
16000
8000
8000
7000
0
2.875
3.150
2.935
2.890
0
2927.1
113978 206.2 -4332.9 -1468.71M
187221.9 -2621.5 -11222 -10283.1
1D 1W
171930.7 95.4 920.6
2026-09-10 3.312 3.3221012.5
63889.5 94.2 -943.8 -6018.91677327.5 9699.8 7115.7
3.407 3.46
2025-01-30 3.607 3.592027-08-27 3.294 3.28
2027-02-05 3.452 3.44
3.469 3.45
2026-03-09 3.515 3.472027-09-10 3.663 3.67
2026-09-11 - 4.1
3.432 3.4
2026-05-27 3.356 3.372027-06-12 3.273 3.26
2027-09-10 3.317 3.33
3.272 3.242026-12-11 3.303 3.31
2027-02-26 3.306 3.312027-01-29 3.469 3.48
2025-06-23 3.273 3.28▪
▪
▪
2513.37
709.42106.02
117.43
2027-01-262026-01-232025-09-012026-08-28
MMF*
0
12 Sep. 2024
25-07-02 2.91 330 0.8            
 28-03-10 2.91 -90 3.5          
54-03-10 2.88 141 29.5          
 29-03-10 2.92 -88 4.5          
25-09-09 2.89 130 1.0            
 26-07-02 2.93 -80 1.8          
25-09-10 2.91 126 1.0            
 27-03-03 2.93 -70 2.5          
28-09-10 2.92 100 4.0            
 27-06-10 2.83 -65 2.7          
827 6.1            -393 3.1          
27-09-10 3.38 120 3.0            
 24-12-06 3.28 -100 0.2          
28-09-11 3.37 90 4.0            
 54-03-10 2.90 -87 29.5       
29-09-11 3.38 90 5.0            
 34-06-10 2.97 -59 9.8          
54-09-10 2.90 38 30.0          
 26-06-10 2.98 -57 1.7          
29-09-10 2.87 22 5.0            
 24-12-10 2.84 -41 0.2          
360 6.7            -344 9.5          
24-09-19 3.66 50 0.0            
 54-03-10 2.88 -61 29.5       
25-07-02 2.87 40 0.8            
 27-06-10 2.84 -59 2.7          
27-08-27 3.28 40 3.0            
 29-03-10 2.91 -47 4.5          
27-08-23 3.15 30 2.9            
 28-03-10 2.90 -40 3.5          
27-09-10 3.33 30 3.0            
 33-06-10 3.01 -30 8.8          
190 1.7            -237 10.9       
25-09-09 2.89 440 1.0            
 25-09-10 2.89 -100 1.0          
28-09-10 2.90 215 4.0            
 34-06-10 2.98 -49 9.8          
54-09-10 2.87 107 30.0          
 25-06-10 3.00 -40.0 0.7          
26-06-10 2.97 67 1.7            
 54-03-10 2.89 -18.5 29.5       
31-12-10 2.98 50 7.2            
 25-06-10 3.00 -1.1 0.7          
879 5.7            -209 5.5          
