91d
0 0
0 0
0 0
0 0
KR Market
KR Bond(%,bp) YTM 1D 1W 1M
CD91D 3.500 0.0 -2.0 -10.0
3.148 -2.0 -7.9 -17.6
 3.350 3.343
3.040 -4.0 -7.5 -20.5
 3.250 3.228 AAA
2.972 -4.5 -9.7 -20.5
 3.560 3.362 AA+
2.986 -5.4 -9.9 -20.9
 3.374 3.351 AA+
3.042 -6.2 -10.1 -21.8
 4.020 3.669 AAA
3.025 -5.7 -7.0 -21.8
 3.346 3.333 AA+
KR Credit(%,bp) YTM 1D 1W 1M
 3.800 3.610 AA0
3.470 -3.5 -7.8 -21.0
 - -
3.430 -4.2 -9.2 -20.5
 - -
7.035 -4.6 -13.4 -26.9
 4.000 -
KTB Futures(tick)
 1D 1W
KTBF 3Y 14 33
 (십억계약,%,년)
LKTBF 10Y 60 127
KR Stock(%) Index 1D 1W 1M
KOSPI 1.23 0.07 -1.15
KOSDAQ 1.31 -0.24 -3.86
FX Market(%) Price 1D 1W 1M
1381.9 -0.28 -0.45 0.38
900.55 0.39 1.82 5.23
1D(bp) 1D(bp) 1D(bp)
1Y 3.223 -3.25 1Y 3.095 -3
 7.5 -1.25
2Y 3.033 -4.00 2Y 2.86 -3
 -0.7 0.00
3Y 2.948 -5.25 3Y 2.795 -3
 -2.5 -0.75
5Y 2.908 -5.50 5Y 2.8 -3
 -7.9 -0.10
10Y 2.945 -5.50 10Y 2.715 -3
 -9.7 0.70
US Bond Market
US Bond(%,bp) YTM 1D 1W 1M
UST2Y 4.4 1.5 -11.9 -36.4
UST5Y 4.077 -0.1 -9.7 -30.6
UST10Y 4.176 -1.9 -7.8 -22.5
UST30Y 4.425 -2.8 -4.8 -13.7
KR Credit Market
 (계약수)
Bond Yield(%, bp) Yield 1D 1W 1M 3M 1Y
3.296 -1.4 -6.1 -19.9 -34.3 -51.7
3.162 -3.6 -6.4 -20.1 -52.9 -83.8
3.160 -5.1 -8.6 -20.0 -55.7 -87.5
3.298 -1.0 -4.1 -19.3 -39.7 -54.9 Fund Flow (십억원)
3.228 -4.1 -9.1 -20.2 -56.7 -91 YTD
3.244 -4.8 -9.2 -20.6 -68.5 -98.7 35147.6
3.443 -2.0 -5.5 -17.3 -34.5 -69.9 29415
3.381 -3.5 -7.5 -20.1 -54.4 -105.7 13409.8
3.544 -5.3 -9.8 -22.8 -68.2 -107.9 34591.6
3.495 -2.0 -5.5 -17.6 -36.6 -82.7 -862.8
3.470 -3.5 -7.8 -21.0 -59.6 -120.8 *는 T-2일 기준, 펀드는 설정액 및 ETF 제외 기준
3.667 -5.3 -10.3 -23.6 -72.2 -115.1 **는 T-4일 기준
4.448 -2.0 -6.5 -16.6 -37.9 -64.3
4.551 -3.5 -8.8 -21.6 -63.5 -94.1
 (십억원)
4.840 -5.3 -9.8 -21.5 -67.0 -91.4
5.170 -2.0 -6.5 -16.6 -36.9 -61.8
 AAA 93
5.344 -3.5 -8.8 -21.6 -61.7 -90.1
 A- 76
5.524 -5.3 -9.8 -21.5 -66.5 -90.5
 A+ 60
5.737 -2.0 -6.5 -16.6 -37.4 -62.8
 60
5.974 -3.5 -8.8 -21.1 -61.2 -87.6
 AA+ 50
6.165 -5.3 -9.8 -21.5 -66.5 -89.6
 45
3.381 -2.1 -7.6 -17.9 -33.1 -61.1
 40
3.310 -4.2 -9.4 -19.6 -53.2 -86.5
 AA+ 30
3.323 -4.8 -8.9 -18.3 -61.5 -100.5
 30
3.400 -2.2 -8.1 -18.0 -32.9 -68.7
 AA+ 30
3.352 -4.2 -9.2 -20.0 -53.2 -96.9
 AA0 30
3.386 -4.8 -8.9 -21.1 -67.4 -110.5 E140-1 A+ 30
3.422 -2.2 -8.1 -17.9 -34.0 -70.5
 A+ 29
3.388 -4.2 -9.2 -20.5 -54.1 -97
 25
3.450 -4.9 -9.0 -21.2 -67.7 -110.2
 25
3.450 -2.2 -8.1 -17.6 -34.6 -71.5
 AA0 21
3.430 -4.2 -9.2 -20.5 -55.7 -99.2
 AA+ 20
3.554 -4.8 -9.1 -21.4 -68.1 -110.8
 2046934162
-8701
-1040
IRS(%) CRS(%) Spread(bp)
-5105
2383418
-3881193
1497
400
350500
5000
3000
1500
600
500
350
3100.000
5000
0
0
0
0
3.350
0.000
0.000
0.000
0
0
0
0
0
0
11646.6
117277.5 -28.3 -2282.4 -142.81M
206205.1 1631.5 -1893 18783.6
1D 1W
165998.2 317.1 3587.7
2025-01-14 3.368 3.335260.3
69712.6 -184.7 1636.8 -894.21651184.4 -21.1 642.6
- 4.8
2026-02-06 3.441 3.432026-01-29 - 6.77
2026-02-26 3.663 3.66
3.493 3.47
2024-12-20 4.01 4.32024-12-20 - 3.65
2029-12-20 - 4.92
3.5 3.5
2026-01-26 5.6 5.532026-10-13 3.263 3.28
2025-02-28 3.658 3.6
- 3.852025-02-14 3.375 3.35
2025-09-19 3.503 3.482026-12-21 - 3.76
2024-12-20 - 3.65▪
▪
▪
2765.53
807.99105.80
116.78
2028-11-032026-07-242025-02-122025-06-28
MMF*
0
0
30 Jul. 2024
24-10-29 3.37 220 0.3            
 26-04-02 3.09 -110 1.7          
26-01-29 3.24 190 1.5            
 26-12-10 3.00 -80 2.4          
27-01-29 3.14 70 2.5            
 26-03-10 3.06 -37 1.6          
25-06-28 4.80 60 0.9            
 26-09-10 3.03 -30 2.1          
27-07-29 3.25 60 3.0            
 26-02-26 3.65 -30 1.6          
600 1.3            -287 1.9          
26-07-02 3.04 90 1.9            
 34-06-10 3.07 -134 9.9          
54-03-10 2.94 80 29.6          
 24-09-10 3.21 -120 0.1          
29-03-10 3.00 63 4.6            
 33-12-10 3.07 -84 9.4          
34-07-28 3.20 40 10.0          
 25-05-23 3.40 -70 0.8          
27-06-10 2.98 39 2.9            
 31-12-10 3.08 -50 7.4          
312 10.7          -457 5.6          
34-06-10 3.05 72 9.9            
 25-06-10 3.16 -100 0.9          
34-07-28 3.20 70 10.0          
 54-03-10 2.94 -44 29.6       
43-09-10 3.03 61 19.1          
 26-12-10 3.02 -42 2.4          
24-08-22 3.41 40 0.1            
 33-12-10 3.06 -25 9.4          
24-12-20 4.30 30 0.4            
 27-03-05 3.37 -20 2.6          
273 9.5            -231 7.7          
24-10-29 3.37 180 0.3            
 27-03-10 3.02 -185 2.6          
26-12-10 3.01 100 2.4            
 28-12-10 3.03 -139 4.4          
26-06-10 3.04 100 1.9            
 31-12-10 3.07 -30.0 7.4          
27-12-10 3.01 100 3.4            
 30-06-10 0.90 -11.0 5.9          
31-12-10 3.07 31 7.4            
 34-06-10 3.05 -7.5 9.9          
511 2.0            -372 3.9          
