0 0
0 0
0 0
0 0
0 0
KR Market
KR Bond(%,bp) YTM 1D 1W 1M
CD91D 3.530 0.0 0.0 1.0
2.853 0.3 -1.4 -17.8
 3.090 3.212 AAA
2.878 1.3 -2.2 -11.2
 3.130 3.122 AAA
2.820 1.0 -1.7 -9.5
 3.200 3.197 AAA
2.890 1.2 2.0 -8.2
 3.110 3.017 AAA
2.997 -0.3 0.5 -5.3
 3.246 3.247 AAA
2.913 -1.2 0.1 -14.3
 3.081 3.141 AAA
KR Credit(%,bp) YTM 1D 1W 1M
 3.140 3.122 AAA
3.425 1.0 -3.5 -14.1
 3.149 3.146 AAA
3.408 1.3 -1.4 -5.7
 3.222 3.222 AAA
6.849 0.8 -1.8 -12.0
 3.186 3.223 AAA
KTB Futures(tick)
 1D 1W
KTBF 3Y -7 -2
 (십억계약,%,년)
LKTBF 10Y -11 -14
KR Stock(%) Index 1D 1W 1M
KOSPI -0.82 2.18 -1.49
KOSDAQ -0.60 3.50 1.57
FX Market(%) Price 1D 1W 1M
1318.6 -0.65 -0.79 -1.52
915.58 0.53 -1.22 -1.05
1D(bp) 1D(bp) 1D(bp)
1Y 3.080 1.500 1Y 2.75 2.5
 22.7 1.2
2Y 2.860 0.750 2Y 2.575 -1
 -1.8 -0.6
3Y 2.798 0.500 3Y 2.59 -2
 -2.3 -0.5
5Y 2.788 -0.250 5Y 2.625 -1
 -10.3 -1.5
10Y 2.828 0.000 10Y 2.665 1
 -17.0 0.3
US Bond Market
US Bond(%,bp) YTM 1D 1W 1M
UST2Y 3.561 -7 -3.6 -31.4
UST5Y 3.505 -6.4 0.4 -16.2
UST10Y 3.752 -4.7 0.9 -8.5
UST30Y 4.105 -2.9 1.9 -2.1
KR Credit Market
 (계약수)
Bond Yield(%, bp) Yield 1D 1W 1M 3M 1Y
3.205 0.3 -1.6 -9.0 -29.0 -76.9
3.092 1.1 -1.6 -6.9 -27.1 -117.1
3.154 1.3 1.9 -3.8 -20.6 -115.4
3.214 0.1 -2.4 -13.9 -27.7 -83.8 Fund Flow (십억원)
3.120 1.1 -1.7 -8.9 -31.0 -126.2 YTD
3.209 1.2 1.9 -4.0 -24.1 -128.2 14414
3.311 -0.3 -3.7 -15.7 -30.5 -88.3 35703.6
3.321 1.0 -2.5 -13.1 -26.1 -138.5 15746.2
3.520 0.5 0.5 -7.2 -25.2 -139.3 60540
3.400 -0.3 -4.0 -14.0 -27.1 -97.7 -8397.5
3.425 1.0 -3.5 -14.1 -25.5 -155.3 *는 T-2일 기준, 펀드는 설정액 및 ETF 제외 기준
3.633 0.5 0.0 -8.2 -27.0 -148.7 **는 T-4일 기준
4.163 -0.5 -4.5 -22.0 -45.1 -101.8
4.369 0.5 -3.5 -15.8 -39.8 -139.6
 (십억원)
4.763 1.0 0.5 -7.2 -29.2 -129.3
4.885 -0.5 -4.5 -22.0 -45.1 -98.8
 AAA 183
5.162 0.5 -3.5 -15.8 -39.8 -135.6
 AAA 138
5.447 1.0 0.5 -7.2 -29.2 -127.8
 AAA 120
5.452 -0.5 -4.5 -22.0 -45.1 -98.3
 AA- 80
5.792 0.5 -3.5 -15.8 -39.3 -132.6
 AAA 77
6.088 1.0 0.5 -7.2 -29.2 -127
 AA- 70
3.237 0.3 -1.6 -10.1 -32.3 -89.8
 A+ 60
3.263 1.6 -0.8 -4.0 -24.3 -113.2
 AAA 59
3.311 1.0 1.9 -2.5 -19.5 -125.7
 AAA 50
3.257 0.5 -1.8 -10.8 -32.3 -95.9
 AA- 41
3.327 1.5 -1.2 -5.4 -22.5 -122.3
 AAA 40
3.390 1.2 2.2 -3.2 -20.7 -134.2
 AA0 40
3.280 0.5 -1.7 -10.6 -32.1 -97.9
 - 40
3.360 1.3 -1.4 -5.9 -23.3 -122.7
 AA0 33
3.455 1.2 2.2 -3.1 -20.7 -134 SK311-1 AA+ 30
3.309 0.5 -1.7 -10.6 -31.7 -98.7 SK306-2 AA+ 30
3.408 1.3 -1.4 -5.7 -22.7 -124.2
 AA+ 30
3.559 1.2 2.2 -3.2 -20.9 -134.5
 AAA 30▪
▪
▪
2649.78
774.49106.30
117.21
2027-05-072026-11-202027-09-272027-09-27
MMF*
0
0
3.197 3.212028-02-27 3.288 3.33
2028-02-19 3.201 3.252025-01-22 3.431 3.43
2027-05-28 3.252 3.293.322 3.32
2025-12-15 - 3.72054-09-24 4.79 4.73
2028-01-11 3.166 3.21- 3.25
2027-09-27 - 3.252026-09-23 - 3.41
2025-04-25 3.501 3.56- 3.44
2026-09-27 - 3.222026-09-27 - 3.22
2024-11-04 3.448 3.59
2027-09-27 - 3.2511478.5
62177.9 746.9 642.4 -2474.51677132.8 4492.8 -7818.4
1522.4
119613.9 1564.9 2674.6 1395.81M
185471.5 -2095.3 -6014.8 -14810.7
1D 1W
172286.8 61.8 37.6
0
0
0
0
0
0
0
0
0.000
0
0
0
0
0
0.000
0.000
0.000
0.000
1500
12001600
3000
3000
2200
1880
1832
1078
1030
108141151
-22196
-1912
IRS(%) CRS(%) Spread(bp)
-785
14002-617
825-682
-3205
30 Sep. 2024
29-09-27 3.08 160 5.0            
 54-09-10 2.89 -242 30.0       
28-09-27 3.09 100 4.0            
 25-10-02 2.87 -60 1.0          
26-07-02 2.88 80 1.8            
 26-09-10 2.84 -50 1.9          
26-09-27 3.13 70 2.0            
 31-12-10 3.02 -50 7.2          
27-09-27 3.11 70 3.0            
 26-12-10 2.87 -40 2.2          
480 3.5            -442 17.8       
27-09-27 3.25 123 3.0            
 54-09-10 2.89 -242 30.0       
26-09-27 3.22 78 2.0            
 25-10-02 2.87 -60 1.0          
27-09-27 3.11 68 3.0            
 26-09-10 2.84 -50 1.9          
41-09-10 2.98 100 17.0          
 31-12-10 3.02 -50 7.2          
27-09-27 3.25 59 3.0            
 26-12-10 2.87 -40 2.2          
428 6.1            -442 17.8       
25-09-26 3.57 60 1.0            
 26-07-02 2.88 -50 1.8          
27-03-26 4.36 40 2.5            
 24-10-03 3.29 -50 0.0          
26-09-27 3.14 40 2.0            
 54-03-10 2.98 -43 29.5       
25-12-15 3.70 40 1.2            
 24-11-04 3.53 -30 0.1          
25-10-02 2.86 30 1.0            
 25-03-18 3.41 -30 0.5          
210 1.5            -203 6.7          
25-08-27 3.18 240 0.9            
 25-09-10 2.80 -393 0.9          
25-09-27 3.19 100 1.0            
 54-03-10 3.09 -86 29.5       
26-09-10 2.83 70 1.9            
 53-09-10 3.28 -20.0 29.0       
32-12-10 3.04 60 8.2            
 28-06-10 2.93 -21.0 3.7          
31-12-10 3.03 61 7.2            
 25-09-10 2.82 -17.3 0.9          
531 2.6            -537 6.7          
